Converting ICESat/GLAS binary freeboard vector data to ASCII
Wed Feb 12 09:58:10 2014

write_fb:
  file_in:       laser3k0116002.dat
  laser_period:  3k
  track:         0116
  cycle:         002
  file_out:      laser3k0116002.txt
  non_zero_only:        0
  nan_replace:       -999

read_fb:
  Year:                  2008
  Month:                   10
  Day:                     17
  Hour:                     3
  Minute:                  17
  Doy:                    291
  record_count:          1418
  non_zero_count:        1410
  nan_count:                0

    Latitude   Longitude   Freeboard   Thickness
   83.990716   50.457369    0.199149    0.796434
   83.991872   50.447487    0.147833    0.318970
   83.993028   50.437604    0.138472    0.298773
   83.994184   50.427723    0.185288    0.665271
   83.995340   50.417846    0.180903    0.623763
   83.996494   50.407980    0.375597    2.455060
   83.997649   50.398122    0.317430    1.907605
   83.999959   50.378397    0.333153    2.055005
   84.001116   50.368521    0.372059    2.420746
   84.002274   50.358631    0.391067    2.599309
   84.003433   50.348730    0.416085    2.834400
   84.004591   50.338815    0.380760    2.501832
   84.009215   50.299001    0.203144    0.829907
   84.010373   50.289022    0.479393    3.428411
   84.012692   50.269045    0.395931    2.642745
   84.015013   50.249049    0.288734    1.633784
   84.016172   50.239048    0.338116    2.098087
   84.017330   50.229045    0.391516    2.600181
   84.018487   50.219042    0.424932    2.914278
   84.020796   50.199045    0.370980    2.406211
   84.021948   50.189046    0.463446    3.275815
   84.024252   50.169038    0.393781    2.619943
   84.025404   50.159025    0.373105    2.425174
   84.026557   50.149011    0.351632    2.222914
   84.030011   50.118990    0.397000    2.648936
   84.031162   50.108990    0.410637    2.776971
   84.032313   50.098989    0.296844    1.706227
   84.035762   50.068979    0.342372    2.133747
   84.036911   50.058968    0.405809    2.730264
   84.038062   50.048945    0.340531    2.115921
   84.039214   50.038913    0.391927    2.599163
   84.040366   50.028878    0.374552    2.435455
   84.041518   50.018839    0.388911    2.570274
   84.042668   50.008807    0.329202    2.008312
   84.043818   49.998778    0.548474    4.070828
   84.044967   49.988743    0.476650    3.394897
   84.046116   49.978702    0.436534    3.017254
   84.047266   49.968647    0.460903    3.246240
   84.050718   49.938409    0.363294    2.327236
   84.051870   49.928307    0.327174    1.987180
   84.053022   49.918195    0.352508    2.225246
   84.054175   49.908074    0.383824    2.519592
   84.055327   49.897948    0.139412    0.300800
   84.059927   49.857416    0.388767    2.564804
   84.061076   49.847285    0.365056    2.341488
   84.062226   49.837155    0.339269    2.098643
   84.065673   49.806743    0.309931    1.821881
   84.066822   49.796591    0.396647    2.637392
   84.067970   49.786435    0.303278    1.758779
   84.069117   49.776278    0.214575    0.924069
   84.072546   49.745816    0.366951    2.356747
   84.073688   49.735664    0.367381    2.360534
   84.074831   49.725517    0.341294    2.114872
   84.078266   49.695083    0.080522    0.173738
   84.079409   49.684937    0.020183    0.043548
   84.081692   49.664638    0.343716    2.136118
   84.082834   49.654482    0.206968    0.849425
   84.083977   49.644323    0.198130    0.766027
   84.085122   49.634159    0.116524    0.251415
   84.088559   49.603584    0.126268    0.272440
   84.090851   49.583104    0.421694    2.867630
   84.091997   49.572850    0.351224    2.204437
   84.093142   49.562595    0.385889    2.530287
   84.094287   49.552338    0.229285    1.056803
   84.097721   49.521550    0.148407    0.320209
   84.101155   49.490750    0.124662    0.268975
   84.102297   49.480488    0.102620    0.221416
   84.103437   49.470228    0.152250    0.330051
   84.104575   49.459968    0.000000    0.000000
   84.105713   49.449706    0.198702    0.766523
   84.106849   49.439440    0.179397    0.584660
   84.107986   49.429171    0.109014    0.235212
   84.109122   49.418899    0.089219    0.192502
   84.110258   49.408625    0.224642    1.009526
   84.111396   49.398350    0.293403    1.656122
   84.112535   49.388074    0.594485    4.488246
   84.113674   49.377794    0.306093    1.774987
   84.114814   49.367510    0.327773    1.978684
   84.115952   49.357220    0.506038    3.655429
   84.117089   49.346923    0.356240    2.245965
   84.118227   49.336620    0.438344    3.018088
   84.119365   49.326311    0.294654    1.666092
   84.120504   49.315995    0.584675    4.394162
   84.121644   49.305673    0.383804    2.504246
   84.122785   49.295343    0.436297    2.997801
   84.123926   49.285009    0.403235    2.686524
   84.126205   49.264324    0.348442    2.170552
   84.127344   49.253975    0.365657    2.332240
   84.128483   49.243621    0.239323    1.143518
   84.129622   49.233266    0.290606    1.625693
   84.130762   49.222909    0.450976    3.134091
   84.131901   49.212545    0.546953    4.036725
   84.133041   49.202172    0.475674    3.365920
   84.134181   49.191781    0.345905    2.144875
   84.135322   49.181377    0.311881    1.824540
   84.136462   49.170966    0.269253    1.423266
   84.137602   49.160552    0.236154    1.111638
   84.138739   49.150143    0.313180    1.835987
   84.139875   49.139737    0.439936    3.028168
   84.141010   49.129332    0.350091    2.182704
   84.142143   49.118926    0.294149    1.656186
   84.143275   49.108519    0.401031    2.661401
   84.144406   49.098110    0.442463    3.050914
   84.145536   49.087699    0.449421    3.116116
   84.146666   49.077286    0.294585    1.659257
   84.147797   49.066868    0.377893    2.442714
   84.148928   49.056445    0.296813    1.679709
   84.150059   49.046023    0.337673    2.063835
   84.151189   49.035601    0.325287    1.947057
   84.153445   49.014781    0.312953    1.830517
   84.154574   49.004373    0.353242    2.209274
   84.155703   48.993962    0.345289    2.134193
   84.156835   48.983543    0.364040    2.310341
   84.157969   48.973117    0.436615    2.992819
   84.159105   48.962680    0.332324    2.011458
   84.160240   48.952232    0.342322    2.105256
   84.161375   48.941762    0.331356    2.001836
   84.162509   48.931273    0.334323    2.029494
   84.163642   48.920776    0.353827    2.212718
   84.164776   48.910273    0.357583    2.247792
   84.165911   48.899777    0.321515    1.908233
   84.167046   48.889285    0.355643    2.229022
   84.168182   48.878788    0.343514    2.114666
   84.171589   48.847252    0.290457    1.614766
   84.172724   48.836725    0.287835    1.589847
   84.173858   48.826194    0.262470    1.350965
   84.174990   48.815663    0.255190    1.282225
   84.185127   48.720913    0.274944    1.465745
   84.186251   48.710372    0.125191    0.270116
   84.191873   48.657649    0.300581    1.705383
   84.194125   48.636494    0.466581    3.266493
   84.195252   48.625902    0.330621    1.987214
   84.196378   48.615306    0.574850    4.284505
   84.197504   48.604710    0.740755    5.844965
   84.199753   48.583517    0.454128    3.148056
   84.200879   48.572917    0.410181    2.734380
   84.202006   48.562320    0.360622    2.267900
   84.203134   48.551722    0.447132    3.081469
   84.204262   48.541119    0.313145    1.820754
   84.205391   48.530507    0.474221    3.335794
   84.206518   48.519874    0.584298    4.371068
   84.207645   48.509225    0.615530    4.664624
   84.208771   48.498570    0.345026    2.119642
   84.209897   48.487910    0.411185    2.741763
   84.211022   48.477259    0.360592    2.265558
   84.212146   48.466612    0.414942    2.776599
   84.213270   48.455963    0.385375    2.498188
   84.214393   48.445310    0.595547    4.475092
   84.215517   48.434647    0.400750    2.642311
   84.216641   48.423974    0.461640    3.214870
   84.218888   48.402610    0.403223    2.664810
   84.220009   48.391917    0.370343    2.355235
   84.221130   48.381216    0.424263    2.862229
   84.222249   48.370515    0.228218    1.017710
   84.223368   48.359815    0.344799    2.114172
   84.225604   48.338441    0.295243    1.647462
   84.226722   48.327759    0.464516    3.239622
   84.227839   48.317078    0.336057    2.030907
   84.228957   48.306391    0.442165    3.028850
   84.230076   48.295699    0.373107    2.378950
   84.231195   48.285005    0.416787    2.789603
   84.232313   48.274308    0.329164    1.965055
   84.233431   48.263612    0.210857    0.851847
   84.234549   48.252914    0.302497    1.713679
   84.235668   48.242209    0.220404    0.941148
   84.236786   48.231498    0.215348    0.893329
   84.237906   48.220772    0.369197    2.340390
   84.239027   48.210035    0.289806    1.593280
   84.240148   48.199287    0.220485    0.940896
   84.242391   48.177756    0.624542    4.741491
   84.246877   48.134605    0.126874    0.273747
   84.247997   48.123823    0.184653    0.602035
   84.250237   48.102252    0.169315    0.457238
   84.251356   48.091457    0.300162    1.687901
   84.252474   48.080656    0.310131    1.781428
   84.253592   48.069852    0.270428    1.407681
   84.254708   48.059046    0.426957    2.879943
   84.255823   48.048243    0.317717    1.852035
   84.258049   48.026639    0.346838    2.125484
   84.259160   48.015837    0.326363    1.932614
   84.260270   48.005035    0.312607    1.802953
   84.265819   47.950948    0.140570    0.303299
   84.266930   47.940102    0.169717    0.457219
   84.268042   47.929248    0.158446    0.350942
   84.270268   47.907519    0.152265    0.328533
   84.271382   47.896646    0.330338    1.967220
   84.272495   47.885768    0.368101    2.322217
   84.273608   47.874888    0.401464    2.635820
   84.274720   47.864005    0.393338    2.559123
   84.275832   47.853118    0.412415    2.738338
   84.276944   47.842227    0.437306    2.972239
   84.278059   47.831328    0.306350    1.740036
   84.279175   47.820423    0.081199    0.175198
   84.280292   47.809516    0.036548    0.078858
   84.281408   47.798609    0.364196    2.283457
   84.282523   47.787710    0.312417    1.796103
   84.283637   47.776816    0.220576    0.931862
   84.284750   47.765922    0.334890    2.007001
   84.285863   47.755025    0.358546    2.229293
   84.288087   47.733208    0.373383    2.368356
   84.290309   47.711366    0.203420    0.768957
   84.291419   47.700434    0.301981    1.695898
   84.292529   47.689496    0.370222    2.337611
   84.293637   47.678551    0.429929    2.899037
   84.294745   47.667599    0.371744    2.351417
   84.296957   47.645667    0.386074    2.485723
   84.298062   47.634692    0.397712    2.594957
   84.299167   47.623712    0.389017    2.512902
   84.300272   47.612734    0.326998    1.929218
   84.301379   47.601756    0.495161    3.510928
   84.302485   47.590774    0.296053    1.637599
   84.303591   47.579789    0.425028    2.850662
   84.304695   47.568797    0.462787    3.205620
   84.305798   47.557800    0.361575    2.253233
   84.306901   47.546798    0.382147    2.446509
   84.308005   47.535793    0.423915    2.839177
   84.309111   47.524787    0.333337    1.986824
   84.310219   47.513777    0.377678    2.403701
   84.311327   47.502764    0.188279    0.621713
   84.312435   47.491745    0.297535    1.649267
   84.313543   47.480715    0.372768    2.356758
   84.314650   47.469678    0.427551    2.871860
   84.315757   47.458635    0.324559    1.902729
   84.316863   47.447588    0.272532    1.413037
   84.317969   47.436538    0.249842    1.199332
   84.319074   47.425484    0.306972    1.736525
   84.320179   47.414430    0.218607    0.904988
   84.321284   47.403377    0.487492    3.434233
   84.322389   47.392327    0.265530    1.345908
   84.323496   47.381280    0.141698    0.305733
   84.324602   47.370235    0.020477    0.044183
   84.327915   47.337124    0.295456    1.626168
   84.329017   47.326088    0.175738    0.499683
   84.330118   47.315042    0.264857    1.337800
   84.331217   47.303978    0.208704    0.809300
   84.332313   47.292895    0.338024    2.025608
   84.333409   47.281802    0.292533    1.597404
   84.334504   47.270699    0.293544    1.606661
   84.335602   47.259588    0.349130    2.129323
   84.336702   47.248471    0.269763    1.382439
   84.337802   47.237348    0.248300    1.180273
   84.338902   47.226219    0.224674    0.957757
   84.340002   47.215088    0.147751    0.318794
   84.356508   47.047480    0.486794    3.419551
   84.357606   47.036307    0.405576    2.655248
   84.358703   47.025134    0.215371    0.865674
   84.359801   47.013960    0.319176    1.841949
   84.360898   47.002783    0.250996    1.200303
   84.361994   46.991605    0.139534    0.301063
   84.363090   46.980422    0.173498    0.470744
   84.364185   46.969233    0.231532    1.016439
   84.387139   46.732623    0.197501    0.690975
   84.388232   46.721296    0.258629    1.265774
   84.389326   46.709969    0.304860    1.700426
   84.390420   46.698637    0.373662    2.347413
   84.391514   46.687301    0.217263    0.875860
   84.392607   46.675954    0.420867    2.790987
   84.393700   46.664599    0.310309    1.750672
   84.394793   46.653242    0.188162    0.601343
   84.395885   46.641883    0.224549    0.943387
   84.396975   46.630529    0.379634    2.402076
   84.398064   46.619180    0.206959    0.777409
   84.399152   46.607832    0.331883    1.952358
   84.400240   46.596484    0.297250    1.626300
   84.401328   46.585134    0.218086    0.881328
   84.402416   46.573782    0.221538    0.913544
   84.403504   46.562432    0.329977    1.933412
   84.404591   46.551083    0.277197    1.436646
   84.405678   46.539746    0.352044    2.140502
   84.406763   46.528415    0.198561    0.696385
   84.407847   46.517080    0.312510    1.768090
   84.408930   46.505738    0.387106    2.469584
   84.410012   46.494377    0.246088    1.142730
   84.411092   46.482999    0.394084    2.534729
   84.412173   46.471605    0.314093    1.781975
   84.413254   46.460198    0.263264    1.303557
   84.414338   46.448771    0.213731    0.837322
   84.415423   46.437327    0.292878    1.581633
   84.416509   46.425873    0.278295    1.444192
   84.417596   46.414409    0.316170    1.800246
   84.418684   46.402945    0.330391    1.933774
   84.419773   46.391478    0.281442    1.473043
   84.420861   46.380006    0.385350    2.450282
   84.421949   46.368529    0.267735    1.343589
   84.423036   46.357046    0.304031    1.684783
   84.424122   46.345558    0.261647    1.285810
   84.425208   46.334065    0.275195    1.413005
   84.426293   46.322568    0.301711    1.662195
   84.427380   46.311064    0.364163    2.249444
   84.428466   46.299554    0.259652    1.266021
   84.429552   46.288044    0.370180    2.305544
   84.430638   46.276537    0.316752    1.802672
   84.431721   46.265041    0.364538    2.251958
   84.432803   46.253555    0.331516    1.941063
   84.433884   46.242072    0.374471    2.344901
   84.434964   46.230592    0.304214    1.683715
   84.436043   46.219113    0.277210    1.429429
   84.437122   46.207634    0.339216    2.012485
   84.438201   46.196152    0.264475    1.309120
   84.439280   46.184666    0.196319    0.667703
   84.440358   46.173168    0.371811    2.318358
   84.441436   46.161661    0.166457    0.386275
   84.442514   46.150150    0.293287    1.579157
   84.443592   46.138636    0.319426    1.824798
   84.446823   46.104108    0.279584    1.449235
   84.447900   46.092585    0.464901    3.192328
   84.448978   46.081038    0.431745    2.880166
   84.450058   46.069470    0.297398    1.616060
   84.451137   46.057891    0.293224    1.576539
   84.452216   46.046302    0.192713    0.630750
   84.453294   46.034706    0.166704    0.385824
   84.454370   46.023105    0.251272    1.181130
   84.455446   46.011499    0.196267    0.663424
   84.456522   45.999892    0.508883    3.604050
   85.776646   21.335966    0.434685    2.531499
   85.777166   21.316016    0.532768    3.453984
   85.777686   21.296058    0.425310    2.442859
   85.778208   21.276097    0.358213    1.811438
   85.778731   21.256138    0.302285    1.285081
   85.779255   21.236185    0.412540    2.322060
   85.779779   21.216242    0.460694    2.774840
   85.780825   21.176410    0.052824    0.113975
   85.783422   21.077005    0.183387    0.395682
   85.783940   21.057101    0.158156    0.341244
   85.784456   21.037201    0.273926    1.015849
   85.784973   21.017325    0.445834    2.632823
   85.786004   20.977598    0.396882    2.171866
   85.786519   20.957724    0.387343    2.081914
   85.787032   20.937825    0.365718    1.878251
   85.787543   20.917903    0.449438    2.665617
   85.788053   20.897960    0.394630    2.149796
   85.788562   20.877998    0.299698    1.256519
   85.789070   20.858005    0.373525    1.950805
   85.789576   20.837989    0.553451    3.643214
   85.790081   20.817961    0.581195    3.903985
   85.790585   20.797924    0.525964    3.384184
   85.791089   20.777900    0.464878    2.809307
   85.792095   20.737857    0.469114    2.848712
   85.793102   20.697757    0.507517    3.209533
   85.793606   20.677672    0.436500    2.541231
   85.794111   20.657576    0.511835    3.249706
   85.794616   20.637476    0.546528    3.575854
   85.795119   20.617384    0.479416    2.944286
   85.795621   20.597295    0.474952    2.902070
   85.796625   20.557112    0.551936    3.625837
   85.797127   20.537012    0.515649    3.284257
   85.797630   20.516906    0.384490    2.050170
   85.798133   20.496798    0.514475    3.272762
   85.798636   20.476691    0.449915    2.665202
   85.799140   20.456587    0.535217    3.467447
   85.799643   20.436486    0.525986    3.380386
   85.800147   20.416389    0.583367    3.919962
   85.800650   20.396296    0.525024    3.370891
   85.801152   20.376207    0.559930    3.699041
   85.801654   20.356124    0.433394    2.508450
   85.802154   20.336047    0.506846    3.199218
   85.802653   20.315977    0.315690    1.400727
   85.803149   20.295922    0.306294    1.312113
   85.804138   20.255836    0.367916    1.891364
   85.804632   20.235792    0.422080    2.400687
   85.805125   20.215736    0.315863    1.401241
   85.805619   20.195668    0.473662    2.885494
   85.806112   20.175593    0.483055    2.973634
   85.806603   20.155510    0.419547    2.375967
   85.807582   20.115344    0.333261    1.563804
   85.808070   20.095238    0.424503    2.421930
   85.808556   20.075105    0.349035    1.711750
   85.809042   20.054915    0.331467    1.546267
   85.809527   20.034679    0.341773    1.642990
   85.810012   20.014416    0.412616    2.309216
   85.810497   19.994134    0.474511    2.891263
   85.810982   19.973846    0.285205    1.110175
   85.811468   19.953553    0.431168    2.483073
   85.811954   19.933255    0.370603    1.913089
   85.812440   19.912955    0.348479    1.704743
   85.812927   19.892662    0.460700    2.760222
   85.813414   19.872376    0.653900    4.577497
   85.813900   19.852086    0.433543    2.504297
   85.814872   19.811481    0.346109    1.681332
   85.815357   19.791156    0.386587    2.061902
   85.815841   19.770839    0.341538    1.637881
   85.816807   19.730278    0.346842    1.687341
   85.817289   19.710056    0.398250    2.170730
   85.817771   19.689850    0.389592    2.089058
   85.818252   19.669657    0.343642    1.656564
   85.818734   19.649469    0.427249    2.442872
   85.819216   19.629282    0.264527    0.911867
   85.819697   19.609093    0.354534    1.758373
   85.820177   19.588895    0.376036    1.960423
   85.820656   19.568675    0.094641    0.204202
   85.821134   19.548434    0.231472    0.600020
   85.821610   19.528186    0.403371    2.216908
   85.822085   19.507931    0.397349    2.160037
   85.822559   19.487687    0.424780    2.417871
   85.823030   19.467445    0.322588    1.456293
   85.823501   19.447191    0.392748    2.116096
   85.823972   19.426917    0.381307    2.008240
   85.824444   19.406600    0.252920    0.800238
   85.824917   19.386247    0.369200    1.893899
   85.825389   19.365873    0.381354    2.008019
   85.825861   19.345483    0.371593    1.915973
   85.826332   19.325088    0.325733    1.484326
   85.826801   19.304688    0.291404    1.161162
   85.827269   19.284278    0.301074    1.251908
   85.827736   19.263858    0.333973    1.561175
   85.828668   19.222990    0.328220    1.506615
   85.829134   19.202543    0.311560    1.349661
   85.829601   19.182088    0.328536    1.509139
   85.830538   19.141134    0.352102    1.730386
   85.831008   19.120658    0.396760    2.150277
   85.831477   19.100192    0.440081    2.557588
   85.831945   19.079765    0.354795    1.755050
   85.832880   19.038980    0.281546    1.065533
   85.833347   19.018600    0.189846    0.409619
   85.833812   18.998210    0.274549    0.999266
   85.834277   18.977812    0.210745    0.454711
   85.834741   18.957414    0.392604    2.109408
   85.835203   18.937016    0.297775    1.217095
   85.835664   18.916619    0.384161    2.029538
   85.836123   18.896223    0.337556    1.590884
   85.836582   18.875831    0.311632    1.346794
   85.837040   18.855445    0.332367    1.541633
   85.837499   18.835074    0.575418    3.827873
   85.837959   18.814714    0.360404    1.804944
   85.838417   18.794355    0.158217    0.341375
   85.838876   18.773991    0.150121    0.323906
   85.839331   18.753618    0.228062    0.559301
   85.839785   18.733230    0.332064    1.537457
   85.840238   18.712831    0.385288    2.037930
   85.841139   18.671980    0.333038    1.545957
   85.841588   18.651524    0.315078    1.376781
   85.842036   18.631048    0.210745    0.454712
   85.842485   18.610552    0.145016    0.312893
   85.842936   18.590035    0.318333    1.406735
   85.843388   18.569494    0.359300    1.791906
   85.843841   18.548931    0.255343    0.813720
   85.844294   18.528342    0.231704    0.591123
   85.844748   18.507710    0.154412    0.333164
   85.845200   18.487047    0.238182    0.651608
   85.845653   18.466372    0.303300    1.263971
   85.846104   18.445696    0.000000    0.000000
   85.846555   18.425043    0.135490    0.292339
   85.847451   18.383791    0.240780    0.674935
   85.847898   18.363178    0.261101    0.865879
   85.848345   18.342572    0.101316    0.218603
   85.848791   18.321972    0.189862    0.409652
   85.849236   18.301384    0.249207    0.753315
   85.849681   18.280808    0.159875    0.344952
   85.850128   18.260249    0.241732    0.682551
   85.850574   18.239707    0.335667    1.566013
   85.851021   18.219177    0.008223    0.017742
   85.851466   18.198659    0.293476    1.168658
   85.851909   18.178158    0.244695    0.709536
   85.852350   18.157666    0.319090    1.409177
   85.852789   18.137178    0.341952    1.624030
   85.853227   18.116688    0.278378    1.025742
   85.853663   18.096184    0.243676    0.699072
   85.854098   18.075668    0.401269    2.181376
   85.854533   18.055145    0.182029    0.392752
   85.855402   18.014099    0.253944    0.794782
   85.855838   17.993580    0.246979    0.729035
   85.856274   17.973049    0.220671    0.481322
   85.856710   17.952497    0.289279    1.126529
   85.857147   17.931911    0.268382    0.929725
   85.857585   17.911291    0.282912    1.066193
   85.858022   17.890644    0.295542    1.184791
   85.858458   17.869968    0.232944    0.595688
   85.858891   17.849255    0.000000    0.000000
   85.859750   17.807750    0.539907    3.482728
   85.860179   17.786972    0.349034    1.686901
   85.860608   17.766189    0.379583    1.974067
   85.861037   17.745399    0.197599    0.426347
   85.861467   17.724603    0.343522    1.634393
   85.861897   17.703798    0.170663    0.368229
   85.862329   17.682978    0.149213    0.321948
   85.862762   17.662150    0.279071    1.027417
   85.863195   17.641326    0.338032    1.581862
   85.863628   17.620514    0.334585    1.549212
   85.864057   17.599732    0.373879    1.918647
   85.864483   17.578979    0.372634    1.906719
   85.865333   17.537536    0.273311    0.971912
   85.866178   17.496186    0.329420    1.499308
   85.866600   17.475541    0.365447    1.838011
   85.867022   17.454910    0.335365    1.554802
   85.867444   17.434292    0.113360    0.244589
   85.867867   17.413687    0.577570    3.832872
   85.868289   17.393086    0.597577    4.020868
   85.868711   17.372487    0.314830    1.360753
   85.869132   17.351896    0.374689    1.923652
   85.869551   17.331301    0.396494    2.128562
   85.870386   17.290048    0.419525    2.344784
   85.870802   17.269352    0.415250    2.304348
   85.871217   17.248606    0.332876    1.529213
   85.871632   17.227826    0.372699    1.903625
   85.872048   17.207017    0.473906    2.855489
   85.872464   17.186182    0.364147    1.822732
   85.872882   17.165325    0.318281    1.391030
   85.873300   17.144447    0.337658    1.573100
   85.873718   17.123551    0.326798    1.470717
   85.874136   17.102646    0.397844    2.138852
   85.874553   17.081729    0.370583    1.882177
   85.874969   17.060799    0.365917    1.838067
   85.875385   17.039854    0.405725    2.212330
   85.875797   17.018879    0.191385    0.412939
   85.876208   16.997887    0.252359    0.769121
   85.876617   16.976894    0.362030    1.800614
   85.877026   16.955911    0.375579    1.927853
   85.877434   16.934960    0.462788    2.748038
   85.877843   16.914038    0.443649    2.567771
   85.878251   16.893138    0.477405    2.885110
   85.878659   16.872261    0.413441    2.283156
   85.879068   16.851419    0.519126    3.277153
   85.879476   16.830603    0.399930    2.155622
   85.879884   16.809800    0.457018    2.692448
   85.880291   16.789006    0.453684    2.660861
   85.881500   16.726561    0.470187    2.815462
   85.881901   16.705756    0.349611    1.680943
   85.882302   16.684986    0.454190    2.664531
   85.882704   16.664237    0.590597    3.947540
   85.883105   16.643488    0.575131    3.801835
   85.883506   16.622730    0.564568    3.702249
   85.884311   16.581110    0.408819    2.236631
   85.884713   16.560265    0.501245    3.105892
   85.885114   16.539404    0.343011    1.617115
   85.885514   16.518534    0.395148    2.107368
   85.885913   16.497650    0.500649    3.099630
   85.886311   16.476749    0.600249    4.036388
   85.886709   16.455826    0.272739    0.955168
   85.887105   16.434879    0.474785    2.855661
   85.887500   16.413907    0.446455    2.588939
   85.887894   16.392909    0.332654    1.518149
   85.888288   16.371888    0.450981    2.631077
   85.889079   16.329742    0.481146    2.914404
   85.889474   16.308641    0.405352    2.201167
   85.889869   16.287531    0.418044    2.320351
   85.890263   16.266430    0.431234    2.444205
   85.890656   16.245334    0.395375    2.106657
   85.891048   16.224241    0.404100    2.188512
   85.891440   16.203150    0.500654    3.096611
   85.891829   16.182056    0.485086    2.949933
   85.892217   16.160967    0.414641    2.287017
   85.892605   16.139885    0.597454    4.006576
   85.892991   16.118818    0.369410    1.861076
   85.893379   16.097770    0.602208    4.050863
   85.893767   16.076741    0.430668    2.436915
   85.894154   16.055736    0.469602    2.802961
   85.894541   16.034751    0.436713    2.493345
   85.894927   16.013808    0.461788    2.729012
   85.895313   15.992894    0.531075    3.380607
   85.895698   15.971993    0.425572    2.387883
   85.896082   15.951098    0.365715    1.824571
   85.896464   15.930191    0.387908    2.033130
   85.896846   15.909274    0.500537    3.092453
   85.897226   15.888352    0.380366    1.961747
   85.897606   15.867424    0.493581    3.026582
   85.897986   15.846498    0.563528    3.684380
   85.898364   15.825565    0.469299    2.797716
   85.898743   15.804618    0.398663    2.133003
   85.899121   15.783649    0.563430    3.682806
   85.899502   15.762644    0.372005    1.881791
   85.899883   15.741605    0.449242    2.608171
   85.900264   15.720535    0.389238    2.043468
   85.900645   15.699434    0.396360    2.110247
   85.901024   15.678293    0.166505    0.359257
   85.901401   15.657117    0.658717    4.577895
   85.901777   15.635918    0.370892    1.870010
   85.902153   15.614700    0.702439    4.988760
   85.902528   15.593471    0.653489    4.528051
   85.903276   15.550988    0.561620    3.663369
   85.903649   15.529741    0.409448    2.231624
   85.904021   15.508491    0.285194    1.062498
   85.904393   15.487246    0.312441    1.318603
   85.904764   15.466011    0.281372    1.026109
   85.905134   15.444790    0.361139    1.776285
   85.905874   15.402438    0.401807    2.158428
   85.906243   15.381296    0.324480    1.430762
   85.906610   15.360174    0.481755    2.910086
   85.906976   15.339076    0.335442    1.533455
   85.907341   15.317999    0.338447    1.561509
   85.907706   15.296930    0.447758    2.589610
   85.908069   15.275864    0.348899    1.659392
   85.908434   15.254785    0.377267    1.926043
   85.908799   15.233695    0.597826    4.000704
   85.909164   15.212604    0.381572    1.966106
   85.909529   15.191512    0.311492    1.306629
   85.909893   15.170432    0.219847    0.474350
   85.910256   15.149356    0.307491    1.268551
   85.910981   15.107180    0.337226    1.547844
   85.911343   15.086068    0.218276    0.470960
   85.911704   15.064935    0.241448    0.646394
   85.912065   15.043780    0.361230    1.773011
   85.912425   15.022600    0.363733    1.796338
   85.912785   15.001383    0.150622    0.324987
   85.913144   14.980132    0.219610    0.473838
   85.913503   14.958858    0.304246    1.236066
   85.913862   14.937564    0.296676    1.164636
   85.914221   14.916254    0.377974    1.929215
   85.914580   14.894930    0.319853    1.382236
   85.914938   14.873593    0.410818    2.237757
   85.915296   14.852247    0.362073    1.778978
   85.915653   14.830890    0.293286    1.131649
   85.916009   14.809528    0.607332    4.085765
   85.916364   14.788163    0.356749    1.728230
   85.916718   14.766800    0.327036    1.448488
   85.917069   14.745443    0.507478    3.145754
   85.917418   14.724094    0.270274    0.914074
   85.917766   14.702757    0.259697    0.814353
   85.918113   14.681438    0.355719    1.717448
   85.918461   14.660146    0.288996    1.089549
   85.918810   14.638882    0.321171    1.392008
   85.919157   14.617637    0.384228    1.984986
   85.919852   14.575206    0.214727    0.463304
   85.920198   14.554017    0.371077    1.860622
   85.920543   14.532842    0.173386    0.374104
   85.920888   14.511676    0.173547    0.374452
   85.921230   14.490523    0.337482    1.543936
   85.921572   14.469375    0.298771    1.179547
   83.531667  308.932569    0.586517    3.180694
   83.530448  308.924004    0.550902    2.845506
   83.518276  308.838898    0.721079    4.444978
   83.517058  308.830395    0.578839    3.106739
   83.515839  308.821893    0.390818    1.337818
   83.514622  308.813392    0.000000    0.000000
   83.513405  308.804892    0.749867    4.715230
   83.512188  308.796395    0.538971    2.731112
   83.509751  308.779415    0.484303    2.216550
   83.508530  308.770935    0.478797    2.164608
   83.507309  308.762455    0.686255    4.116096
   83.506087  308.753974    0.550654    2.840314
   83.504866  308.745484    0.593992    3.247859
   83.503644  308.736987    0.424053    1.649043
   83.502423  308.728489    0.366366    1.106216
   83.501201  308.719989    0.751481    4.728982
   83.498756  308.702990    0.839375    5.555550
   83.497533  308.694493    0.828354    5.451722
   83.496308  308.685999    1.330870   10.178916
   83.495080  308.677507    0.967891    6.764110
   83.493851  308.669021    0.653299    3.804491
   83.492621  308.660541    0.598351    3.287436
   83.491391  308.652070    0.681255    4.067194
   83.490162  308.643616    1.022583    7.278038
   83.488935  308.635174    0.300825    0.649072
   83.487709  308.626740    0.603408    3.334431
   83.486483  308.618311    0.362455    1.067561
   83.485259  308.609879    0.378438    1.217775
   83.484037  308.601447    0.384188    1.271728
   83.482814  308.593023    0.374435    1.179833
   83.481592  308.584608    0.590297    3.210379
   83.480370  308.576214    0.555627    2.884080
   83.479147  308.567836    0.352280    0.970984
   83.477925  308.559467    0.684653    4.097582
   83.476703  308.551106    0.461564    1.998770
   83.475483  308.542750    0.492065    2.285558
   83.474264  308.534398    0.313215    0.675803
   83.473045  308.526046    0.529277    2.635345
   83.471826  308.517692    0.439510    1.790726
   83.470606  308.509325    0.524998    2.594805
   83.469386  308.500950    0.415439    1.564005
   83.468164  308.492572    0.579864    3.110665
   83.466942  308.484193    0.575318    3.067750
   83.465719  308.475821    1.032005    7.363818
   83.464495  308.467453    1.120454    8.195748
   83.463269  308.459085    0.283701    0.612123
   83.462043  308.450713    0.550699    2.835581
   83.460815  308.442334    0.894387    6.068631
   83.459586  308.433949    0.379513    1.224888
   83.458356  308.425559    0.442150    1.813992
   83.457125  308.417166    0.403574    1.450955
   83.455894  308.408764    1.173988    8.698356
   83.454663  308.400358    0.828500    5.448092
   83.453432  308.391953    0.588209    3.187451
   83.452200  308.383550    0.524979    2.592479
   83.450969  308.375155    0.730106    4.522036
   83.449738  308.366768    0.547766    2.806557
   83.448508  308.358391    0.480419    2.172860
   83.447278  308.350028    0.443853    1.828730
   83.446048  308.341689    0.628943    3.569791
   83.444819  308.333370    0.855578    5.701680
   83.443590  308.325062    0.427822    1.677492
   83.442362  308.316763    0.804175    5.217822
   83.441135  308.308465    0.982293    6.893300
   83.439908  308.300170    0.593222    3.233034
   83.438682  308.291879    0.394727    1.365585
   83.437456  308.283594    0.685184    4.097868
   83.436232  308.275316    0.438726    1.779212
   83.435008  308.267044    0.437358    1.766201
   83.433785  308.258774    0.837569    5.530972
   83.432560  308.250505    0.622695    3.509445
   83.431334  308.242233    0.627271    3.552346
   83.430107  308.233959    0.455838    1.939473
   83.428878  308.225685    0.539393    2.725367
   83.427649  308.217410    0.602127    3.315384
   83.426420  308.209135    0.409584    1.503923
   83.423962  308.192586    0.685461    4.098904
   83.422732  308.184314    0.630850    3.585021
   83.421502  308.176051    0.661037    3.868859
   83.420272  308.167791    0.515331    2.498011
   83.419041  308.159529    0.424007    1.638746
   83.417810  308.151261    0.542231    2.750776
   83.416578  308.142970    0.367113    1.103241
   83.415346  308.134665    0.652769    3.790360
   83.414113  308.126361    0.755693    4.758464
   83.412880  308.118062    0.596738    3.262971
   83.411647  308.109789    0.642035    3.688960
   83.410413  308.101535    0.585145    3.153627
   83.409180  308.093288    0.617187    3.454919
   83.407946  308.085046    0.481012    2.173734
   83.406712  308.076797    0.943895    6.528083
   83.405478  308.068544    1.018577    7.230497
   83.404244  308.060293    0.595322    3.248651
   83.403009  308.052046    0.758546    4.784014
   83.401775  308.043803    0.434428    1.734788
   83.400540  308.035567    0.434395    1.734336
   83.399306  308.027341    0.357570    1.011469
   83.398071  308.019126    0.710536    4.331798
   83.396837  308.010936    0.339453    0.840755
   83.395603  308.002763    0.522582    2.563370
   83.394369  307.994599    1.114529    8.131869
   83.393135  307.986439    0.665710    3.909532
   83.391901  307.978271    0.613260    3.415977
   83.390667  307.970097    1.228610    9.204646
   83.389433  307.961924    0.816866    5.331083
   83.388200  307.953752    0.415516    1.555304
   83.386969  307.945582    0.395162    1.363684
   83.385740  307.937414    0.907690    6.185070
   83.384511  307.929249    0.385330    1.270916
   83.383282  307.921089    0.343095    0.873452
   83.382052  307.912940    0.393612    1.348543
   83.380821  307.904797    0.482300    2.182718
   83.379590  307.896653    0.566589    2.975511
   83.378357  307.888504    0.698139    4.212902
   83.377122  307.880338    0.688572    4.122763
   83.375886  307.872158    0.665852    3.908883
   83.374649  307.863974    0.534546    2.673504
   83.373410  307.855788    0.673255    3.978242
   83.372171  307.847607    0.736614    4.574142
   83.370932  307.839431    0.671513    3.961569
   83.369691  307.831257    0.562656    2.937370
   83.368451  307.823086    0.620719    3.483445
   83.367210  307.814917    0.376001    1.181162
   83.365969  307.806751    0.627610    3.547991
   83.364728  307.798590    0.737069    4.577566
   83.363486  307.790433    0.243147    0.524623
   83.362245  307.782281    0.570868    3.013766
   83.361004  307.774136    0.578736    3.087643
   83.359764  307.766000    0.613027    3.410090
   83.358523  307.757874    0.342292    0.863051
   83.357284  307.749768    0.565795    2.965477
   83.356045  307.741678    0.505064    2.394020
   83.354807  307.733595    0.409722    1.496957
   83.353569  307.725517    0.439591    1.777809
   83.352331  307.717433    0.542651    2.747188
   83.351093  307.709347    0.842338    5.566302
   83.349856  307.701265    1.124841    8.223754
   83.348619  307.693192    0.869487    5.821416
   83.347383  307.685139    1.070787    7.714974
   83.346147  307.677101    0.724306    4.455366
   83.344912  307.669068    0.602504    3.309392
   83.343676  307.661034    0.909382    6.196153
   83.342440  307.652993    0.855910    5.692981
   83.341203  307.644943    0.392059    1.329234
   83.339966  307.636887    1.416623   10.967517
   83.338729  307.628823    0.534478    2.668740
   83.337492  307.620741    0.389435    1.304126
   83.336254  307.612648    0.510233    2.440372
   83.335016  307.604553    0.749940    4.695238
   83.333779  307.596459    0.426505    1.652434
   83.332541  307.588381    0.701988    4.243850
   83.331303  307.580313    0.836259    5.506842
   83.330064  307.572248    0.675998    3.999069
   83.328824  307.564184    0.821371    5.366500
   83.327581  307.556108    0.486793    2.218871
   83.326336  307.548027    0.516831    2.501311
   83.325090  307.539948    0.271090    0.584913
   83.323843  307.531876    0.595965    3.245467
   83.322597  307.523822    0.256999    0.554511
   83.321351  307.515782    0.439431    1.772612
   83.320106  307.507750    0.623325    3.502423
   83.318861  307.499724    0.502083    2.361721
   83.317616  307.491699    0.632229    3.585904
   83.316371  307.483675    0.133349    0.287720
   83.315127  307.475659    0.702895    4.250394
   83.313883  307.467649    0.866502    5.789362
   83.312640  307.459650    0.512366    2.457746
   83.311398  307.451660    0.597879    3.262046
   83.310157  307.443679    0.506915    2.406176
   83.308916  307.435706    0.253809    0.547627
   83.307675  307.427746    0.499866    2.339584
   83.306435  307.419794    0.339852    0.834136
   83.305195  307.411846    0.442388    1.798589
   83.303956  307.403897    0.267485    0.577135
   83.302717  307.395940    0.762200    4.806880
   83.301479  307.387978    0.866019    5.783408
   83.300240  307.380012    0.304592    0.657199
   83.299001  307.372047    0.534323    2.662742
   83.297760  307.364087    0.630658    3.568860
   83.296518  307.356129    0.507917    2.414050
   83.295276  307.348168    0.619589    3.464447
   83.294033  307.340201    0.556355    2.869445
   83.292792  307.332220    0.409195    1.484917
   83.291550  307.324229    0.696186    4.184595
   83.290308  307.316232    0.377175    1.183412
   83.289064  307.308231    0.642896    3.683000
   83.287816  307.300225    0.457971    1.943204
   83.286566  307.292217    0.621990    3.486042
   83.285314  307.284214    0.591318    3.197356
   83.284063  307.276220    0.435847    1.734648
   83.282813  307.268248    0.028782    0.062101
   83.281564  307.260293    0.017555    0.037878
   83.280316  307.252347    0.000000    0.000000
   83.279068  307.244408    0.000758    0.001635
   83.277820  307.236466    0.040240    0.086824
   83.276572  307.228526    0.085185    0.183799
   83.275324  307.220593    0.779566    4.967133
   83.274076  307.212670    0.480591    2.154441
   83.272828  307.204766    0.583548    3.122850
   83.271581  307.196879    0.440464    1.776662
   83.270335  307.189000    0.469486    2.049540
   83.269088  307.181128    0.500523    2.341379
   83.267842  307.173259    0.698400    4.202736
   83.266597  307.165391    0.675985    3.991725
   83.265352  307.157525    0.585230    3.137821
   83.264107  307.149658    0.677885    4.009315
   83.262861  307.141784    0.665642    3.894007
   83.261616  307.133907    0.701610    4.232221
   83.260370  307.126030    0.544664    2.755646
   83.259124  307.118156    0.854631    5.671471
   83.257876  307.110294    0.708762    4.299095
   83.256627  307.102437    0.898673    6.085505
   83.255378  307.094580    0.713470    4.343103
   83.254130  307.086717    0.976740    6.819636
   83.252883  307.078833    0.835445    5.490292
   83.251638  307.070936    0.606457    3.335983
   83.250394  307.063036    0.801281    5.168620
   83.249148  307.055139    0.541471    2.724356
   83.247901  307.047257    0.624981    3.509829
   83.246653  307.039386    0.634082    3.595302
   83.245403  307.031521    0.527341    2.591022
   83.244154  307.023660    1.458828   11.353692
   83.242904  307.015798    0.510370    2.431083
   83.241655  307.007937    0.692214    4.141614
   83.240405  307.000077    0.986986    6.914501
   83.239156  306.992219    0.641639    3.665562
   83.237905  306.984356    0.972441    6.777384
   83.236655  306.976493    0.415795    1.540689
   83.235404  306.968638    0.482303    2.166211
   83.234153  306.960795    0.360053    1.016026
   83.232901  306.952983    0.828117    5.419130
   83.231648  306.945193    0.551714    2.818774
   83.230395  306.937412    0.585351    3.135062
   83.229142  306.929635    0.695574    4.171828
   83.227891  306.921847    0.519664    2.516850
   83.226642  306.914053    0.493664    2.272112
   83.225392  306.906258    0.382486    1.226090
   83.224143  306.898465    0.474932    2.095625
   83.222891  306.890677    0.383044    1.231057
   83.221639  306.882894    0.359098    1.005650
   83.220386  306.875116    0.523583    2.552879
   83.219134  306.867344    0.574061    3.027603
   83.217884  306.859588    0.546063    2.764074
   83.216634  306.851840    0.344236    0.865289
   83.215386  306.844095    0.677444    3.999749
   83.214137  306.836348    0.412907    1.511018
   83.212889  306.828588    0.359581    1.009226
   83.211640  306.820820    0.666156    3.893145
   83.210392  306.813045    0.680343    4.026462
   83.209142  306.805265    0.628688    3.540387
   83.207891  306.797478    0.680562    4.028245
   83.206638  306.789686    0.624121    3.497153
   83.205385  306.781892    0.535186    2.660368
   83.204131  306.774098    0.587935    3.156456
   83.202878  306.766308    0.618955    3.448138
   83.201624  306.758521    1.038952    7.399050
   83.200370  306.750737    0.522623    2.541631
   83.199116  306.742957    0.552564    2.823153
   83.197860  306.735181    0.261072    0.563299
   83.196603  306.727411    0.493128    2.263741
   83.195345  306.719646    0.572976    3.014759
   83.194088  306.711887    0.544254    2.744426
   83.192832  306.704133    0.387084    1.265729
   83.191577  306.696385    0.590014    3.174624
   83.190322  306.688645    0.627136    3.523704
   83.189068  306.680913    0.945260    6.516265
   83.187813  306.673188    0.655975    3.794725
   83.186559  306.665472    0.608734    3.350173
   83.185306  306.657768    0.706052    4.265540
   83.184052  306.650077    0.835983    5.487703
   83.182798  306.642412    0.503336    2.358243
   83.181544  306.634763    0.641840    3.661057
   83.180290  306.627124    0.469064    2.035557
   83.179037  306.619488    0.500583    2.331928
   83.177783  306.611848    0.599147    3.259020
   83.176530  306.604203    0.437918    1.742144
   83.175276  306.596553    0.540035    2.702654
   83.174023  306.588897    0.505348    2.376202
   83.172767  306.581226    0.391418    1.304281
   83.171511  306.573543    0.408081    1.460901
   83.170255  306.565857    0.625137    3.502684
   83.168998  306.558168    0.415495    1.530367
   83.167742  306.550483    0.527308    2.582096
   83.166485  306.542803    1.106331    8.029023
   83.165228  306.535123    0.732483    4.511967
   83.163971  306.527446    0.380269    1.198432
   83.162712  306.519773    0.706670    4.268862
   83.161453  306.512103    0.654434    3.777315
   83.160194  306.504432    0.451306    1.866286
   83.158935  306.496760    0.662883    3.856523
   83.157678  306.489077    0.706018    4.262169
   83.156422  306.481387    0.826536    5.395783
   83.155167  306.473698    0.627113    3.519608
   83.153911  306.466014    0.729435    4.482046
   83.152656  306.458344    0.302431    0.652536
   83.151401  306.450685    0.499550    2.319163
   83.150145  306.443033    0.458319    1.931149
   83.148889  306.435390    0.491914    2.247054
   83.147631  306.427753    0.507780    2.396176
   83.146372  306.420123    0.535647    2.658186
   83.145113  306.412500    0.983245    6.868752
   83.143853  306.404881    0.594842    3.214775
   83.142593  306.397268    0.555819    2.847535
   83.141333  306.389658    0.540950    2.707521
   83.140073  306.382053    0.388333    1.271661
   83.138814  306.374450    0.281139    0.606596
   83.137554  306.366845    0.542040    2.717355
   83.136296  306.359241    0.548958    2.782302
   83.135037  306.351642    0.778202    4.938734
   83.133778  306.344050    0.547003    2.763630
   83.132518  306.336476    0.559426    2.880358
   83.131257  306.328913    0.626382    3.510101
   83.129996  306.321352    0.627722    3.522571
   83.128734  306.313788    0.563009    2.913654
   83.127471  306.306206    0.502784    2.346961
   83.126208  306.298611    0.601898    3.279219
   83.124944  306.291010    0.466403    2.004433
   83.123681  306.283403    0.563037    2.913361
   83.122418  306.275792    0.606314    3.320348
   83.121155  306.268179    0.588135    3.149194
   83.119893  306.260566    0.522885    2.535221
   83.118631  306.252955    0.788475    5.033581
   83.117368  306.245347    0.405781    1.433309
   83.116105  306.237745    0.576063    3.035075
   83.114842  306.230150    0.872800    5.826434
   83.113579  306.222563    0.533753    2.636772
   83.112316  306.214993    0.647796    3.709471
   83.111053  306.207435    0.619847    3.446408
   83.109791  306.199884    0.752475    4.693950
   83.108529  306.192338    0.473925    2.073397
   83.107270  306.184789    0.872434    5.822171
   83.106012  306.177241    0.814885    5.280646
   83.104755  306.169697    0.895127    6.035372
   83.103497  306.162160    0.599628    3.255374
   83.102238  306.154635    0.479487    2.125033
   83.100978  306.147120    0.599075    3.249895
   83.099718  306.139612    0.624499    3.488933
   83.098457  306.132109    0.871044    5.808129
   83.097195  306.124610    0.393385    1.314490
   83.095934  306.117114    0.424382    1.605948
   83.094672  306.109622    0.494725    2.267554
   83.093409  306.102132    0.405810    1.430958
   83.092145  306.094650    0.646153    3.691810
   83.090881  306.087169    0.473389    2.066422
   83.089616  306.079687    0.739905    4.573495
   83.088350  306.072198    0.363399    1.031433
   83.087083  306.064688    0.504475    2.358449
   83.085814  306.057166    0.359781    0.997121
   83.084545  306.049639    0.470520    2.038746
   83.083276  306.042112    0.547131    2.759313
   83.082009  306.034593    0.180875    0.390263
   83.080741  306.027082    0.653306    3.757857
   83.079475  306.019576    0.361872    1.016102
   83.078208  306.012074    0.509186    2.401795
   83.076942  306.004581    0.254551    0.549229
   83.075676  305.997094    0.341479    0.823844
   83.074411  305.989610    1.034967    7.347582
   83.073146  305.982129    0.603843    3.291714
   83.071883  305.974645    0.483569    2.160122
   83.070620  305.967160    0.688514    4.087971
   83.069357  305.959678    0.563785    2.914465
   83.068095  305.952199    0.498387    2.299107
   83.066833  305.944727    0.602413    3.277572
   83.065570  305.937260    0.631059    3.546916
   83.064307  305.929799    0.406305    1.432442
   83.063044  305.922344    0.403250    1.403565
   83.061780  305.914893    0.440496    1.753814
   83.060515  305.907449    0.422035    1.580014
   83.059250  305.900013    0.628512    3.522271
   83.057984  305.892587    0.542671    2.714600
   83.056719  305.885181    0.573536    3.004816
   83.055453  305.877788    1.401688   10.795383
   83.054187  305.870399    0.908631    6.156897
   83.052921  305.863010    0.290487    0.626765
   83.051654  305.855605    0.366668    1.058192
   83.050386  305.848189    0.502155    2.332625
   83.049117  305.840772    0.627276    3.509547
   83.047849  305.833358    0.552937    2.810076
   83.046580  305.825955    0.444492    1.789760
   83.045311  305.818562    0.391720    1.293170
   83.044042  305.811171    0.438411    1.732279
   83.042772  305.803783    0.482375    2.145724
   83.041501  305.796395    0.275034    0.593422
   83.040230  305.789006    0.517951    2.480126
   83.038958  305.781613    0.529235    2.586133
   83.037685  305.774214    0.352622    0.924544
   83.036412  305.766797    0.544318    2.727751
   83.035139  305.759370    0.697393    4.167645
   83.033865  305.751938    0.436687    1.714956
   83.032592  305.744508    1.073492    7.705457
   83.031319  305.737086    0.497671    2.288378
   83.030048  305.729671    0.346456    0.865704
   83.028776  305.722262    0.551332    2.792910
   83.027506  305.714858    0.669080    3.900461
   83.026238  305.707460    0.507670    2.381891
   83.024971  305.700067    0.399070    1.360117
   83.023704  305.692680    0.023492    0.050688
   83.021172  305.677924    0.426054    1.613552
   83.019905  305.670556    0.302793    0.653317
   83.018639  305.663195    0.091932    0.198356
   83.014842  305.641153    0.602250    3.270397
   83.013577  305.633820    0.237405    0.512233
   83.012312  305.626492    0.429157    1.641785
   83.011045  305.619170    0.421626    1.570796
   83.009776  305.611854    0.589061    3.145776
   83.008507  305.604542    0.950168    6.542698
   83.007237  305.597234    0.620130    3.437785
   83.005968  305.589932    0.344638    0.846000
   83.003427  305.575333    0.181941    0.392563
   83.002156  305.568031    0.825537    5.369569
   83.000884  305.560723    0.303732    0.655343
   82.999612  305.553409    0.587859    3.133379
   82.998338  305.546088    0.390801    1.279444
   82.997062  305.538761    0.241575    0.521231
   82.995783  305.531418    0.508959    2.390723
   82.994500  305.524066    0.685115    4.047746
   82.993218  305.516712    0.493178    2.241990
   82.991935  305.509360    0.334314    0.747369
   82.990656  305.502022    1.068812    7.656912
   82.989380  305.494695    0.437047    1.713550
   82.988105  305.487373    0.672332    3.926817
   82.986831  305.480053    0.419747    1.550524
   82.985558  305.472727    0.715526    4.332882
   82.984286  305.465399    0.384568    1.219315
   82.983015  305.458078    0.474232    2.062681
   82.981745  305.450767    0.340537    0.804829
   82.980475  305.443480    0.541213    2.692529
   82.979205  305.436210    0.385606    1.228546
   82.977935  305.428950    0.480448    2.120616
   82.976666  305.421696    0.325370    0.702030
   82.975398  305.414442    0.319070    0.688436
   82.974130  305.407188    0.230413    0.497147
   82.972861  305.399935    0.346460    0.859610
   82.971593  305.392685    0.815909    5.275741
   82.969048  305.378182    0.516025    2.454365
   82.967774  305.370933    0.591122    3.160688
   82.966500  305.363687    0.651192    3.725656
   82.965227  305.356446    0.763500    4.782040
   82.963955  305.349209    0.600049    3.244267
   82.962682  305.341977    0.517772    2.470118
   82.961408  305.334749    0.607008    3.309457
   82.960133  305.327528    0.409185    1.448336
   82.958857  305.320313    0.601416    3.256586
   82.957580  305.313099    0.341176    0.808284
   82.956303  305.305884    0.569099    2.952295
   82.955024  305.298663    0.641104    3.629533
   82.953744  305.291436    0.632357    3.547113
   82.952464  305.284205    0.652821    3.739489
   82.951185  305.276969    0.567345    2.935258
   82.949907  305.269723    0.516788    2.459514
   82.948630  305.262471    0.348430    0.875578
   82.947354  305.255219    0.350140    0.891531
   82.946076  305.247969    0.390334    1.269512
   82.944796  305.240728    0.619415    3.424419
   82.943514  305.233496    1.002744    7.030387
   82.942231  305.226270    0.702947    4.209960
   82.940949  305.219048    0.730213    4.466329
   82.939669  305.211831    0.491968    2.224945
   82.938390  305.204618    0.639917    3.616616
   82.937113  305.197410    0.886455    5.935745
   82.935836  305.190205    0.465064    1.971438
   82.934562  305.183000    0.513952    2.431215
   82.933290  305.175797    0.405633    1.412085
   82.932018  305.168600    0.593425    3.178571
   82.930745  305.161411    0.339101    0.785924
   82.929471  305.154235    0.403511    1.391718
   82.928196  305.147070    0.398996    1.349114
   82.926921  305.139913    0.620415    3.431938
   82.925645  305.132763    0.729677    4.459671
   82.924369  305.125623    0.414010    1.489948
   82.923093  305.118488    0.551266    2.781026
   82.921817  305.111356    0.626813    3.491586
   82.920540  305.104224    0.362109    1.001299
   82.919264  305.097085    0.710776    4.281189
   82.917987  305.089941    0.568004    2.937950
   82.916710  305.082796    0.716061    4.330638
   82.915432  305.075649    0.548422    2.753466
   82.914153  305.068502    0.549574    2.764173
   82.912872  305.061355    0.622042    3.445768
   82.911591  305.054209    0.200918    0.433507
   82.910309  305.047064    0.213631    0.460938
   82.907744  305.032792    0.269366    0.581193
   82.906461  305.025656    0.180772    0.390041
   82.905177  305.018519    0.230003    0.496263
   82.903892  305.011370    0.246600    0.532074
   82.902607  305.004215    0.225618    0.486801
   82.901322  304.997059    0.232483    0.501613
   82.900037  304.989905    0.489377    2.196387
   82.898754  304.982763    0.438439    1.717065
   82.897471  304.975630    0.480357    2.111264
   82.896189  304.968498    0.351984    0.903485
   82.894908  304.961368    0.389711    1.258257
   82.893626  304.954228    0.547922    2.746475
   82.892345  304.947084    0.389982    1.260542
   82.891065  304.939946    0.496765    2.264952
   82.889784  304.932815    0.319695    0.689785
   82.888503  304.925707    0.302835    0.653408
   82.887222  304.918616    1.160118    8.504932
   82.885942  304.911534    0.825061    5.352809
   82.884662  304.904459    0.856245    5.646032
   82.883383  304.897383    1.367851   10.458743
   82.882105  304.890307    0.357196    0.951042
   82.880828  304.883237    0.725551    4.416146
   82.879552  304.876172    0.500281    2.296821
   82.878276  304.869114    0.418513    1.527468
   82.877001  304.862062    0.754428    4.687401
   82.875726  304.855015    0.526004    2.538401
   82.874450  304.847973    0.446780    1.792985
   82.873171  304.840939    0.527516    2.552359
   82.871891  304.833910    0.766735    4.802636
   82.870609  304.826881    0.439851    1.727396
   82.869326  304.819849    0.812195    5.230028
   82.868044  304.812807    0.566954    2.922830
   82.866761  304.805757    0.447253    1.796632
   82.865477  304.798700    0.534094    2.613439
   82.864193  304.791634    0.335309    0.743268
   82.862907  304.784555    0.740607    4.555906
   82.861619  304.777465    0.405886    1.406940
   82.860331  304.770371    0.487173    2.171496
   82.859042  304.763277    0.395098    1.305182
   82.857752  304.756187    0.744530    4.592271
   82.856462  304.749103    0.394604    1.300263
   82.853883  304.734948    0.304482    0.656961
   82.852596  304.727878    0.618469    3.405834
   82.851309  304.720813    0.700706    4.179331
   82.850024  304.713756    0.483788    2.138574
   82.848739  304.706709    0.615072    3.373471
   82.847454  304.699679    0.630718    3.520526
   82.846170  304.692663    0.430037    1.632521
   82.844887  304.685655    0.604894    3.277320
   82.843605  304.678654    0.385102    1.209529
   82.842325  304.671654    0.419967    1.537390
   82.841047  304.664656    0.450618    1.825599
   82.839769  304.657664    0.610734    3.331733
   82.838491  304.650680    0.596635    3.198961
   82.837213  304.643709    0.619951    3.418170
   82.835934  304.636748    0.334670    0.734304
   82.834655  304.629794    0.472807    2.033667
   82.833376  304.622846    0.566279    2.912855
   82.832096  304.615905    0.592544    3.159806
   82.830816  304.608968    0.450593    1.824296
   82.829536  304.602028    0.716025    4.321174
   82.828254  304.595082    0.472411    2.029278
   82.826972  304.588114    0.596739    3.198738
   82.825688  304.581131    0.387023    1.225736
   82.824403  304.574140    0.441438    1.737507
   82.823117  304.567143    0.357826    0.950805
   82.821828  304.560144    0.553858    2.794810
   82.820538  304.553144    0.701912    4.187473
   82.819246  304.546145    0.326670    0.704836
   82.817953  304.539147    0.708341    4.247680
   82.816660  304.532159    0.543859    2.700207
   82.815368  304.525177    0.596877    3.198834
   82.814075  304.518197    0.373636    1.098597
   82.812782  304.511220    0.902245    6.071265
   82.811489  304.504239    0.742434    4.567728
   82.810196  304.497257    0.505268    2.336498
   82.808904  304.490277    0.534643    2.612706
   82.807612  304.483302    0.591017    3.142895
   82.806323  304.476332    0.673734    3.920915
   82.805034  304.469369    1.027019    7.244248
   82.803747  304.462414    0.803863    5.144808
   82.802459  304.455470    0.775362    4.876560
   82.801172  304.448548    0.668770    3.873675
   82.799885  304.441642    1.195625    8.829845
   82.798598  304.434741    0.627590    3.486021
   82.797312  304.427842    0.822388    5.318417
   82.796025  304.420929    0.553124    2.785226
   82.794738  304.414009    0.931502    6.344623
   82.793452  304.407088    0.653352    3.727834
   82.792166  304.400172    0.669007    3.874970
   82.790882  304.393266    0.735991    4.504978
   82.789598  304.386370    0.714520    4.302866
   82.788314  304.379482    0.607466    3.295640
   82.787030  304.372602    0.780465    4.922961
   82.785744  304.365740    0.260760    0.562625
   82.784457  304.358888    0.427496    1.602197
   82.783170  304.352036    0.957902    6.591777
   82.781882  304.345180    0.941286    6.435328
   82.780592  304.338296    0.668827    3.872076
   82.779302  304.331395    0.867132    5.737467
   82.778012  304.324489    0.672491    3.906281
   82.776721  304.317583    0.683549    4.010173
   82.775430  304.310692    0.618344    3.396632
   82.774140  304.303810    0.365845    1.021155
   82.772849  304.296931    0.371911    1.078089
   82.771557  304.290050    0.713993    4.296038
   82.770262  304.283162    0.466565    1.968267
   82.768966  304.276267    0.471426    2.013863
   82.767668  304.269372    0.678153    3.958472
   82.766370  304.262478    0.905950    6.101303
   82.765073  304.255589    0.668796    3.870184
   82.763776  304.248703    0.548699    2.740259
   82.762480  304.241821    0.843049    5.509175
   82.761185  304.234941    0.626624    3.473056
   82.759892  304.228063    0.458279    1.889245
   82.758602  304.221188    0.981591    6.812086
   82.757313  304.214320    0.110045    0.237437
   82.756024  304.207459    0.184733    0.398586
   82.754733  304.200610    0.343280    0.806882
   82.750860  304.180125    0.301398    0.650307
   82.749572  304.173321    0.688863    4.057364
   82.748285  304.166527    0.399375    1.333914
   82.746999  304.159739    0.632653    3.528305
   82.745714  304.152952    0.581227    3.044392
   82.744431  304.146160    0.644328    3.637877
   82.743147  304.139364    0.571938    2.956742
   82.741864  304.132569    0.647055    3.663266
   82.740579  304.125774    0.874077    5.798810
   82.739292  304.118985    0.651811    3.707739
   82.738003  304.112198    0.724704    4.393332
   82.736712  304.105410    0.488738    2.173390
   82.735421  304.098620    0.399562    1.334347
   82.734128  304.091822    0.391573    1.259057
   82.732833  304.085018    0.927714    6.302586
   82.731538  304.078208    0.786707    4.975950
   82.730242  304.071394    0.518399    2.451759
   82.728946  304.064569    0.383653    1.184022
   82.727649  304.057739    0.567753    2.915783
   82.726351  304.050908    0.720356    4.351231
   82.725053  304.044080    0.686218    4.029953
   82.723753  304.037264    0.740473    4.540221
   82.722453  304.030457    0.413497    1.464113
   82.721154  304.023657    0.413811    1.466939
   82.719854  304.016861    0.692892    4.092208
   82.718555  304.010069    0.272505    0.587966
   82.717258  304.003281    0.193039    0.416507
   82.715961  303.996498    0.252694    0.545222
   82.714665  303.989719    0.584647    3.073392
   82.713371  303.982945    0.656048    3.744951
   82.712077  303.976175    0.516987    2.436630
   82.710783  303.969409    0.436505    1.679373
   82.709491  303.962649    0.553623    2.781010
   82.708199  303.955893    0.653390    3.719423
   82.706907  303.949143    0.526887    2.529239
   82.705615  303.942398    0.408142    1.412029
   82.704324  303.935659    0.584613    3.072022
   82.703035  303.928926    0.335636    0.729686
   82.701746  303.922199    0.732815    4.465948
   82.699167  303.908761    0.591659    3.137788
   82.697876  303.902055    0.447895    1.785215
   82.696583  303.895354    0.328298    0.708348
   82.693994  303.881953    0.141255    0.304777
   82.691404  303.868525    0.119195    0.257180
   82.690107  303.861801    0.379872    1.144519
   82.688810  303.855072    0.573085    2.962008
   82.687510  303.848332    0.406807    1.397644
   82.686209  303.841586    0.757849    4.699882
   82.684907  303.834837    0.531927    2.574430
   82.683604  303.828088    0.785916    4.963654
   82.682302  303.821345    0.532794    2.582319
   82.679697  303.807869    0.598348    3.198748
   82.678396  303.801136    0.526136    2.519289
   82.677094  303.794402    0.564333    2.878490
   82.675794  303.787671    0.253430    0.546809
   82.674494  303.780946    0.696647    4.122956
   82.673194  303.774228    0.754657    4.668541
   82.671893  303.767522    0.808196    5.172072
   82.670593  303.760826    1.311899    9.910448
   82.669293  303.754140    0.686825    4.030030
   82.667994  303.747464    0.779533    4.902039
   82.665401  303.734149    0.349457    0.855905
   82.664107  303.727503    0.633102    3.524117
   82.662814  303.720861    0.572804    2.956742
   82.661521  303.714215    0.325976    0.703338
   82.660230  303.707569    0.569012    2.920811
   82.658938  303.700924    0.618285    3.384209
   82.657647  303.694281    0.884385    5.887372
   82.656354  303.687644    0.688403    4.043574
   82.655062  303.681009    0.715567    4.298985
   82.653768  303.674375    0.857901    5.637841
   82.652473  303.667740    0.967280    6.666673
   82.651175  303.661100    0.926237    6.280440
   82.649876  303.654456    0.733889    4.470825
   82.648576  303.647810    0.414378    1.464944
   82.647274  303.641162    0.502919    2.297754
   82.645970  303.634512    0.436302    1.670934
   82.644665  303.627860    0.502896    2.297267
   82.643360  303.621205    0.523817    2.493956
   82.642054  303.614548    0.618823    3.387573
   82.640749  303.607886    0.332814    0.718092
   82.639444  303.601221    0.659286    3.767958
   82.638139  303.594556    0.646089    3.643680
   82.636835  303.587893    0.613361    3.335669
   82.635532  303.581235    1.149719    8.381242
   82.634229  303.574582    0.619969    3.397570
   82.632926  303.567933    0.505337    2.319053
   82.631623  303.561292    0.576151    2.985095
   82.630319  303.554661    0.212198    0.457845
   82.629014  303.548039    0.798435    5.075934
   82.627710  303.541424    0.539348    2.638491
   82.626407  303.534814    0.455970    1.853990
   82.625106  303.528208    0.445128    1.751869
   82.623807  303.521606    0.458633    1.878778
   82.622509  303.515009    0.379547    1.134660
   82.621211  303.508415    0.300871    0.649170
   82.619911  303.501824    0.627418    3.466208
   82.618610  303.495236    0.972149    6.709077
   82.617310  303.488653    0.845901    5.521292
   82.616011  303.482074    0.746083    4.582142
   82.614714  303.475504    0.646716    3.647233
   82.613418  303.468939    0.704763    4.193167
   82.612123  303.462378    0.592885    3.140568
   82.610828  303.455817    0.518359    2.439342
   82.609532  303.449253    0.495234    2.221676
   82.608234  303.442687    0.863295    5.684021
   82.606935  303.436120    0.481283    2.090175
   82.605636  303.429553    0.446889    1.766489
   82.604335  303.422988    0.559822    2.828755
   82.603034  303.416422    0.177342    0.382639
   82.601731  303.409856    0.437610    1.678803
   82.600428  303.403287    0.460834    1.897149
   82.599125  303.396711    0.324583    0.700333
   82.597821  303.390132    0.676250    3.923384
   82.596517  303.383551    0.859999    5.651841
   82.595212  303.376971    0.918055    6.197859
   82.593906  303.370393    0.957051    6.564580
   82.592599  303.363817    0.000000    0.000000
   82.591292  303.357243    0.026961    0.058173
   82.589983  303.350670    0.000000    0.000000
   82.586054  303.330960    0.100256    0.216316
   82.584744  303.324400    0.000000    0.000000
   82.583436  303.317851    0.145037    0.312938
   82.582129  303.311313    0.383044    1.163523
   82.580822  303.304781    0.593111    3.139567
   82.579515  303.298254    0.432928    1.632545
   82.578207  303.291729    0.625686    3.445755
   82.576900  303.285207    0.453478    1.825602
   82.575592  303.278689    0.161751    0.348999
   82.574286  303.272177    0.294969    0.636437
   82.572982  303.265674    0.145207    0.313304
   82.570379  303.252686    0.707514    4.214755
   82.569079  303.246198    0.435568    1.656337
   82.566480  303.233231    0.249827    0.539037
   82.565181  303.226749    1.663661   13.209033
   82.563880  303.220267    0.634768    3.529760
   82.562578  303.213783    0.808240    5.161547
   82.561275  303.207297    0.407801    1.394352
   82.559970  303.200808    0.285698    0.616432
   82.558664  303.194315    0.403441    1.353076
   82.557357  303.187812    0.332196    0.716759
   82.556048  303.181303    0.634959    3.530776
   82.554739  303.174793    0.701541    4.157009
   82.553429  303.168282    0.396900    1.291016
   82.552118  303.161779    0.496929    2.231894
   82.550806  303.155280    0.470042    1.978825
   82.549494  303.148783    1.047924    7.415031
   82.548182  303.142286    0.583116    3.042290
   82.546869  303.135781    0.597972    3.181918
   82.545556  303.129274    0.397199    1.293046
   82.544244  303.122768    0.745510    4.569597
   82.542932  303.116267    0.538740    2.624317
   82.541622  303.109774    0.542333    2.657988
   82.540312  303.103289    0.100928    0.217767
   82.539003  303.096814    0.051089    0.110232
   82.536382  303.083905    0.087968    0.189804
   82.535070  303.077475    0.146897    0.316949
   82.533759  303.071053    0.414494    1.454575
   82.532448  303.064634    0.540422    2.639100
   82.531140  303.058209    0.427262    1.574434
   82.529835  303.051782    0.707866    4.214037
   82.528531  303.045353    0.840311    5.459864
   82.527227  303.038925    0.698047    4.121407
   82.525923  303.032495    0.691136    4.056269
   82.524618  303.026065    0.453229    1.818064
   82.523314  303.019636    0.665758    3.817271
   82.522009  303.013210    0.843125    5.485692
   82.519397  303.000375    0.622351    3.408536
   82.518091  302.993962    1.247354    9.288025
   82.516784  302.987550    0.434765    1.643599
   82.515477  302.981137    0.325455    0.702214
   82.514170  302.974724    0.460722    1.887520
   82.512863  302.968309    0.518625    2.432102
   82.511554  302.961893    0.918083    6.189817
   82.510244  302.955469    0.407888    1.390104
   82.508932  302.949041    0.598054    3.178930
   82.507620  302.942613    0.784193    4.929877
   82.506307  302.936186    0.332972    0.718434
   82.504994  302.929764    0.594718    3.147160
   82.503683  302.923346    0.741187    4.524911
   82.502371  302.916934    0.646989    3.638629
   82.501059  302.910527    0.715923    4.286988
   82.499747  302.904131    0.420233    1.505203
   82.498435  302.897742    0.911812    6.129528
   82.497123  302.891356    0.543187    2.661611
   82.495811  302.884972    0.464887    1.924889
   82.494496  302.878580    0.464219    1.918472
   82.489233  302.853010    0.888410    5.908464
   82.487921  302.846624    0.556365    2.784675
   82.486610  302.840244    0.366882    1.002020
   82.485299  302.833871    0.341962    0.767458
   82.483990  302.827512    0.509185    2.340449
   82.482680  302.821164    0.475772    2.025994
