Converting ICESat/GLAS binary freeboard vector data to ASCII
Wed Feb 12 09:56:19 2014

write_fb:
  file_in:       laser3k0003002.dat
  laser_period:  3k
  track:         0003
  cycle:         002
  file_out:      laser3k0003002.txt
  non_zero_only:        0
  nan_replace:       -999

read_fb:
  Year:                  2008
  Month:                   10
  Day:                      9
  Hour:                    13
  Minute:                  15
  Doy:                    283
  record_count:          1542
  non_zero_count:        1536
  nan_count:                0

    Latitude   Longitude   Freeboard   Thickness
   84.915968  176.696665    0.297729    1.360273
   84.915004  176.682919    0.238230    0.800646
   84.914041  176.669185    0.277651    1.171589
   84.913078  176.655463    0.218091    0.611377
   84.912116  176.641751    0.367349    2.015600
   84.910191  176.614347    0.182998    0.381166
   84.909230  176.600652    0.382952    2.162663
   84.908268  176.586959    0.231341    0.736503
   84.907307  176.573267    0.112330    0.233972
   84.906344  176.559577    0.247072    0.884688
   84.905379  176.545882    0.353590    1.886834
   84.904411  176.532186    0.366264    2.006153
   84.903443  176.518491    0.228425    0.709557
   84.902474  176.504797    0.164784    0.343230
   84.901506  176.491109    0.267180    1.074332
   84.900539  176.477424    0.610025    4.299686
   84.899571  176.463741    0.261883    1.024690
   84.898604  176.450059    0.427975    2.587272
   84.897635  176.436374    0.232946    0.752661
   84.896666  176.422688    0.237394    0.794605
   84.895697  176.409005    0.189529    0.394769
   84.894728  176.395326    0.202857    0.469893
   84.893758  176.381652    0.250667    0.919758
   84.892788  176.367983    0.157197    0.327425
   84.891818  176.354325    0.292933    1.317557
   84.890847  176.340679    0.120372    0.250722
   84.889876  176.327058    0.127447    0.265458
   84.888905  176.313455    0.241477    0.833781
   84.887933  176.299863    0.204852    0.489330
   84.886962  176.286280    0.318831    1.561665
   84.885990  176.272703    0.337900    1.741155
   84.885019  176.259129    0.154785    0.322401
   84.884048  176.245557    0.176029    0.366651
   84.883077  176.231983    0.093532    0.194818
   84.882107  176.218392    0.279947    1.196351
   84.881136  176.204792    0.203022    0.472792
   84.880166  176.191195    0.287477    1.267386
   84.879195  176.177608    0.230086    0.727588
   84.878223  176.164049    0.182104    0.379306
   84.877251  176.150513    0.260623    1.015044
   84.876278  176.136983    0.184750    0.384816
   84.875304  176.123456    0.179751    0.374403
   84.874329  176.109918    0.206204    0.503397
   84.873353  176.096371    0.202725    0.470767
   84.872376  176.082821    0.268071    1.085595
   84.871400  176.069270    0.211856    0.556859
   84.870424  176.055715    0.143622    0.299151
   84.869449  176.042160    0.330941    1.677328
   84.868473  176.028606    0.278232    1.181568
   84.867498  176.015056    0.167530    0.348948
   84.866522  176.001513    0.168330    0.350614
   84.865546  175.987979    0.066246    0.137983
   84.864569  175.974450    0.159146    0.331485
   84.863591  175.960928    0.178969    0.372774
   84.862611  175.947411    0.123151    0.256512
   84.861630  175.933900    0.265446    1.061964
   84.860649  175.920400    0.591851    4.132657
   84.859667  175.906911    0.156193    0.325334
   84.858686  175.893440    0.289784    1.291209
   84.857705  175.879984    0.213054    0.569482
   84.856724  175.866539    0.193457    0.402952
   84.855744  175.853105    0.206603    0.508983
   84.854765  175.839676    0.203887    0.483529
   84.853787  175.826253    0.315854    1.536939
   84.852808  175.812839    0.242733    0.849158
   84.851830  175.799433    0.338826    1.753235
   84.850851  175.786039    0.337614    1.741932
   84.849871  175.772655    0.114473    0.238436
   84.848891  175.759279    0.172783    0.359890
   84.847911  175.745910    0.358704    1.940617
   84.846932  175.732550    0.284576    1.243365
   84.845952  175.719196    0.223185    0.665935
   84.844972  175.705842    0.212096    0.561717
   84.843992  175.692484    0.118340    0.246491
   84.843010  175.679112    0.131328    0.273542
   84.842026  175.665728    0.165439    0.344592
   84.841043  175.652341    0.360209    1.955448
   84.840058  175.638951    0.113340    0.236076
   84.839074  175.625565    0.194241    0.404585
   84.838089  175.612182    0.132788    0.276585
   84.837104  175.598802    0.203566    0.482239
   84.836118  175.585425    0.248600    0.905990
   84.835131  175.572052    0.189443    0.394591
   84.834143  175.558684    0.280496    1.206234
   84.833155  175.545321    0.202333    0.471022
   84.832166  175.531962    0.221469    0.651137
   84.831177  175.518605    0.289560    1.291791
   84.830188  175.505253    0.127465    0.265497
   84.829198  175.491907    0.147377    0.306972
   84.828209  175.478571    0.226497    0.698817
   84.827221  175.465248    0.520499    3.464689
   84.826234  175.451939    0.243523    0.859177
   84.825247  175.438642    0.236541    0.793596
   84.824260  175.425358    0.126622    0.263741
   84.823271  175.412089    0.214129    0.582945
   84.822282  175.398835    0.345399    1.817944
   84.821293  175.385594    0.216733    0.607639
   84.820304  175.372365    0.134624    0.280408
   84.819315  175.359155    0.176829    0.368317
   84.818326  175.345957    0.127431    0.265426
   84.817338  175.332763    0.140539    0.292729
   84.816349  175.319569    0.157830    0.328744
   84.815360  175.306357    0.120743    0.251495
   84.814372  175.293133    0.229951    0.732643
   84.813382  175.279904    0.208962    0.535290
   84.812393  175.266673    0.529298    3.548892
   84.811403  175.253442    0.379729    2.141941
   84.810412  175.240212    0.289102    1.289485
   84.809420  175.226985    0.175898    0.366378
   84.808427  175.213763    0.188413    0.392446
   84.807433  175.200556    0.076860    0.160091
   84.806438  175.187360    0.156360    0.325682
   84.805442  175.174166    0.105904    0.220588
   84.804445  175.160969    0.079075    0.164705
   84.803450  175.147756    0.199578    0.447962
   84.802455  175.134533    0.120144    0.250247
   84.801460  175.121310    0.239734    0.825922
   84.800465  175.108091    0.117370    0.244470
   84.799470  175.094884    0.000000    0.000000
   84.798475  175.081690    0.077474    0.161371
   84.796484  175.055331    0.312272    1.508783
   84.795488  175.042173    0.116003    0.241623
   84.793496  175.015891    0.165310    0.344323
   84.792499  175.002762    0.164284    0.342188
   84.791501  174.989634    0.168978    0.351964
   84.790501  174.976509    0.171010    0.356196
   84.789502  174.963391    0.116222    0.242079
   84.788502  174.950280    0.047305    0.098531
   84.787503  174.937179    0.069154    0.144041
   84.786505  174.924089    0.045278    0.094310
   84.785506  174.911009    0.055347    0.115283
   84.784508  174.897937    0.142497    0.296808
   84.783509  174.884876    0.147255    0.306718
   84.782511  174.871825    0.099401    0.207043
   84.781512  174.858783    0.040062    0.083444
   84.780513  174.845748    0.073777    0.153670
   84.779514  174.832719    0.117766    0.245294
   84.778515  174.819696    0.175008    0.364524
   84.777516  174.806678    0.214165    0.587673
   84.776518  174.793664    0.148038    0.308348
   84.775520  174.780654    0.242555    0.854938
   84.774522  174.767647    0.268751    1.101463
   84.773524  174.754640    0.171889    0.358027
   84.772525  174.741630    0.103659    0.215912
   84.771522  174.728610    0.219768    0.640950
   84.770516  174.715582    0.322352    1.606093
   84.769509  174.702552    0.434680    2.662889
   84.768502  174.689522    0.224972    0.690194
   84.767495  174.676496    0.348424    1.851645
   84.766489  174.663476    0.363853    1.996883
   84.765482  174.650457    0.043497    0.090599
   84.764476  174.637440    0.205047    0.503136
   84.763469  174.624424    0.132986    0.276996
   84.762463  174.611408    0.149492    0.311376
   84.761456  174.598396    0.118093    0.245975
   84.760449  174.585389    0.046999    0.097893
   84.759443  174.572383    0.116190    0.242013
   84.758436  174.559383    0.158813    0.330792
   84.757429  174.546395    0.197212    0.430102
   84.756422  174.533424    0.172664    0.359643
   84.755415  174.520483    0.091318    0.190206
   84.754407  174.507566    0.056330    0.117329
   84.753400  174.494666    0.219833    0.643290
   84.752392  174.481780    0.142671    0.297170
   84.751385  174.468907    0.141994    0.295759
   84.750378  174.456043    0.275058    1.163088
   84.749371  174.443182    0.123756    0.257771
   84.747357  174.417434    0.287421    1.279684
   84.746349  174.404537    0.215569    0.603838
   84.745341  174.391638    0.162543    0.338561
   84.743325  174.365870    0.181621    0.378299
   84.742316  174.353011    0.056816    0.118342
   84.741308  174.340155    0.123985    0.258249
   84.740298  174.327299    0.133839    0.278773
   84.739288  174.314426    0.258088    1.004498
   84.738277  174.301543    0.150143    0.312732
   84.737265  174.288658    0.138733    0.288967
   84.736253  174.275775    0.175540    0.365632
   84.735239  174.262898    0.111497    0.232236
   84.734225  174.250029    0.254678    0.972903
   84.733210  174.237166    0.086303    0.179761
   84.732196  174.224308    0.155511    0.323915
   84.731182  174.211458    0.085197    0.177458
   84.730169  174.198615    0.060478    0.125969
   84.729156  174.185781    0.177555    0.369830
   84.728143  174.172954    0.083454    0.173827
   84.727127  174.160137    0.164701    0.343055
   84.726111  174.147329    0.194804    0.410411
   84.725094  174.134529    0.120422    0.250827
   84.724078  174.121736    0.116277    0.242193
   84.723062  174.108950    0.154425    0.321653
   84.722047  174.096169    0.085132    0.177321
   84.721032  174.083395    0.294130    1.345279
   84.720017  174.070626    0.186684    0.388844
   84.719002  174.057862    0.197751    0.438802
   84.717987  174.045102    0.199747    0.457674
   84.716971  174.032349    0.307347    1.470001
   84.715954  174.019604    0.228538    0.728714
   84.714936  174.006870    0.207702    0.532800
   84.713917  173.994145    0.237469    0.812921
   84.712898  173.981427    0.178294    0.371369
   84.711879  173.968713    0.151887    0.316365
   84.710861  173.956007    0.126946    0.264415
   84.709843  173.943304    0.135976    0.283225
   84.708825  173.930599    0.077038    0.160463
   84.707807  173.917891    0.141411    0.294544
   84.706789  173.905164    0.109080    0.227202
   84.705770  173.892426    0.160839    0.335011
   84.704750  173.879688    0.127502    0.265575
   84.703730  173.866952    0.192185    0.400302
   84.702710  173.854231    0.213332    0.586908
   84.701689  173.841522    0.159945    0.333149
   84.700667  173.828823    0.224829    0.695261
   84.699645  173.816133    0.207320    0.530646
   84.698623  173.803454    0.102504    0.213505
   84.697600  173.790785    0.190828    0.397475
   84.696576  173.778124    0.206284    0.521181
   84.695553  173.765470    0.265126    1.074825
   84.694530  173.752820    0.192779    0.401540
   84.693507  173.740175    0.343362    1.811011
   84.692485  173.727536    0.171319    0.356841
   84.691462  173.714905    0.141466    0.294660
   84.690441  173.702287    0.215793    0.611211
   84.689420  173.689679    0.129685    0.270120
   84.688399  173.677074    0.179526    0.373934
   84.687377  173.664472    0.259543    1.023074
   84.686353  173.651862    0.200499    0.467722
   84.685328  173.639247    0.169646    0.353356
   84.684301  173.626635    0.245459    0.890866
   84.683275  173.614026    0.194456    0.411160
   84.682248  173.601426    0.248603    0.920626
   84.681222  173.588835    0.179204    0.373264
   84.679169  173.563676    0.240542    0.845083
   84.678143  173.551113    0.242789    0.866314
   84.676091  173.526010    0.223532    0.685346
   84.675065  173.513465    0.221157    0.663101
   84.674038  173.500913    0.223325    0.683587
   84.673010  173.488360    0.211805    0.575313
   84.671982  173.475810    0.102346    0.213177
   84.670953  173.463266    0.150563    0.313608
   84.669923  173.450739    0.135071    0.281339
   84.668892  173.438223    0.245038    0.888322
   84.667861  173.425711    0.166817    0.347464
   84.666830  173.413203    0.319850    1.592293
   84.664773  173.388163    0.146708    0.305579
   84.663745  173.375644    0.244456    0.883322
   84.662717  173.363132    0.170086    0.354273
   84.661688  173.350633    0.223128    0.682873
   84.660658  173.338146    0.140247    0.292120
   84.659628  173.325667    0.117469    0.244676
   84.658597  173.313196    0.151101    0.314728
   84.657567  173.300738    0.046285    0.096407
   84.656538  173.288288    0.120053    0.250058
   84.655507  173.275839    0.138827    0.289163
   84.654477  173.263392    0.093212    0.194151
   84.653445  173.250933    0.086186    0.179516
   84.651379  173.226000    0.094957    0.197787
   84.650346  173.213532    0.077292    0.160991
   84.649312  173.201064    0.069667    0.145109
   84.648279  173.188597    0.056583    0.117857
   84.647245  173.176136    0.080762    0.168220
   84.646211  173.163685    0.066082    0.137642
   84.645177  173.151254    0.098943    0.206089
   84.644141  173.138839    0.088644    0.184637
   84.643106  173.126434    0.079016    0.164583
   84.642070  173.114038    0.134106    0.279329
   84.641034  173.101646    0.157312    0.327664
   84.639998  173.089258    0.196559    0.434920
   84.638962  173.076877    0.278638    1.207161
   84.637927  173.064499    0.253067    0.966698
   84.636893  173.052127    0.143476    0.298846
   84.635860  173.039758    0.200915    0.476275
   84.634826  173.027392    0.151829    0.316245
   84.633792  173.015031    0.183852    0.382944
   84.632755  173.002671    0.197264    0.442211
   84.631716  172.990315    0.170115    0.354333
   84.630677  172.977962    0.279852    1.219341
   84.629636  172.965612    0.168884    0.351769
   84.628596  172.953267    0.020286    0.042254
   84.627556  172.940927    0.000177    0.000368
   84.626517  172.928591    0.206977    0.534156
   84.625477  172.916259    0.131919    0.274775
   84.624438  172.903934    0.153772    0.320292
   84.623400  172.891613    0.235181    0.799765
   84.622362  172.879296    0.342133    1.805997
   84.621324  172.866978    0.146409    0.304955
   84.620286  172.854651    0.165805    0.345356
   84.619247  172.842321    0.313971    1.541352
   84.618208  172.829998    0.104858    0.218409
   84.617169  172.817688    0.117157    0.244026
   84.616128  172.805411    0.728420    5.440493
   84.615086  172.793157    0.368082    2.050768
   84.614044  172.780916    0.118005    0.245793
   84.613001  172.768685    0.066228    0.137947
   84.611960  172.756455    0.046509    0.096873
   84.610918  172.744226    0.012969    0.027012
   84.609876  172.731997    0.340301    1.789895
   84.608834  172.719763    0.574672    3.994803
   84.607790  172.707514    0.254323    0.981262
   84.606746  172.695254    0.071413    0.148745
   84.605701  172.682993    0.112634    0.234606
   84.604656  172.670734    0.156964    0.326940
   84.603609  172.658488    0.062750    0.130702
   84.601512  172.634024    0.105985    0.220756
   84.600462  172.621797    0.154333    0.321461
   84.599413  172.609569    0.235402    0.804025
   84.598364  172.597340    0.240139    0.848689
   84.597315  172.585117    0.148318    0.308931
   84.596267  172.572899    0.164636    0.342920
   84.594171  172.548500    0.290316    1.321097
   84.593124  172.536312    0.123558    0.257359
   84.592078  172.524133    0.075251    0.156739
   84.591032  172.511957    0.213933    0.602825
   84.589987  172.499787    0.538287    3.654229
   84.588943  172.487625    0.133969    0.279044
   84.587898  172.475472    0.520472    3.486823
   84.586852  172.463335    0.640896    4.619790
   84.585806  172.451211    0.157147    0.327323
   84.584760  172.439094    0.153091    0.318873
   84.583713  172.426984    0.171617    0.357462
   84.582666  172.414879    0.127866    0.266331
   84.581618  172.402777    0.081979    0.170754
   84.579521  172.378573    0.095320    0.198542
   84.578472  172.366456    0.149913    0.312254
   84.577423  172.354330    0.162694    0.338874
   84.576373  172.342203    0.234851    0.800934
   84.574272  172.317968    0.139682    0.290944
   84.572170  172.293770    0.115971    0.241555
   84.571119  172.281682    0.078077    0.162626
   84.570067  172.269608    0.210299    0.570532
   84.569015  172.257542    0.164254    0.342125
   84.567963  172.245480    0.360337    1.982186
   84.566910  172.233415    0.261628    1.053687
   84.565856  172.221330    0.116378    0.242404
   84.564802  172.209235    0.134207    0.279540
   84.563747  172.197145    0.170091    0.354283
   84.560579  172.161012    0.218890    0.652216
   84.559522  172.149008    0.204363    0.515644
   84.558466  172.137008    0.122706    0.255584
   84.557409  172.124992    0.122503    0.255162
   84.556353  172.112965    0.129741    0.270237
   84.555298  172.100937    0.135142    0.281488
   84.554242  172.088908    0.179342    0.373551
   84.553187  172.076879    0.302706    1.441365
   84.552132  172.064854    0.332895    1.725456
   84.551077  172.052834    0.157254    0.327544
   84.550022  172.040823    0.107645    0.224214
   84.548969  172.028829    0.142908    0.297663
   84.546864  172.004875    0.103969    0.216557
   84.545811  171.992908    0.179614    0.374118
   84.544755  171.980945    0.192128    0.401877
   84.543698  171.968984    0.298629    1.403865
   84.542640  171.957026    0.157138    0.327302
   84.541581  171.945071    0.171156    0.356502
   84.540524  171.933116    0.029507    0.061461
   84.538409  171.909214    0.112502    0.234331
   84.537351  171.897269    0.129850    0.270464
   84.536293  171.885333    0.212878    0.597847
   84.535234  171.873403    0.165318    0.344341
   84.534174  171.861479    0.143550    0.299001
   84.533113  171.849558    0.173134    0.360620
   84.532050  171.837637    0.221223    0.676730
   84.530985  171.825719    0.247644    0.925375
   84.529920  171.813804    0.203193    0.507303
   84.528855  171.801896    0.217596    0.642890
   84.527790  171.789999    0.132733    0.276469
   84.526726  171.778109    0.108471    0.225934
   84.525662  171.766224    0.063251    0.131746
   84.524599  171.754341    0.136522    0.284361
   84.522476  171.730563    0.176644    0.367931
   84.521415  171.718680    0.128920    0.268527
   84.520354  171.706808    0.172846    0.360022
   84.517169  171.671313    0.253620    0.982824
   84.516106  171.659499    0.155184    0.323233
   84.515044  171.647686    0.305466    1.470741
   84.513981  171.635871    0.199427    0.473295
   84.512918  171.624054    0.244496    0.897367
   84.511854  171.612233    0.263187    1.073287
   84.510790  171.600395    0.230836    0.769044
   84.509725  171.588548    0.203252    0.509653
   84.508659  171.576697    0.229851    0.759973
   84.507593  171.564848    0.170106    0.354313
   84.506527  171.553007    0.270248    1.140190
   84.505461  171.541172    0.263440    1.076236
   84.504395  171.529345    0.253777    0.985430
   84.503329  171.517525    0.209385    0.567911
   84.502263  171.505716    0.215370    0.624308
   84.501196  171.493917    0.229597    0.758241
   84.500129  171.482129    0.260977    1.053537
   84.499062  171.470353    0.260153    1.045882
   84.497994  171.458595    0.268323    1.122829
   84.496926  171.446851    0.263242    1.075131
   84.495857  171.435116    0.367679    2.057701
   84.494787  171.423384    0.185582    0.386550
   84.492649  171.399918    0.270537    1.144133
   84.491580  171.388184    0.172834    0.359995
   84.489440  171.364706    0.210929    0.583660
   84.488370  171.352959    0.260890    1.053757
   84.487299  171.341215    0.229956    0.762844
   84.485154  171.317763    0.227320    0.738235
   84.484079  171.306062    0.184902    0.385132
   84.483005  171.294368    0.238900    0.847356
   84.481931  171.282678    0.179081    0.373008
   84.480859  171.270984    0.221734    0.686061
   84.477650  171.235889    0.050483    0.105152
   84.475510  171.212465    0.108364    0.225712
   84.474440  171.200756    0.247819    0.932018
   84.473369  171.189057    0.409022    2.448605
   84.472297  171.177385    0.244689    0.902766
   84.471224  171.165732    0.162822    0.339143
   84.470152  171.154092    0.282264    1.256429
   84.469079  171.142461    0.079200    0.164965
   84.465863  171.107592    0.105719    0.220201
   84.464791  171.095974    0.157602    0.328269
   84.463718  171.084349    0.146531    0.305210
   84.461573  171.061095    0.122831    0.255844
   84.460499  171.049474    0.087552    0.182361
   84.459423  171.037865    0.092464    0.192593
   84.458345  171.026266    0.093042    0.193798
   84.457267  171.014671    0.202198    0.504353
   84.456187  171.003080    0.205094    0.531696
   84.455107  170.991487    0.196688    0.452708
   84.454026  170.979894    0.233560    0.799671
   84.452945  170.968305    0.229539    0.761940
   84.450784  170.945142    0.338443    1.786625
   84.449705  170.933571    0.246481    0.921600
   84.448626  170.922005    0.459962    2.929988
   84.447547  170.910443    0.304905    1.471405
   84.446470  170.898881    0.466665    2.993229
   84.445394  170.887321    0.227743    0.745704
   84.443240  170.864221    0.232752    0.793015
   84.442160  170.852694    0.184556    0.384412
   84.441079  170.841180    0.182075    0.379243
   84.439998  170.829671    0.218439    0.658654
   84.438916  170.818164    0.197407    0.460888
   84.437836  170.806648    0.269483    1.139030
   84.436757  170.795127    0.219912    0.672794
   84.435679  170.783604    0.208202    0.562727
   84.434600  170.772081    0.327772    1.687653
   84.433522  170.760556    0.328023    1.690113
   84.432445  170.749033    0.256058    1.013202
   84.430287  170.726007    0.171067    0.356315
   84.428123  170.703048    0.420258    2.558269
   84.427040  170.691585    0.318151    1.597805
   84.424872  170.668668    0.252733    0.982592
   84.423789  170.657208    0.216685    0.643570
   84.422705  170.645751    0.187325    0.390179
   84.421621  170.634298    0.234580    0.812097
   84.420537  170.622847    0.272885    1.172546
   84.418369  170.599961    0.211853    0.598582
   84.417285  170.588530    0.261456    1.065313
   84.416201  170.577116    0.225977    0.731638
   84.415117  170.565715    0.240868    0.871816
   84.414033  170.554322    0.171437    0.357087
   84.412948  170.542936    0.221074    0.685796
   84.410773  170.520175    0.236813    0.834055
   84.409683  170.508797    0.233034    0.798593
   84.408594  170.497415    0.227927    0.750648
   84.407505  170.486024    0.190638    0.399955
   84.405328  170.463225    0.251640    0.974010
   84.404240  170.451820    0.169639    0.353341
   84.403154  170.440408    0.315221    1.572323
   84.402068  170.428995    0.363913    2.030480
   84.400983  170.417584    0.232658    0.795813
   84.399896  170.406181    0.175630    0.365819
   84.398808  170.394796    0.226699    0.739948
   84.397718  170.383424    0.263308    1.084436
   84.396628  170.372062    0.168758    0.351507
   84.395537  170.360705    0.256443    1.020046
   84.394447  170.349351    0.181622    0.378300
   84.393358  170.337999    0.208539    0.569580
   84.390091  170.303965    0.205875    0.544805
   84.389003  170.292629    0.162217    0.337882
   84.387915  170.281297    0.244888    0.912006
   84.386827  170.269972    0.147909    0.308081
   84.384647  170.247336    0.190413    0.399825
   84.383556  170.236031    0.435074    2.701529
   84.382465  170.224738    0.237026    0.838517
   84.381374  170.213467    0.216437    0.644926
   84.380283  170.202213    0.221205    0.689868
   84.379191  170.190968    0.241251    0.878543
   84.378100  170.179728    0.243478    0.899592
   84.377009  170.168486    0.252573    0.985241
   84.375918  170.157243    0.254383    1.002364
   84.374827  170.145998    0.221483    0.692963
   84.372644  170.123484    0.226862    0.743752
   84.370458  170.100939    0.247728    0.940233
   84.369363  170.089675    0.207498    0.561868
   84.368267  170.078440    0.253028    0.990278
   84.367171  170.067224    0.230630    0.779676
   84.366073  170.056011    0.279377    1.238347
   84.364975  170.044796    0.477098    3.098470
   84.363877  170.033553    0.159504    0.332231
   84.362780  170.022291    0.343896    1.845576
   84.361682  170.011026    0.157299    0.327638
   84.360584  169.999760    0.125879    0.262194
   84.359487  169.988503    0.120520    0.251030
   84.357294  169.966017    0.072960    0.151969
   84.355101  169.943585    0.106053    0.220898
   84.354005  169.932396    0.079441    0.165468
   84.352909  169.921219    0.141118    0.293935
   84.351813  169.910049    0.117028    0.243757
   84.350717  169.898877    0.136756    0.284849
   84.349622  169.887706    0.220329    0.684270
   84.348527  169.876545    0.079207    0.164981
   84.347432  169.865394    0.062953    0.131126
   84.346336  169.854269    0.179763    0.374427
   84.345241  169.843161    0.204649    0.537131
   84.344146  169.832061    0.133667    0.278416
   84.341954  169.809860    0.106746    0.222342
   84.340858  169.798749    0.088106    0.183516
   84.339761  169.787638    0.169232    0.352494
   84.338662  169.776528    0.080942    0.168594
   84.337562  169.765426    0.074562    0.155306
   84.336459  169.754329    0.022210    0.046262
   84.335356  169.743232    0.098937    0.206075
   84.334252  169.732134    0.182472    0.380071
   84.333149  169.721027    0.268081    1.134889
   84.332047  169.709915    0.149256    0.310885
   84.330945  169.698801    0.170527    0.355192
   84.329842  169.687687    0.042826    0.089203
   84.328739  169.676572    0.076320    0.158966
   84.327635  169.665460    0.137438    0.286269
   84.326532  169.654352    0.127575    0.265727
   84.325428  169.643252    0.153108    0.318909
   84.324324  169.632168    0.139862    0.291319
   84.323221  169.621096    0.053189    0.110788
   84.321015  169.598971    0.034970    0.072840
   84.319911  169.587910    0.000000    0.000000
   84.318807  169.576849    0.218881    0.673276
   84.317703  169.565791    0.137962    0.287361
   84.316598  169.554735    0.116461    0.242576
   84.315495  169.543679    0.314687    1.574839
   84.314391  169.532626    0.185930    0.387273
   84.313287  169.521580    0.117701    0.245160
   84.312183  169.510544    0.065744    0.136937
   84.309973  169.488534    0.051593    0.107462
   84.308867  169.477547    0.170156    0.354419
   84.307761  169.466567    0.160233    0.333750
   84.305550  169.444611    0.068423    0.142519
   84.304444  169.433637    0.047318    0.098559
   84.303339  169.422666    0.086831    0.180861
   84.302235  169.411694    0.089128    0.185645
   84.301131  169.400723    0.109140    0.227328
   84.300027  169.389756    0.146663    0.305484
   84.298923  169.378794    0.067893    0.141415
   84.296710  169.356897    0.054639    0.113808
   84.295603  169.345954    0.153462    0.319646
   84.294495  169.335009    0.033459    0.069691
   84.293386  169.324052    0.150548    0.313577
   84.292277  169.313088    0.048910    0.101875
   84.291168  169.302123    0.026827    0.055879
   84.288948  169.280197    0.143516    0.298930
   84.287838  169.269241    0.172695    0.359706
   84.286728  169.258289    0.158233    0.329584
   84.285617  169.247342    0.398858    2.369220
   84.284505  169.236405    0.258987    1.053502
   84.283393  169.225474    0.081856    0.170498
   84.282281  169.214547    0.099462    0.207169
   84.281168  169.203625    0.429385    2.656774
   84.280054  169.192698    0.055459    0.115516
   84.278941  169.181771    0.060704    0.126440
   84.277827  169.170852    0.079695    0.165997
   84.276714  169.159944    0.050178    0.104515
   84.275603  169.149061    0.141919    0.295603
   84.274493  169.138196    0.065733    0.136915
   84.273383  169.127342    0.041209    0.085833
   84.272274  169.116494    0.120294    0.250560
   84.271166  169.105638    0.174018    0.362463
   84.270057  169.094781    0.137723    0.286864
   84.268949  169.083928    0.050901    0.106021
   84.267840  169.073085    0.203706    0.534874
   84.266730  169.062264    0.102310    0.213101
   84.265619  169.051458    0.121519    0.253112
   84.264508  169.040658    0.082582    0.172009
   84.263397  169.029859    0.109529    0.228138
   84.262286  169.019054    0.078365    0.163227
   84.261175  169.008241    0.167738    0.349382
   84.260064  168.997427    0.073227    0.152525
   84.257836  168.975786    0.072718    0.151464
   84.256719  168.964960    0.132678    0.276355
   84.255601  168.954134    0.077960    0.162383
   84.254483  168.943313    0.219423    0.683864
   84.252248  168.921701    0.078229    0.162943
   84.251130  168.910904    0.112139    0.233575
   84.250012  168.900109    0.086158    0.179458
   84.248893  168.889312    0.120418    0.250818
   84.247774  168.878514    0.064877    0.135133
   84.245534  168.856917    0.060334    0.125671
   84.244415  168.846113    0.121993    0.254099
   84.243297  168.835308    0.082032    0.170863
   84.242179  168.824508    0.088230    0.183774
   84.239944  168.802934    0.093266    0.194264
   84.237708  168.781411    0.106701    0.222247
   84.236590  168.770666    0.117008    0.243716
   84.235473  168.759932    0.108206    0.225382
   84.234355  168.749210    0.042053    0.087592
   84.233237  168.738499    0.066648    0.138822
   84.232121  168.727799    0.198124    0.485397
   84.231005  168.717115    0.158014    0.329127
   84.229891  168.706442    0.098360    0.204874
   84.227664  168.685115    0.058200    0.121225
   84.226550  168.674450    0.219056    0.682779
   84.225436  168.663784    0.066346    0.138192
   84.224322  168.653119    0.162904    0.339313
   84.222089  168.631805    0.109717    0.228529
   84.220971  168.621156    0.142072    0.295921
   84.219851  168.610506    0.100407    0.209138
   84.218731  168.599853    0.135877    0.283017
   84.217609  168.589192    0.178588    0.371981
   84.216486  168.578522    0.120611    0.251220
   84.215363  168.567845    0.109802    0.228706
   84.214238  168.557161    0.138663    0.288821
   84.213111  168.546463    0.081884    0.170555
   84.211983  168.535756    0.153100    0.318891
   84.210854  168.525047    0.051893    0.108087
   84.209725  168.514342    0.088659    0.184667
   84.208597  168.503650    0.077606    0.161646
   84.207469  168.492969    0.071354    0.148623
   84.206342  168.482298    0.126840    0.264194
   84.205214  168.471636    0.084137    0.175248
   84.204086  168.460983    0.187542    0.390632
   84.201829  168.439707    0.070561    0.146971
   84.200702  168.429088    0.264642    1.113805
   84.198452  168.407898    0.272970    1.192339
   84.197329  168.397321    0.089827    0.187100
   84.196207  168.386754    0.050814    0.105841
   84.195085  168.376194    0.122976    0.256146
   84.193964  168.365640    0.080293    0.167242
   84.192843  168.355093    0.101828    0.212098
   84.190600  168.334016    0.125639    0.261693
   84.189478  168.323484    0.098259    0.204663
   84.188356  168.312956    0.077903    0.162265
   84.186110  168.291907    0.333104    1.759071
   84.184986  168.281383    0.150109    0.312662
   84.183861  168.270857    0.346538    1.885634
   84.182735  168.260324    0.171325    0.356854
   84.181609  168.249778    0.112260    0.233827
   84.180482  168.239220    0.113620    0.236659
   84.179354  168.228657    0.070184    0.146187
   84.178225  168.218089    0.336113    1.788034
   84.175965  168.196945    0.170744    0.355642
   84.172572  168.165249    0.258145    1.055031
   84.171440  168.154698    0.115811    0.241222
   84.170308  168.144157    0.153416    0.319550
   84.169175  168.133625    0.178946    0.372727
   84.168043  168.123107    0.169176    0.352376
   84.165777  168.102105    0.471722    3.064786
   84.164644  168.091613    0.161666    0.336735
   84.163510  168.081122    0.208275    0.586645
   84.162376  168.070633    0.143970    0.299874
   84.158978  168.039199    0.186975    0.389451
   84.157849  168.028734    0.171475    0.357166
   84.156720  168.018277    0.180147    0.375229
   84.155592  168.007832    0.259474    1.068947
   84.154463  167.997403    0.235868    0.846969
   84.153333  167.986990    0.127235    0.265018
   84.152204  167.976588    0.240177    0.887698
   84.151074  167.966197    0.190023    0.415973
   84.149945  167.955821    0.291800    1.373515
   84.148815  167.945455    0.227791    0.771454
   84.147686  167.935093    0.182924    0.381012
   84.146556  167.924732    0.179963    0.374845
   84.145428  167.914364    0.246476    0.947512
   84.143170  167.893609    0.221679    0.714425
   84.142040  167.883222    0.189260    0.409547
   84.140909  167.872821    0.141185    0.294075
   84.139776  167.862409    0.103295    0.215152
   84.138642  167.851995    0.148552    0.309420
   84.137506  167.841581    0.268567    1.155987
   84.136368  167.831179    0.187386    0.392383
   84.135228  167.820786    0.110274    0.229691
   84.134087  167.810392    0.159314    0.331834
   84.131803  167.789590    0.146816    0.305802
   84.130661  167.779174    0.312894    1.573553
   84.129520  167.768758    0.186391    0.388233
   84.128378  167.758343    0.400180    2.394871
   84.127238  167.747930    0.147734    0.307714
   84.126099  167.737522    0.106828    0.222512
   84.124960  167.727125    0.082114    0.171035
   84.123821  167.716742    0.119175    0.248229
   84.122682  167.706388    0.059755    0.124463
   84.120401  167.685741    0.160195    0.333670
   84.119261  167.675439    0.112039    0.233366
   84.118123  167.665145    0.081193    0.169117
   84.116985  167.654859    0.097574    0.203237
   84.115847  167.644582    0.132359    0.275690
   84.114711  167.634314    0.148644    0.309610
   84.113575  167.624054    0.056298    0.117263
   84.112440  167.613802    0.132414    0.275805
   84.111306  167.603554    0.114561    0.238620
   84.110172  167.593310    0.192381    0.441542
   84.109038  167.583064    0.131220    0.273317
   84.106769  167.562570    0.134581    0.280318
   84.105634  167.552322    0.146748    0.305661
   84.103358  167.531831    0.117232    0.244183
   84.102218  167.521581    0.157012    0.327040
   84.101077  167.511326    0.146496    0.305137
   84.099935  167.501056    0.137487    0.286371
   84.098792  167.490776    0.224677    0.746299
   84.095358  167.459917    0.154462    0.321729
   84.094211  167.449634    0.098353    0.204859
   84.093064  167.439352    0.189571    0.416520
   84.091916  167.429072    0.200388    0.518369
   84.089621  167.408517    0.164314    0.342250
   84.088473  167.398247    0.103280    0.215123
   84.087325  167.387986    0.153009    0.318702
   84.086177  167.377738    0.110925    0.231045
   84.085028  167.367502    0.095662    0.199253
   84.083881  167.357278    0.131659    0.274233
   84.082734  167.347063    0.089403    0.186217
   84.080443  167.326665    0.107324    0.223544
   84.079299  167.316484    0.053286    0.110990
   84.077014  167.296159    0.078915    0.164371
   84.075873  167.286018    0.107053    0.222980
   84.073593  167.265777    0.078120    0.162717
   84.072453  167.255687    0.026051    0.054261
   84.071313  167.245612    0.114685    0.238877
   84.070173  167.235542    0.093907    0.195599
   84.069033  167.225473    0.045883    0.095570
   84.066753  167.205291    0.057991    0.120789
   84.065612  167.195188    0.129006    0.268707
   84.064470  167.185080    0.084262    0.175508
   84.063326  167.174967    0.081176    0.169081
   84.061031  167.154728    0.128296    0.267228
   84.058732  167.134463    0.059068    0.123034
   84.057581  167.124320    0.097906    0.203928
   84.056429  167.114172    0.086721    0.180631
   84.055276  167.104021    0.106000    0.220787
   84.054121  167.093863    0.037725    0.078576
   84.052966  167.083703    0.025686    0.053502
   84.051811  167.073548    0.076553    0.159453
   84.050656  167.063399    0.000000    0.000000
   84.048349  167.043161    0.065965    0.137398
   84.047196  167.033060    0.113000    0.235368
   84.046044  167.022967    0.012214    0.025440
   84.044893  167.012870    0.020692    0.043099
   84.043742  167.002777    0.086325    0.179807
   84.042591  166.992696    0.000000    0.000000
   84.040292  166.972603    0.137947    0.287331
   84.039143  166.962602    0.154821    0.322477
   84.037995  166.952614    0.110778    0.230739
   84.036847  166.942636    0.192447    0.448194
   84.035700  166.932654    0.135129    0.281461
   84.034552  166.922671    0.073256    0.152585
   84.032257  166.902710    0.162112    0.337663
   84.031109  166.892730    0.135099    0.281397
   84.028813  166.872771    0.100046    0.208386
   84.027664  166.862792    0.225155    0.756639
   84.025362  166.842850    0.057587    0.119948
   84.024209  166.832876    0.197479    0.496556
   84.023056  166.822895    0.227416    0.778281
   84.021902  166.812890    0.139319    0.290187
   84.020747  166.802869    0.143084    0.298029
   84.018436  166.782816    0.065144    0.135689
   84.017279  166.772799    0.062775    0.130754
   84.016122  166.762790    0.071538    0.149006
   84.014964  166.752785    0.108520    0.226037
   84.013805  166.742782    0.036490    0.076005
   84.012647  166.732780    0.161885    0.337190
   84.011489  166.722778    0.091637    0.190871
   84.010331  166.712781    0.136987    0.285330
   84.009172  166.702788    0.154872    0.322583
   84.008014  166.692796    0.085368    0.177813
   84.006855  166.682808    0.109171    0.227393
   84.005696  166.672831    0.115711    0.241015
   84.004538  166.662868    0.143578    0.299060
   84.003379  166.652933    0.156523    0.326021
   84.002220  166.643019    0.057279    0.119306
   84.001061  166.633118    0.214250    0.656197
   83.999903  166.623226    0.169685    0.353438
   83.998745  166.613330    0.097605    0.203302
   83.997587  166.603435    0.110485    0.230130
   83.996429  166.593546    0.133484    0.278034
   83.995273  166.583663    0.107525    0.223964
   83.994118  166.573793    0.114400    0.238284
   83.991812  166.554079    0.195256    0.478260
   83.990660  166.544231    0.179402    0.373676
   83.989509  166.534391    0.144928    0.301870
   83.988359  166.524555    0.202398    0.545732
   83.987209  166.514717    0.191156    0.440064
   83.986058  166.504874    0.170775    0.355707
   83.984904  166.495012    0.148695    0.309718
   83.983748  166.485137    0.220549    0.716853
   83.982590  166.475258    0.113656    0.236734
   83.981431  166.465379    0.151378    0.315305
   83.980272  166.455517    0.209696    0.615038
   83.979111  166.445663    0.173865    0.362145
   83.977949  166.435809    0.162639    0.338761
   83.976787  166.425950    0.279717    1.274025
   83.975624  166.416072    0.190907    0.438659
   83.972133  166.386386    0.154190    0.321163
   83.970968  166.376487    0.139988    0.291581
   83.969803  166.366593    0.275681    1.236621
   83.968639  166.356708    0.148312    0.308919
   83.967473  166.346837    0.227787    0.786261
   83.966308  166.336997    0.176328    0.367274
   83.965142  166.327181    0.169853    0.353787
   83.963976  166.317380    0.197241    0.499181
   83.960484  166.288022    0.281471    1.291843
   83.959322  166.278251    0.208107    0.601775
   83.958160  166.268492    0.200764    0.532793
   83.956998  166.258756    0.232389    0.830393
   83.955837  166.249036    0.170831    0.355824
   83.954676  166.239326    0.202135    0.545971
   83.953516  166.229621    0.171257    0.356712
   83.952357  166.219916    0.260262    1.092971
   83.951199  166.210210    0.244250    0.942438
   83.950040  166.200499    0.265174    1.139367
   83.948881  166.190784    0.247923    0.977179
   83.947721  166.181054    0.225208    0.763580
   83.946559  166.171313    0.286269    1.338098
   83.945396  166.161567    0.231787    0.825662
   83.943069  166.142068    0.296628    1.435830
   83.941906  166.132320    0.282703    1.304927
   83.940741  166.122570    0.265925    1.147179
   83.938407  166.103062    0.222782    0.741503
   83.937238  166.093302    0.187809    0.412595
   83.936067  166.083542    0.187398    0.408823
   83.934895  166.073785    0.195398    0.484181
   83.933722  166.064033    0.226868    0.780319
   83.931373  166.044547    0.200585    0.533255
   83.929026  166.025085    0.235334    0.860341
   83.927854  166.015365    0.363651    2.067559
   83.926682  166.005651    0.451146    2.890740
   83.925511  165.995944    0.312481    1.586368
   83.924339  165.986239    0.266954    1.158174
   83.923167  165.976541    0.189572    0.430311
   83.921996  165.966854    0.170052    0.354202
   83.920825  165.957182    0.141697    0.295141
   83.919656  165.947538    0.087071    0.181359
   83.918489  165.937916    0.158461    0.330058
   83.917323  165.928310    0.388561    2.302734
   83.916157  165.918716    0.207262    0.597289
   83.913829  165.899562    0.192531    0.458893
   83.912665  165.889992    0.207846    0.603060
   83.911501  165.880420    0.199794    0.527407
   83.910336  165.870837    0.274441    1.229725
   83.909170  165.861243    0.238506    0.891769
   83.906836  165.842040    0.159983    0.333228
   83.905667  165.832437    0.156930    0.326870
   83.904499  165.822831    0.191664    0.451480
   83.903329  165.813217    0.213826    0.660065
   83.902157  165.803596    0.145381    0.302813
   83.900984  165.793955    0.129617    0.269979
   83.897456  165.764984    0.242900    0.934038
   83.896279  165.755332    0.124770    0.259885
   83.895103  165.745687    0.155862    0.324645
   83.893926  165.736049    0.151543    0.315649
   83.891572  165.716802    0.169636    0.353334
   83.890396  165.707197    0.100843    0.210045
   83.889219  165.697602    0.122767    0.255711
   83.886867  165.678442    0.095410    0.198729
   83.885691  165.668877    0.143425    0.298741
   83.884516  165.659325    0.152627    0.317906
   83.882166  165.640276    0.096713    0.201444
   83.880991  165.630785    0.139585    0.290741
   83.879817  165.621303    0.128802    0.268281
   83.877473  165.602344    0.159697    0.332633
   83.875133  165.583373    0.133889    0.278878
   83.873963  165.573889    0.166671    0.347159
   83.872791  165.564409    0.111392    0.232019
   83.871618  165.554933    0.106825    0.222506
   83.870445  165.545458    0.233369    0.846536
   83.869272  165.535984    0.180966    0.376934
   83.868099  165.526512    0.214783    0.671875
   83.866927  165.517041    0.106088    0.220971
   83.865754  165.507568    0.139431    0.290422
   83.864580  165.498091    0.112051    0.233392
   83.863404  165.488600    0.129249    0.269213
   83.862227  165.479100    0.188433    0.424459
   83.861049  165.469599    0.179009    0.372857
   83.859870  165.460097    0.123213    0.256640
   83.858690  165.450605    0.176039    0.366672
   83.857508  165.441120    0.206793    0.597557
   83.856326  165.431635    0.194471    0.481739
   83.855145  165.422151    0.202685    0.559100
   83.853965  165.412661    0.228092    0.798204
   83.852788  165.403167    0.163049    0.339615
   83.851610  165.393673    0.069512    0.144786
   83.850431  165.384180    0.230262    0.818901
   83.849249  165.374684    0.097992    0.204108
   83.848066  165.365190    0.157935    0.328963
   83.846882  165.355703    0.379894    2.226823
   83.845697  165.346226    0.181482    0.378009
   83.844514  165.336767    0.160890    0.335118
   83.843331  165.327325    0.144666    0.301326
   83.842149  165.317897    0.211983    0.647597
   83.839786  165.299087    0.181583    0.378219
   83.838604  165.289706    0.101969    0.212391
   83.837423  165.280336    0.065226    0.135859
   83.836243  165.270977    0.169841    0.353762
   83.835065  165.261629    0.352175    1.966988
   83.833888  165.252289    0.209502    0.624901
   83.832712  165.242953    0.256845    1.070371
   83.831536  165.233620    0.134205    0.279536
   83.830360  165.224285    0.210461    0.634206
   83.829183  165.214947    0.206997    0.601704
   83.828007  165.205608    0.196715    0.505073
   83.826830  165.196265    0.235559    0.870586
   83.825651  165.186920    0.180866    0.376725
   83.823290  165.168213    0.145604    0.303278
   83.822109  165.158847    0.193076    0.471307
   83.819746  165.140060    0.165017    0.343714
   83.818564  165.130654    0.195528    0.494653
   83.815008  165.102435    0.127910    0.266423
   83.813820  165.093037    0.219494    0.720483
   83.812631  165.083643    0.252235    1.028580
   83.811441  165.074255    0.177061    0.368800
   83.810249  165.064873    0.234268    0.859740
   83.809057  165.055500    0.139942    0.291485
   83.807866  165.046137    0.164686    0.343025
   83.806675  165.036790    0.177762    0.370260
   83.805486  165.027456    0.109257    0.227571
   83.803109  165.008820    0.136171    0.283630
   83.801922  164.999514    0.191756    0.460470
   83.800736  164.990216    0.212813    0.658658
   83.799551  164.980930    0.153141    0.318977
   83.798367  164.971656    0.173886    0.362187
   83.797183  164.962404    0.181285    0.377599
   83.796001  164.953168    0.263387    1.134790
   83.793636  164.934720    0.233697    0.855670
   83.792453  164.925501    0.216631    0.695221
   83.791269  164.916281    0.138808    0.289123
   83.790085  164.907062    0.156142    0.325229
   83.788901  164.897839    0.204229    0.578831
   83.787717  164.888610    0.357627    2.021984
   83.786532  164.879375    0.232768    0.847491
   83.785347  164.870134    0.260695    1.110297
   83.784161  164.860889    0.202730    0.565100
   83.782973  164.851636    0.179049    0.372942
   83.781783  164.842376    0.162550    0.338576
   83.780593  164.833113    0.184436    0.393277
   83.779403  164.823847    0.156285    0.325527
   83.778213  164.814579    0.138248    0.287958
   83.777023  164.805310    0.191290    0.458035
   83.775834  164.796042    0.179100    0.373048
   83.773452  164.777507    0.214004    0.671993
   83.772259  164.768244    0.200537    0.545402
   83.771066  164.758986    0.167773    0.349455
   83.769872  164.749738    0.223967    0.765997
   83.768678  164.740508    0.316731    1.638751
   83.767484  164.731291    0.185113    0.400677
   83.766289  164.722085    0.197362    0.515995
   83.765095  164.712887    0.193719    0.481815
   83.763902  164.703695    0.173200    0.360759
   83.762709  164.694509    0.205436    0.592227
   83.761517  164.685330    0.186677    0.415854
   83.760325  164.676161    0.190588    0.452732
   83.759133  164.667002    0.124361    0.259031
   83.757942  164.657852    0.233513    0.856729
   83.756752  164.648711    0.147728    0.307703
   83.755562  164.639574    0.177346    0.369393
   83.754375  164.630441    0.162084    0.337605
   83.752003  164.612187    0.115989    0.241594
   83.749626  164.593955    0.139111    0.289754
   83.748434  164.584848    0.170919    0.356007
   83.747242  164.575741    0.223126    0.759850
   83.746048  164.566631    0.122790    0.255760
   83.744857  164.557513    0.139493    0.290551
   83.743665  164.548386    0.326693    1.734417
   83.742474  164.539252    0.338894    1.849291
   83.741282  164.530108    0.164052    0.341704
   83.740089  164.520949    0.249093    1.004695
   83.738895  164.511778    0.138728    0.288956
   83.737700  164.502603    0.105964    0.220713
   83.736505  164.493428    0.256045    1.070372
   83.735308  164.484260    0.153305    0.319319
   83.732911  164.465947    0.271993    1.220677
   83.731713  164.456803    0.199010    0.534198
   83.730514  164.447677    0.106556    0.221947
   83.729316  164.438564    0.192992    0.477773
   83.719745  164.365885    0.309355    1.573186
   83.718551  164.356844    0.242126    0.940828
   83.717358  164.347810    0.172156    0.358585
   83.716165  164.338784    0.166656    0.347129
   83.714971  164.329763    0.200279    0.547439
   83.712582  164.311738    0.178970    0.372778
   83.710191  164.293739    0.145255    0.302552
   83.706598  164.266732    0.212193    0.660170
   83.705399  164.257712    0.154242    0.321271
   83.704199  164.248688    0.180115    0.375161
   83.703000  164.239662    0.221490    0.747909
   83.701801  164.230636    0.150620    0.313726
   83.700603  164.221610    0.233497    0.861050
   83.699405  164.212583    0.236157    0.886167
   83.697006  164.194521    0.247468    0.992756
   83.695805  164.185484    0.337635    1.841081
   83.694604  164.176450    0.292936    1.420678
   83.693402  164.167421    0.415861    2.577173
   83.692201  164.158403    0.285931    1.354967
   83.690999  164.149395    0.285511    1.351112
   83.689798  164.140393    0.296100    1.450817
   83.688596  164.131397    0.341894    1.881710
   83.687395  164.122405    0.251041    1.027120
   83.686193  164.113417    0.403600    2.462383
   83.683790  164.095455    0.236162    0.887431
   83.682588  164.086478    0.219804    0.733634
   83.681386  164.077505    0.259327    1.105540
   83.680183  164.068539    0.295410    1.445074
   83.678981  164.059585    0.159715    0.332671
   83.677781  164.050649    0.170279    0.354674
   83.676582  164.041729    0.263641    1.146488
   83.675383  164.032820    0.516247    3.522940
   83.674185  164.023919    0.312641    1.607635
   83.672985  164.015029    0.323636    1.711164
   83.671784  164.006145    0.254269    1.058702
   83.670584  163.997263    0.403856    2.466001
   83.669384  163.988379    0.231582    0.845453
   83.668185  163.979483    0.257626    1.090552
   83.666987  163.970578    0.267548    1.183984
   83.665789  163.961671    0.316870    1.648070
   83.664590  163.952768    0.250641    1.025122
   83.663388  163.943878    0.261560    1.127926
   83.662185  163.934998    0.295783    1.449974
   83.660981  163.926119    0.240813    0.932942
   83.659777  163.917237    0.287922    1.376208
   83.658571  163.908344    0.247705    0.997959
   83.654953  163.881619    0.070673    0.147205
   83.653746  163.872700    0.348126    1.943028
   83.651332  163.854852    0.331703    1.788715
   83.650124  163.845927    0.268855    1.197569
   83.648916  163.837002    0.250645    1.026361
   83.647707  163.828078    0.232519    0.855930
   83.646499  163.819163    0.274764    1.253443
   83.644083  163.801373    0.252754    1.046566
   83.642876  163.792506    0.276937    1.274160
   83.641670  163.783652    0.328977    1.763813
   83.638050  163.757165    0.242272    0.948425
   83.636844  163.748359    0.287913    1.377879
   83.635639  163.739561    0.375990    2.206533
   83.634436  163.730776    0.423288    2.651574
   83.633234  163.721999    0.349856    1.960871
   83.632033  163.713225    0.393630    2.372756
   83.629630  163.695671    0.400105    2.433850
   83.628428  163.686885    0.357401    2.032218
   83.627225  163.678097    0.344651    1.912362
   83.626022  163.669309    0.129227    0.269168
   83.624816  163.660524    0.107481    0.223872
   83.623609  163.651740    0.292468    1.421739
   83.622401  163.642957    0.165371    0.344451
   83.619981  163.625390    0.080468    0.167606
   83.618770  163.616606    0.128417    0.267479
   83.613924  163.581385    0.352262    1.984976
   83.612713  163.572559    0.161693    0.336791
   83.611502  163.563738    0.061831    0.128788
   83.610291  163.554938    0.291790    1.416375
   83.609080  163.546154    0.301710    1.509787
   83.607868  163.537380    0.217161    0.714503
   83.606656  163.528612    0.309908    1.587094
   83.605441  163.519845    0.363173    2.088268
   83.604225  163.511082    0.336532    1.837745
   83.603009  163.502324    0.278173    1.288834
   83.601793  163.493572    0.232097    0.855476
   83.600580  163.484825    0.379430    2.241580
   83.599369  163.476085    0.307907    1.568829
   83.596951  163.458631    0.229187    0.828466
   83.595743  163.449923    0.257332    1.093329
   83.594536  163.441228    0.183071    0.394819
   83.593328  163.432542    0.176920    0.368506
   83.592121  163.423863    0.174893    0.364284
   83.590912  163.415188    0.234677    0.880576
   83.589703  163.406517    0.225250    0.791983
   83.588493  163.397850    0.173203    0.360766
   83.587283  163.389185    0.215019    0.695922
   83.586072  163.380525    0.206889    0.619530
   83.583650  163.363202    0.239820    0.929512
   83.581227  163.345854    0.199107    0.546693
   83.577589  163.319771    0.184372    0.408350
   83.576373  163.311077    0.181265    0.379217
   83.575156  163.302385    0.106889    0.222638
   83.571502  163.276321    0.437332    2.788501
   83.570284  163.267638    0.232086    0.857777
   83.569065  163.258956    0.176741    0.368135
   83.566628  163.241584    0.281082    1.318972
   83.565410  163.232889    0.370780    2.162888
   83.562975  163.215521    0.238551    0.919151
   83.561760  163.206863    0.222281    0.766186
   83.560547  163.198223    0.181232    0.380113
   83.555697  163.163786    0.299541    1.493455
   83.554484  163.155201    0.263842    1.157718
   83.553271  163.146624    0.229459    0.834355
   83.550847  163.129481    0.409269    2.526076
   83.549634  163.120912    0.243698    0.968588
   83.548422  163.112343    0.217331    0.720632
   83.547209  163.103766    0.137816    0.287057
   83.545995  163.095184    0.204478    0.599909
   83.544781  163.086600    0.222036    0.765172
   83.543566  163.078017    0.134984    0.281158
   83.541134  163.060856    0.254079    1.066887
   83.539916  163.052279    0.213605    0.686227
   83.537478  163.035130    0.216099    0.709878
   83.536257  163.026559    0.279352    1.305013
   83.535036  163.017988    0.194330    0.505277
   83.533815  163.009417    0.235018    0.888128
   83.532596  163.000842    0.231127    0.851624
   83.531377  162.992266    0.273329    1.248723
   83.530159  162.983689    0.188402    0.449880
   83.527720  162.966533    0.278044    1.293360
   83.526497  162.957954    0.294769    1.450787
   83.524051  162.940811    0.385896    2.308234
   83.522827  162.932256    0.402237    2.462053
   83.521602  162.923711    0.480384    3.197300
   83.520378  162.915174    0.335679    1.836106
   83.519154  162.906644    0.384749    2.297816
   83.517931  162.898120    0.241329    0.948710
   83.516710  162.889602    0.204417    0.601556
   83.515489  162.881090    0.261898    1.142398
   83.514269  162.872583    0.321524    1.703409
   83.513049  162.864081    0.289157    1.399018
   83.511831  162.855582    0.360217    2.067593
   83.510612  162.847090    0.318384    1.674147
   83.509394  162.838604    0.267918    1.199494
   83.508177  162.830125    0.263541    1.158407
   83.506960  162.821653    0.245204    0.986000
   83.505743  162.813187    0.297056    1.473875
   83.504526  162.804728    0.226711    0.812212
   83.503307  162.796279    0.272933    1.247126
   83.502088  162.787837    0.279367    1.307748
   83.500867  162.779397    0.252041    1.050782
   83.499647  162.770956    0.261377    1.138694
   83.498426  162.762504    0.309872    1.594994
   83.497206  162.754046    0.306414    1.562559
   83.495986  162.745584    0.268797    1.208775
   83.494765  162.737118    0.304790    1.547465
   83.493544  162.728649    0.250128    1.033338
   83.492322  162.720177    0.328972    1.775143
   83.491099  162.711704    0.363945    2.104233
   83.489875  162.703230    0.336593    1.847022
   83.488649  162.694756    0.248232    1.015874
   83.487420  162.686283    0.329897    1.784212
   83.486190  162.677812    0.307827    1.576681
   83.484960  162.669343    0.307857    1.577055
   83.483730  162.660875    0.256917    1.097940
   83.482501  162.652410    0.372178    2.182332
   83.481272  162.643950    0.319146    1.683536
   83.477590  162.618622    0.303197    1.533772
   83.476363  162.610199    0.304293    1.544176
   83.475138  162.601785    0.258203    1.110680
   83.472689  162.584993    0.212914    0.684815
   83.471466  162.576611    0.235929    0.901415
   83.470243  162.568237    0.348146    1.957171
   83.469020  162.559870    0.419873    2.632029
   83.466576  162.543156    0.390836    2.359046
   83.465354  162.534803    0.358578    2.055677
   83.464130  162.526449    0.303227    1.535065
   83.462906  162.518093    0.330058    1.787562
   83.461682  162.509739    0.263717    1.163559
   83.460457  162.501387    0.221424    0.765786
   83.459232  162.493042    0.302230    1.526047
   83.458007  162.484701    0.401284    2.457974
   83.456782  162.476355    0.296959    1.476645
   83.455555  162.468001    0.343627    1.915756
   83.454327  162.459620    0.355296    2.025630
   83.453098  162.451220    0.332167    1.808140
   83.450637  162.434414    0.331901    1.805817
   83.448178  162.417652    0.288371    1.396500
   83.446949  162.409283    0.252905    1.062951
   83.444486  162.392549    0.346305    1.941778
   83.443253  162.384180    0.276340    1.283689
   83.442020  162.375821    0.273323    1.255397
   83.438318  162.350875    0.361095    2.081379
   83.437086  162.342594    0.316573    1.662631
   83.433397  162.317682    0.278624    1.305911
   83.432170  162.309357    0.314057    1.639330
   83.430944  162.301036    0.213482    0.693285
   83.429717  162.292731    0.258470    1.116589
   83.427263  162.276159    0.266007    1.187679
   83.426036  162.267887    0.289669    1.410365
   83.424811  162.259623    0.206374    0.626873
   83.423586  162.251369    0.284641    1.363245
   83.422361  162.243121    0.276264    1.284534
   83.421135  162.234879    0.279140    1.311683
   83.419909  162.226649    0.150876    0.314259
   83.418683  162.218424    0.303302    1.539162
   83.417455  162.210197    0.182481    0.402653
   83.416227  162.201966    0.272428    1.248907
   83.412539  162.177180    0.221895    0.773801
   83.410076  162.160626    0.254808    1.083605
   83.408843  162.152347    0.277530    1.297451
   83.405141  162.127524    0.265245    1.182162
   83.403905  162.119260    0.388936    2.345861
   83.402670  162.111002    0.481856    3.220082
   79.397635  146.652600    0.200593    0.837060
   79.396203  146.649330    0.222317    1.041517
   79.394771  146.646063    0.194666    0.781475
   79.393338  146.642797    0.170235    0.551736
   79.390475  146.636264    0.186922    0.708878
   79.389044  146.632997    0.205056    0.879557
   79.387613  146.629730    0.120350    0.250676
   79.386181  146.626464    0.197438    0.808069
   79.384750  146.623197    0.135883    0.283030
   79.383318  146.619930    0.131012    0.272884
   79.381887  146.616663    0.163140    0.485667
   79.380455  146.613394    0.181267    0.656283
   79.379023  146.610123    0.116390    0.242429
   79.377590  146.606854    0.119873    0.249684
   79.376158  146.603587    0.108995    0.227026
   79.374725  146.600327    0.087484    0.182221
   79.373291  146.597073    0.108557    0.226114
   79.371858  146.593821    0.139635    0.290846
   79.370425  146.590570    0.257717    1.376068
   79.368993  146.587318    0.146950    0.334130
   79.367561  146.584065    0.077966    0.162395
   79.366130  146.580813    0.050179    0.104518
   79.364699  146.577563    0.135581    0.282403
   79.363268  146.574315    0.104167    0.216969
   79.361838  146.571070    0.114579    0.238656
   79.360408  146.567825    0.191633    0.754992
   79.358977  146.564579    0.212453    0.950943
   79.357545  146.561328    0.219837    1.020485
   79.356111  146.558074    0.183254    0.676426
   79.354678  146.554822    0.213300    0.959163
   79.353244  146.551574    0.212557    0.952258
   79.351809  146.548341    0.218034    1.003870
   79.350375  146.545116    0.255517    1.356567
   79.348940  146.541890    0.169911    0.551332
   79.347505  146.538659    0.171283    0.564323
   79.344635  146.532136    0.188682    0.728177
   79.343201  146.528865    0.135703    0.282656
   79.341766  146.525594    0.154724    0.408889
   79.340333  146.522338    0.182988    0.674863
   79.338900  146.519093    0.176271    0.611765
   79.337468  146.515853    0.202262    0.856355
   79.336035  146.512618    0.228666    1.104832
   79.334600  146.509386    0.226866    1.087981
   79.331728  146.502930    0.149655    0.361805
   79.330292  146.499706    0.151823    0.382284
   79.328859  146.496484    0.207232    0.903623
   79.327427  146.493264    0.219964    1.023485
   79.325996  146.490044    0.255454    1.357428
   79.324565  146.486824    0.168571    0.540181
   79.321697  146.480374    0.125312    0.261012
   79.318827  146.473922    0.201805    0.853170
   79.317394  146.470698    0.204462    0.878244
   79.315962  146.467475    0.141687    0.295119
   79.314529  146.464254    0.176236    0.612885
   79.313096  146.461032    0.190846    0.750418
   79.311663  146.457810    0.178125    0.630828
   79.308794  146.451366    0.186474    0.709539
   79.305925  146.444927    0.211632    0.946386
   79.304491  146.441711    0.214831    0.976561
   79.301622  146.435278    0.140272    0.292172
   79.298750  146.428833    0.228453    1.105051
   79.297313  146.425610    0.318791    1.954981
   79.295878  146.422390    0.253494    1.340796
   79.291579  146.412773    0.166373    0.521476
   79.290147  146.409569    0.236477    1.181050
   79.288714  146.406355    0.252266    1.329665
   79.287280  146.403137    0.190862    0.752104
   79.285845  146.399918    0.180791    0.657452
   79.284411  146.396701    0.167651    0.533927
   79.282976  146.393491    0.200942    0.847192
   79.281541  146.390286    0.276207    1.555322
   79.280106  146.387084    0.150265    0.370630
   79.278670  146.383883    0.249196    1.301393
   79.277234  146.380680    0.170609    0.562185
   79.275798  146.377476    0.255925    1.364859
   79.274361  146.374272    0.121922    0.253951
   79.270049  146.364653    0.214890    0.979173
   79.268612  146.361448    0.218471    1.012948
   79.267176  146.358246    0.256062    1.366671
   79.265742  146.355053    0.264902    1.449910
   79.255707  146.332758    0.315159    1.923294
   79.252839  146.326388    0.147200    0.343422
   79.251405  146.323202    0.167047    0.530220
   79.249969  146.320016    0.185837    0.707065
   79.248532  146.316829    0.105900    0.220579
   79.247092  146.313639    0.160926    0.472894
   79.245651  146.310448    0.108643    0.226293
   79.244211  146.307256    0.160358    0.467724
   79.242771  146.304059    0.180925    0.661288
   79.239892  146.297664    0.121250    0.252551
   79.234151  146.284925    0.191869    0.764761
   79.232717  146.281747    0.111029    0.231263
   79.231281  146.278563    0.118882    0.247620
   79.229844  146.275375    0.110424    0.230002
   79.228407  146.272187    0.160109    0.466325
   79.226970  146.269001    0.215976    0.991969
   79.225534  146.265820    0.126105    0.262664
   79.224099  146.262643    0.166998    0.531392
   79.222665  146.259468    0.172388    0.582179
   79.221230  146.256296    0.209451    0.930927
   79.218364  146.249954    0.091751    0.191108
   79.216931  146.246785    0.191705    0.764249
   79.212627  146.237283    0.167011    0.532198
   79.211190  146.234117    0.202031    0.861732
   79.209754  146.230951    0.098870    0.205937
   79.205448  146.221451    0.160389    0.470334
   79.204013  146.218285    0.151248    0.384428
   79.202575  146.215120    0.122151    0.254428
   79.201137  146.211957    0.206476    0.904140
   79.198260  146.205635    0.195579    0.801802
   79.196821  146.202476    0.213323    0.968810
   79.195383  146.199318    0.000000    0.000000
   79.193945  146.196164    0.148576    0.359879
   79.191073  146.189868    0.189205    0.742265
   79.189638  146.186728    0.226838    1.096373
   79.188204  146.183590    0.158902    0.457360
   79.186769  146.180450    0.194985    0.796889
   79.185333  146.177304    0.183312    0.687167
   79.183896  146.174152    0.157628    0.445627
   79.181021  146.167848    0.147198    0.347680
   79.179582  146.164700    0.221455    1.046325
   79.178143  146.161555    0.177605    0.633901
   79.176704  146.158411    0.144133    0.319102
   79.175265  146.155268    0.151580    0.389243
   79.172387  146.148981    0.231722    1.143335
   79.170949  146.145839    0.272889    1.530699
   79.169510  146.142696    0.200371    0.848577
   79.162319  146.126987    0.191633    0.766803
   79.153680  146.108159    0.236633    1.190645
   79.152240  146.105025    0.282355    1.620850
   79.150801  146.101898    0.237764    1.201455
   79.149362  146.098775    0.196039    0.809018
   79.147924  146.095654    0.156688    0.438918
   79.146486  146.092534    0.191188    0.763555
   79.143615  146.086284    0.205811    0.901290
   79.142181  146.083159    0.197553    0.823684
   79.140746  146.080036    0.189382    0.746901
   79.137873  146.073807    0.222834    1.061770
   79.136436  146.070695    0.174621    0.608293
   79.134999  146.067584    0.171428    0.578341
   79.133562  146.064472    0.191067    0.763177
   79.132125  146.061357    0.196999    0.819069
   79.129251  146.055125    0.196382    0.813435
   79.124935  146.045767    0.217559    1.012908
   79.123495  146.042644    0.212264    0.963184
   79.122055  146.039515    0.276128    1.564056
   79.120615  146.036384    0.212085    0.961666
   79.117735  146.030126    0.225126    1.084519
   79.116294  146.027012    0.229807    1.128639
   79.113413  146.020801    0.217922    1.017006
   79.111972  146.017699    0.140780    0.293232
   79.110531  146.014594    0.193714    0.789443
   79.107650  146.008379    0.206729    0.912050
   79.106210  146.005270    0.225323    1.087050
   79.104770  146.002156    0.223033    1.065594
   79.103330  145.999041    0.257688    1.391693
   79.099017  145.989719    0.162664    0.498027
   79.097581  145.986628    0.145615    0.337730
   79.096145  145.983540    0.219424    1.032155
   79.093271  145.977368    0.303584    1.824044
   79.091832  145.974280    0.258912    1.403890
   79.090393  145.971190    0.303994    1.828079
   79.088954  145.968100    0.199853    0.848470
   79.086082  145.961909    0.184111    0.700549
   79.084647  145.958812    0.210621    0.950024
   79.083211  145.955714    0.248080    1.302503
   79.081773  145.952616    0.181891    0.679922
   79.080334  145.949518    0.199228    0.843101
   79.078893  145.946422    0.181363    0.675125
   79.077451  145.943327    0.182599    0.686843
   79.076007  145.940236    0.162593    0.498722
   79.074563  145.937148    0.231268    1.144852
   79.073118  145.934062    0.260832    1.423055
   79.071674  145.930978    0.192064    0.776226
   79.070233  145.927895    0.195072    0.804606
   79.068794  145.924814    0.324628    2.023463
   79.067356  145.921734    0.211081    0.955373
   79.064480  145.915574    0.200345    0.854550
   79.063041  145.912494    0.249308    1.315245
   79.061601  145.909414    0.250080    1.322596
   79.058721  145.903252    0.244459    1.269892
   79.057280  145.900169    0.202719    0.877314
   79.054399  145.894003    0.244581    1.271296
   79.052958  145.890919    0.129179    0.269067
   79.051517  145.887836    0.212662    0.971193
   79.050076  145.884754    0.150291    0.384539
   79.048635  145.881672    0.239616    1.224936
   79.047194  145.878594    0.233561    1.168061
   79.045753  145.875517    0.260749    1.423910
   79.044313  145.872442    0.150905    0.390655
   79.042873  145.869366    0.176364    0.630245
   79.041434  145.866289    0.248315    1.307200
   79.039997  145.863212    0.130004    0.270786
   79.038559  145.860136    0.164154    0.515646
   79.037121  145.857063    0.134714    0.280596
   79.035683  145.853997    0.147441    0.358585
   79.034243  145.850936    0.203319    0.884334
   79.028483  145.838692    0.163694    0.511920
   79.027043  145.835627    0.118588    0.247006
   79.025603  145.832560    0.131889    0.274713
   79.024164  145.829488    0.255502    1.375843
   79.022725  145.826414    0.121159    0.252362
   79.021285  145.823340    0.144861    0.335179
   79.019844  145.820268    0.187735    0.738601
   79.018402  145.817205    0.105404    0.219545
   79.015512  145.811092    0.092349    0.192353
   79.014068  145.808039    0.128819    0.268317
   79.012624  145.804985    0.119580    0.249074
   79.011181  145.801932    0.088572    0.184487
   79.009738  145.798879    0.122939    0.256070
   79.006855  145.792774    0.136079    0.283439
   79.005414  145.789722    0.085282    0.177635
   79.003973  145.786671    0.109669    0.228430
   79.002533  145.783621    0.225743    1.097189
   79.001093  145.780572    0.023607    0.049171
   78.999653  145.777524    0.168946    0.563053
   78.998214  145.774480    0.138069    0.287584
   78.996776  145.771439    0.162208    0.499834
   78.995340  145.768406    0.113469    0.236344
   78.993906  145.765379    0.164649    0.522969
   78.975183  145.725815    0.160079    0.481089
   78.973739  145.722766    0.136398    0.284104
   78.972296  145.719711    0.180867    0.676821
   78.970853  145.716654    0.144985    0.339355
   78.969410  145.713597    0.224248    1.085092
   78.967968  145.710542    0.225431    1.096311
   78.966525  145.707491    0.159466    0.475842
   78.965082  145.704445    0.181420    0.682449
   78.963640  145.701404    0.136351    0.284005
   78.962198  145.698370    0.131617    0.274145
   78.960757  145.695348    0.019644    0.040916
   78.959316  145.692335    0.181476    0.683319
   78.956435  145.686318    0.248476    1.313779
   78.954993  145.683306    0.257185    1.395794
   78.953551  145.680290    0.262093    1.442051
   78.952110  145.677273    0.217624    1.023803
   78.950668  145.674256    0.274888    1.562595
   78.949227  145.671238    0.155139    0.436159
   78.947786  145.668219    0.191389    0.777256
   78.946345  145.665200    0.250052    1.329207
   78.944904  145.662182    0.141601    0.309057
   78.943461  145.659164    0.276384    1.577092
   78.942016  145.656147    0.220252    1.049123
   78.940572  145.653130    0.212168    0.973158
   78.939128  145.650114    0.152378    0.410778
   78.927590  145.625966    0.000000    0.000000
   78.926146  145.622946    0.043658    0.090936
   78.917479  145.604857    0.090388    0.188269
   78.914593  145.598843    0.129351    0.269425
   78.910272  145.589835    0.148242    0.373587
   78.908833  145.586826    0.175515    0.630235
   78.907394  145.583814    0.244949    1.283510
   78.905955  145.580805    0.205824    0.915534
   78.904516  145.577801    0.212353    0.977039
   78.903076  145.574817    0.201037    0.870668
   78.901636  145.571844    0.244017    1.275079
   78.900196  145.568873    0.182457    0.696050
   78.898755  145.565901    0.159990    0.484782
   78.897314  145.562914    0.108229    0.225431
   78.895873  145.559918    0.232168    1.163955
   78.892990  145.553914    0.211199    0.966868
   78.891546  145.550912    0.193895    0.804170
   78.890100  145.547910    0.192823    0.794164
   78.888654  145.544909    0.176871    0.644186
   78.887208  145.541907    0.177935    0.654279
   78.885761  145.538906    0.127201    0.264948
   78.884313  145.535906    0.177034    0.645981
   78.882867  145.532906    0.209892    0.955175
   78.881420  145.529908    0.171758    0.596520
   78.879976  145.526910    0.215559    1.008653
   78.878532  145.523913    0.213759    0.991808
   78.875647  145.517926    0.098405    0.204968
   78.874205  145.514940    0.076703    0.159766
   78.866998  145.500039    0.206515    0.924345
   78.865556  145.497059    0.245709    1.293143
   78.862671  145.491103    0.200538    0.868373
   78.861228  145.488130    0.217298    1.026127
   78.859784  145.485158    0.237917    1.220185
   78.858339  145.482188    0.360425    2.372741
   78.856895  145.479222    0.242303    1.261614
   78.855451  145.476258    0.117344    0.244416
   78.854007  145.473294    0.107003    0.222877
   78.852563  145.470327    0.196674    0.832625
   78.851118  145.467352    0.209163    0.950197
   78.849673  145.464371    0.092808    0.193311
   78.848228  145.461388    0.146799    0.363689
   78.846782  145.458405    0.251287    1.346730
   78.845337  145.455424    0.179605    0.672481
   78.843891  145.452445    0.154746    0.438706
   78.842446  145.449469    0.161815    0.505292
   78.841001  145.446495    0.159990    0.488215
   78.839556  145.443528    0.227928    1.127410
   78.838111  145.440566    0.218596    1.039714
   78.836667  145.437605    0.179314    0.670256
   78.835222  145.434645    0.205996    0.921353
   78.832331  145.428710    0.287289    1.686268
   78.830885  145.425741    0.222196    1.074008
   78.829440  145.422772    0.169885    0.581986
   78.827994  145.419808    0.177676    0.655365
   78.826549  145.416845    0.110799    0.230783
   78.822214  145.407956    0.306161    1.864407
   78.820770  145.404988    0.240596    1.247703
   78.819325  145.402022    0.230873    1.156325
   78.817881  145.399058    0.219282    1.047370
   78.816437  145.396102    0.170080    0.584597
   78.814993  145.393151    0.170755    0.591027
   78.813550  145.390203    0.284435    1.660537
   78.810664  145.384301    0.225713    1.108297
   78.809221  145.381344    0.159052    0.481274
   78.807778  145.378388    0.255465    1.388356
   78.806335  145.375434    0.247601    1.314463
   78.804892  145.372485    0.243963    1.280317
   78.802007  145.366599    0.120224    0.250416
   78.800564  145.363661    0.230458    1.153536
   78.797682  145.357806    0.302352    1.830037
   78.796241  145.354879    0.250734    1.344536
   78.794799  145.351951    0.251062    1.347705
   78.777440  145.316581    0.274156    1.565994
   78.771650  145.304847    0.178064    0.662356
   78.770206  145.301908    0.306493    1.870619
   78.767323  145.296027    0.166313    0.552073
   78.765883  145.293090    0.243887    1.281923
   78.763003  145.287231    0.256311    1.398969
   78.761562  145.284307    0.219737    1.054991
   78.758678  145.278472    0.127340    0.265236
   78.731205  145.222878    0.153625    0.434830
   78.729759  145.219951    0.201313    0.883534
   78.728312  145.217021    0.290370    1.721413
   78.726866  145.214094    0.206759    0.934943
   78.725419  145.211170    0.193997    0.814965
   78.723972  145.208263    0.187884    0.757545
   78.722525  145.205364    0.131725    0.274371
   78.718183  145.196666    0.197394    0.847347
   78.716734  145.193753    0.241064    1.258257
   78.715286  145.190839    0.241705    1.264371
   78.713838  145.187923    0.111041    0.231288
   78.712391  145.185010    0.251150    1.353391
   78.710945  145.182099    0.105013    0.218731
   78.709499  145.179189    0.352392    2.305983
   78.706607  145.173381    0.331129    2.106122
   78.705161  145.170482    0.221439    1.074319
   78.703715  145.167587    0.192996    0.806823
   78.702269  145.164693    0.242864    1.276035
   78.700822  145.161803    0.143168    0.338247
   78.699375  145.158914    0.042114    0.087719
   78.697927  145.156025    0.290309    1.722627
   78.690684  145.141514    0.214304    1.008047
   78.689235  145.138615    0.120583    0.251163
   78.687786  145.135721    0.067864    0.141355
   78.686337  145.132829    0.195345    0.829951
   78.684889  145.129939    0.291594    1.735475
   78.683440  145.127047    0.267164    1.505746
   78.681992  145.124154    0.257267    1.412721
