Converting ICESat/GLAS binary freeboard vector data to ASCII
Wed Feb 12 09:57:56 2014

write_fb:
  file_in:       laser3k0101002.dat
  laser_period:  3k
  track:         0101
  cycle:         002
  file_out:      laser3k0101002.txt
  non_zero_only:        0
  nan_replace:       -999

read_fb:
  Year:                  2008
  Month:                   10
  Day:                     16
  Hour:                     3
  Minute:                   7
  Doy:                    290
  record_count:          1373
  non_zero_count:        1368
  nan_count:                0

    Latitude   Longitude   Freeboard   Thickness
   82.562823   62.657064    0.027022    0.058053
   82.564129   62.650518    0.044156    0.094863
   82.583715   62.552378    0.140557    0.578251
   82.585015   62.545857    0.372338    2.758420
   82.586316   62.539340    0.219769    1.322875
   82.587618   62.532834    0.285592    1.941819
   82.588922   62.526335    0.206609    1.198530
   82.590226   62.519837    0.297339    2.051779
   82.591531   62.513333    0.239352    1.506004
   82.592836   62.506817    0.338767    2.440960
   82.594140   62.500286    0.238614    1.498514
   82.595444   62.493744    0.243364    1.542928
   82.596748   62.487191    0.183158    0.976270
   82.598051   62.480624    0.257052    1.671148
   82.599354   62.474041    0.265178    1.747317
   82.600656   62.467454    0.437816    3.371101
   82.601959   62.460866    0.290469    1.984683
   82.603263   62.454294    0.388076    2.902629
   82.604568   62.447740    0.249594    1.599611
   82.605873   62.441185    0.318881    2.251143
   82.607178   62.434627    0.157586    0.733517
   82.608483   62.428053    0.236487    1.475487
   82.609786   62.421461    0.200142    1.133302
   82.611089   62.414858    0.367333    2.705853
   82.612391   62.408245    0.244438    1.549464
   82.613692   62.401618    0.311366    2.178800
   82.614992   62.394978    0.240910    1.515721
   82.616292   62.388335    0.206362    1.190450
   82.617591   62.381692    0.084559    0.181660
   82.624098   62.348619    0.414470    3.146543
   82.625401   62.342016    0.229051    1.401969
   82.626703   62.335413    0.212441    1.245443
   82.628004   62.328809    0.212666    1.247286
   82.629305   62.322197    0.326033    2.313489
   82.630603   62.315576    0.410583    3.108608
   82.631902   62.308954    0.249226    1.590398
   82.633200   62.302335    0.268760    1.773880
   82.634499   62.295726    0.283018    1.907740
   82.635798   62.289129    0.291487    1.987137
   82.637098   62.282536    0.294447    2.014712
   82.638398   62.275943    0.264258    1.730436
   82.639700   62.269351    0.201605    1.140769
   82.641002   62.262757    0.255209    1.644762
   82.642305   62.256156    0.242490    1.524840
   82.643607   62.249547    0.235933    1.462883
   82.644908   62.242918    0.237965    1.481717
   82.646208   62.236269    0.321997    2.271962
   82.647508   62.229610    0.336370    2.406901
   82.648807   62.222945    0.448939    3.465600
   82.650105   62.216280    0.393335    2.942240
   82.651404   62.209619    0.411658    3.114339
   82.652703   62.202953    0.354825    2.579416
   82.654002   62.196282    0.395538    2.962144
   82.655303   62.189602    0.314301    2.197648
   82.656606   62.182910    0.321218    2.262447
   82.657909   62.176214    0.274984    1.827228
   82.659212   62.169516    0.308615    2.143339
   82.660513   62.162822    0.226511    1.370677
   82.661812   62.156133    0.439345    3.372604
   82.663111   62.149442    0.330356    2.347038
   82.664409   62.142746    0.310905    2.163786
   82.665706   62.136034    0.505553    3.994626
   82.667002   62.129305    0.373598    2.753008
   82.668298   62.122576    0.270005    1.778196
   82.669594   62.115853    0.109471    0.267727
   82.670892   62.109150    0.105570    0.230760
   82.673493   62.095803    0.376094    2.775125
   82.674794   62.089139    0.275136    1.825103
   85.143810   39.702299    0.367200    2.132716
   85.144693   39.687265    0.525968    3.626059
   85.145576   39.672218    0.387676    2.324863
   85.146459   39.657158    0.463645    3.039292
   85.147342   39.642073    0.427831    2.702139
   85.148226   39.626965    0.457748    2.983343
   85.149110   39.611846    0.404487    2.482064
   85.150880   39.581597    0.396806    2.409327
   85.152655   39.551363    0.443516    2.848266
   85.153543   39.536246    0.357287    2.036849
   85.154429   39.521128    0.390957    2.353353
   85.155315   39.506012    0.376791    2.219854
   85.156200   39.490890    0.434076    2.758507
   85.157085   39.475763    0.363195    2.091469
   85.157968   39.460622    0.309860    1.589496
   85.160615   39.415142    0.352386    1.988831
   85.161496   39.399986    0.421262    2.636531
   85.163256   39.369688    0.436788    2.782112
   85.165892   39.324207    0.421995    2.642243
   85.166770   39.309028    0.346274    1.929669
   85.167648   39.293834    0.492236    3.302547
   85.168525   39.278616    0.368509    2.138368
   85.169401   39.263373    0.385734    2.300167
   85.170277   39.248116    0.376432    2.212419
   85.171152   39.232848    0.458577    2.984948
   85.172029   39.217573    0.393341    2.371009
   85.173784   39.187013    0.471397    3.104830
   85.174661   39.171728    0.339880    1.867371
   85.175538   39.156444    0.342110    1.888113
   85.176414   39.141161    0.419278    2.613814
   85.178164   39.110593    0.371261    2.161629
   85.179911   39.080020    0.384794    2.288460
   85.180783   39.064731    0.441272    2.819534
   85.181655   39.049440    0.386487    2.303909
   85.182527   39.034145    0.531976    3.672341
   85.183399   39.018847    0.315247    1.633259
   85.184270   39.003549    0.440775    2.813904
   85.186012   38.972962    0.349432    1.954132
   85.186883   38.957680    0.251761    1.035071
   85.187754   38.942396    0.382280    2.262672
   85.189494   38.911793    0.489989    3.275452
   85.190363   38.896463    0.471411    3.100442
   85.191231   38.881119    0.428196    2.693671
   85.192099   38.865763    0.408550    2.508612
   85.192967   38.850392    0.381072    2.249875
   85.193835   38.835006    0.461921    3.010211
   85.194703   38.819613    0.923265    7.349999
   85.195570   38.804213    1.173739    9.706048
   85.196439   38.788812    0.507526    3.438522
   85.197307   38.773414    0.721566    5.451835
   85.198176   38.758013    0.377734    2.217046
   85.199043   38.742609    0.268188    1.186274
   85.199910   38.727200    0.321564    1.688160
   85.200776   38.711788    0.259532    1.104368
   85.201642   38.696372    0.496480    3.333182
   85.202506   38.680952    0.290335    1.393663
   85.203370   38.665529    0.398893    2.414673
   85.204234   38.650104    0.385439    2.287862
   85.205096   38.634673    0.535280    3.697231
   85.205959   38.619235    0.351810    1.971035
   85.206821   38.603787    0.427232    2.680311
   85.207682   38.588327    0.457454    2.964385
   85.208543   38.572860    0.321856    1.688533
   85.209404   38.557388    0.180902    0.388638
   85.210265   38.541915    0.002112    0.004538
   85.211989   38.510960    0.458999    2.977730
   85.213713   38.479965    0.198527    0.526903
   85.214574   38.464443    0.511689    3.472692
   85.215435   38.448912    0.379909    2.232756
   85.216296   38.433378    0.301344    1.493430
   85.217156   38.417845    0.469579    3.075836
   85.218017   38.402318    0.428929    2.693182
   85.218877   38.386790    0.539392    3.732115
   85.219737   38.371258    0.385185    2.281194
   85.220597   38.355724    0.444826    2.842023
   85.221458   38.340185    0.357297    2.018369
   85.222317   38.324641    0.543460    3.769429
   85.223176   38.309089    0.368141    2.119906
   85.224034   38.293522    0.351810    1.966037
   85.224889   38.277941    0.607179    4.368137
   85.225744   38.262353    0.454281    2.929543
   85.226597   38.246762    0.326048    1.722971
   85.227450   38.231176    0.377512    2.206873
   85.228302   38.215596    0.346439    1.914322
   85.229153   38.200014    0.367773    2.114780
   85.230005   38.184424    0.394216    2.363305
   85.230856   38.168821    0.559713    3.919949
   85.231709   38.153202    0.450153    2.889043
   85.232561   38.137575    0.395718    2.376714
   85.233413   38.121941    0.270147    1.195194
   85.234266   38.106305    0.446557    2.854501
   85.235120   38.090669    0.400168    2.417869
   85.235973   38.075026    0.353552    1.979101
   85.237677   38.043698    0.326489    1.724032
   85.238528   38.028004    0.431536    2.712009
   85.239378   38.012301    0.320929    1.671251
   85.240227   37.996593    0.206643    0.595887
   85.241077   37.980889    0.535056    3.685139
   85.241927   37.965190    0.414520    2.550982
   85.242777   37.949491    0.396122    2.377664
   85.243627   37.933793    0.415639    2.561034
   85.244477   37.918097    0.319875    1.659908
   85.245328   37.902403    0.292300    1.400260
   85.246178   37.886706    0.333774    1.790184
   85.247028   37.871004    0.343386    1.880371
   85.247876   37.855293    0.372735    2.156231
   85.248723   37.839571    0.339390    1.842309
   85.249569   37.823842    0.358174    2.018780
   85.251257   37.792368    0.290637    1.382960
   85.252099   37.776626    0.335689    1.806539
   85.252941   37.760880    0.329236    1.745595
   85.253782   37.745129    0.336696    1.815535
   85.254625   37.729377    0.348490    1.926254
   85.255470   37.713622    0.361086    2.044509
   85.256314   37.697864    0.179642    0.385931
   85.257158   37.682101    0.148008    0.317971
   85.258001   37.666331    0.185450    0.398409
   85.258840   37.650556    0.308033    1.544479
   85.259679   37.634774    0.232704    0.835589
   85.260518   37.618983    0.400150    2.410574
   85.263869   37.555722    0.412623    2.526963
   85.264709   37.539892    0.386007    2.276344
   85.265550   37.524057    0.380637    2.225590
   85.266391   37.508212    0.353505    1.970114
   85.267232   37.492355    0.419533    2.591026
   85.268072   37.476474    0.393716    2.347917
   85.268910   37.460569    0.325243    1.703530
   85.269747   37.444654    0.414573    2.543651
   85.271422   37.412819    0.365525    2.081760
   85.272258   37.396913    0.356249    1.994262
   85.273095   37.381007    0.385683    2.270916
   85.273931   37.365099    0.384077    2.255578
   85.274767   37.349181    0.395738    2.365034
   85.275603   37.333255    0.348788    1.923120
   85.276438   37.317326    0.308431    1.543233
   85.277274   37.301397    0.355175    1.982738
   85.279782   37.253640    0.419739    2.589400
   85.280617   37.237719    0.387689    2.287653
   85.281451   37.221791    0.230441    0.808135
   85.282283   37.205853    0.421664    2.606797
   85.283115   37.189908    0.483543    3.188673
   85.283945   37.173958    0.450471    2.877324
   85.284775   37.158002    0.364438    2.067741
   85.285604   37.142042    0.391589    2.322925
   85.286433   37.126075    0.473475    3.093017
   85.287261   37.110101    0.454987    2.918857
   85.288922   37.078129    0.460938    2.974370
   85.289753   37.062131    0.280442    1.276146
   85.290584   37.046125    0.398230    2.383976
   85.292241   37.014084    0.257721    1.061684
   85.293067   36.998052    0.384133    2.250654
   85.293893   36.982014    0.436886    2.746675
   85.294718   36.965969    0.376907    2.182195
   85.295542   36.949918    0.435889    2.736829
   85.296366   36.933863    0.371362    2.129558
   85.297190   36.917805    0.376938    2.181782
   85.298014   36.901748    0.479884    3.149993
   85.298840   36.885692    0.396751    2.367695
   85.299666   36.869632    0.470685    3.062979
   85.300492   36.853570    0.512506    3.456163
   85.301317   36.837504    0.721377    5.420848
   85.302141   36.821434    0.592655    4.209683
   85.302965   36.805358    0.369555    2.110672
   85.303788   36.789271    0.380685    2.215140
   85.304611   36.773170    0.342434    1.855056
   85.307895   36.708659    0.310820    1.556709
   85.308717   36.692527    0.369993    2.113132
   85.309538   36.676392    0.316935    1.613759
   85.310359   36.660257    0.367627    2.090405
   85.311181   36.644121    0.318783    1.630675
   85.312825   36.611851    0.341006    1.839262
   85.313646   36.595716    0.375844    2.166758
   85.314465   36.579586    0.550296    3.807651
   85.315282   36.563460    0.407243    2.461659
   85.316098   36.547331    0.340908    1.837391
   85.316913   36.531196    0.617143    4.435788
   85.317726   36.515048    0.541599    3.724885
   85.318539   36.498886    0.419702    2.577923
   85.319350   36.482716    0.383664    2.238668
   85.320162   36.466538    0.312438    1.568383
   85.320975   36.450359    0.425521    2.631951
   85.322605   36.417988    0.354720    1.965436
   85.323419   36.401786    0.413687    2.519915
   85.324233   36.385563    0.415780    2.539368
   85.325046   36.369319    0.336639    1.794623
   85.325858   36.353060    0.450984    2.870070
   85.326670   36.336789    0.360206    2.015853
   85.327482   36.320505    0.318492    1.623201
   85.328293   36.304211    0.414723    2.528239
   85.329105   36.287910    0.485030    3.189404
   85.329917   36.271602    0.380902    2.209597
   85.330728   36.255292    0.430711    2.677930
   85.331541   36.238982    0.276880    1.230548
   85.332353   36.222669    0.304239    1.487689
   85.333164   36.206354    0.124129    0.266670
   85.334785   36.173708    0.419416    2.570488
   85.335593   36.157384    0.383361    2.231078
   85.336401   36.141060    0.513864    3.458524
   85.337208   36.124742    0.380801    2.206526
   85.338014   36.108430    0.219913    0.692763
   85.338819   36.092121    0.375598    2.157110
   85.340428   36.059498    0.428927    2.658319
   85.341232   36.043183    0.380802    2.205360
   85.342841   36.010539    0.502013    3.345166
   85.343645   35.994207    0.481983    3.156501
   85.344448   35.977865    0.408486    2.464856
   85.345251   35.961518    0.449456    2.850036
   85.346054   35.945164    0.499997    3.325259
   85.346857   35.928809    0.333600    1.759671
   85.347660   35.912452    0.445968    2.816525
   85.349264   35.879705    0.267718    1.139197
   85.350065   35.863308    0.573991    4.020179
   85.350865   35.846890    0.415944    2.533138
   85.351664   35.830457    0.270501    1.164676
   85.352462   35.814007    0.397964    2.363526
   85.353262   35.797535    0.540817    3.707163
   85.354062   35.781041    0.258018    1.046539
   85.355661   35.748042    0.222238    0.709477
   85.356461   35.731562    0.406330    2.441059
   85.358058   35.698654    0.332032    1.741639
   85.358855   35.682200    0.422900    2.596234
   85.359652   35.665733    0.264816    1.108851
   85.360447   35.649250    0.243378    0.906935
   85.361243   35.632759    0.436991    2.728090
   85.362038   35.616261    0.526757    3.572308
   85.362834   35.599755    0.484609    3.175579
   85.363631   35.583242    0.383813    2.227119
   85.364429   35.566724    0.440602    2.761120
   85.365225   35.550204    0.438194    2.738227
   85.366818   35.517176    0.465110    2.990966
   85.368407   35.484137    0.211513    0.604832
   85.369198   35.467601    0.317745    1.603954
   85.369988   35.451050    0.343647    1.847388
   85.371564   35.417927    0.377302    2.163527
   85.372354   35.401361    0.546778    3.757610
   85.373935   35.368226    0.255490    1.016895
   85.374725   35.351656    0.388493    2.267867
   85.375514   35.335089    0.369307    2.087142
   85.376301   35.318523    0.394012    2.319319
   85.377088   35.301951    0.436248    2.716413
   85.377874   35.285366    0.449247    2.838465
   85.378661   35.268761    0.292572    1.364339
   85.379448   35.252130    0.350186    1.906098
   85.380235   35.235485    0.334349    1.756876
   85.381022   35.218828    0.303783    1.469096
   85.381808   35.202158    0.346074    1.866709
   85.382594   35.185480    0.398682    2.361373
   85.383380   35.168797    0.357331    1.972140
   85.384952   35.135431    0.330126    1.715740
   85.385740   35.118760    0.480312    3.128358
   85.386527   35.102089    0.389557    2.274364
   85.387314   35.085414    0.331853    1.731289
   85.388101   35.068729    0.194056    0.434749
   85.388885   35.052033    0.182410    0.391877
   85.390452   35.018630    0.120957    0.259857
   85.391234   35.001932    0.174707    0.375329
   85.392793   34.968545    0.129653    0.278538
   85.393572   34.951850    0.134646    0.289266
   85.395133   34.918457    0.158706    0.340953
   85.395913   34.901754    0.254706    1.002965
   85.396693   34.885044    0.536252    3.651327
   85.397472   34.868323    0.463702    2.968599
   85.398250   34.851589    0.405431    2.420186
   85.399028   34.834846    0.397013    2.340761
   85.399805   34.818093    0.384207    2.220053
   85.400580   34.801336    0.396414    2.334660
   85.401355   34.784573    0.372012    2.104870
   85.402130   34.767799    0.412178    2.482489
   85.402904   34.751012    0.367068    2.057892
   85.403678   34.734200    0.376480    2.146193
   85.404453   34.717363    0.404452    2.409102
   85.405229   34.700517    0.386844    2.243223
   85.406004   34.683667    0.402654    2.391719
   85.406779   34.666829    0.406669    2.429255
   85.407553   34.650006    0.374993    2.131037
   85.409102   34.616351    0.472985    3.052411
   85.409876   34.599505    0.412225    2.480587
   85.410649   34.582643    0.415667    2.512735
   85.411422   34.565768    0.424505    2.595645
   85.412194   34.548883    0.428072    2.628962
   85.412965   34.531984    0.500366    3.308826
   85.413735   34.515072    0.419174    2.544789
   85.414504   34.498156    0.410209    2.460222
   85.415273   34.481240    0.358026    1.969081
   85.416043   34.464339    0.375100    2.129466
   85.416813   34.447453    0.487935    3.190716
   85.417583   34.430570    0.412814    2.483792
   85.418352   34.413684    0.425135    2.599470
   85.419121   34.396782    0.491182    3.220563
   85.419888   34.379863    0.457550    2.903940
   85.420654   34.362939    0.421679    2.566251
   85.422182   34.329101    0.394065    2.306007
   85.422945   34.312197    0.336117    1.760640
   85.423706   34.295296    0.251234    0.961883
   85.425228   34.261490    0.449130    2.823094
   85.425989   34.244583    0.379996    2.172496
   85.426750   34.227668    0.505736    3.355141
   85.427511   34.210747    0.422442    2.571331
   85.428272   34.193812    0.429417    2.636717
   85.429033   34.176865    0.376190    2.135763
   85.429793   34.159905    0.302197    1.439449
   85.431314   34.125943    0.381890    2.188684
   85.432075   34.108938    0.421847    2.564340
   85.433596   34.074887    0.403862    2.394678
   85.434357   34.057837    0.460134    2.923814
   85.435119   34.040771    0.436140    2.697860
   85.435881   34.023692    0.361370    1.994244
   85.436642   34.006602    0.411294    2.463662
   85.437404   33.989500    0.398708    2.345020
   85.438165   33.972387    0.422984    2.573161
   85.439686   33.938155    0.408470    2.436151
   85.440446   33.921052    0.552363    3.789566
   85.441206   33.903964    0.495536    3.254747
   85.441965   33.886877    0.412812    2.476303
   85.442722   33.869790    0.396132    2.319152
   85.443478   33.852690    0.422127    2.563463
   85.444232   33.835577    0.246822    0.914073
   85.444984   33.818466    0.432009    2.655962
   85.445735   33.801358    0.420696    2.549303
   85.446486   33.784272    0.460224    2.920920
   85.447985   33.750146    0.426582    2.603972
   85.448735   33.733083    0.465389    2.968809
   85.449485   33.716005    0.481673    3.121764
   85.450235   33.698911    0.400615    2.358995
   85.450986   33.681802    0.418272    2.524871
   85.451736   33.664680    0.452528    2.846891
   85.453231   33.630372    0.342316    1.809627
   85.453977   33.613196    0.329562    1.689410
   85.454723   33.596010    0.296700    1.380037
   85.455470   33.578826    0.412501    2.469178
   85.456219   33.561644    0.403987    2.388852
   85.456968   33.544455    0.405427    2.402165
   85.457717   33.527256    0.374242    2.108562
   85.458465   33.510040    0.317772    1.577099
   85.459213   33.492807    0.336809    1.755950
   85.459961   33.475565    0.415545    2.496417
   85.460708   33.458315    0.391213    2.267284
   85.461455   33.441067    0.383555    2.195005
   85.462201   33.423819    0.298116    1.391025
   85.462946   33.406568    0.464893    2.959719
   85.463692   33.389314    0.444861    2.771030
   85.464437   33.372057    0.415400    2.493650
   85.465182   33.354795    0.334538    1.732719
   85.465927   33.337527    0.242259    0.864387
   85.466672   33.320253    0.377504    2.136453
   85.467416   33.302965    0.359999    1.971545
   85.468158   33.285663    0.441799    2.740826
   85.468901   33.268357    0.312802    1.527081
   85.469642   33.251050    0.250457    0.940339
   85.470383   33.233752    0.353166    1.906333
   85.471124   33.216465    0.428367    2.613531
   85.471864   33.199177    0.339892    1.780988
   85.472603   33.181890    0.082349    0.176913
   85.473341   33.164597    0.000000    0.000000
   85.477019   33.078043    0.329703    1.683499
   85.477753   33.060712    0.420679    2.539105
   85.478487   33.043381    0.223235    0.681447
   85.479222   33.026059    0.458887    2.898077
   85.479957   33.008746    0.341454    1.793109
   85.480691   32.991431    0.118705    0.255019
   85.481425   32.974110    0.132677    0.285034
   85.482156   32.956778    0.219387    0.644081
   85.482886   32.939429    0.376927    2.125885
   85.483616   32.922066    0.188760    0.405521
   85.484345   32.904684    0.210913    0.563663
   85.485076   32.887277    0.053821    0.115625
   85.485809   32.869842    0.192208    0.412928
   85.486542   32.852390    0.254556    0.973532
   85.487276   32.834927    0.206747    0.523539
   85.488009   32.817459    0.367817    2.038549
   85.488743   32.799989    0.571733    3.956620
   85.489476   32.782513    0.451566    2.825927
   85.490209   32.765032    0.489523    3.182773
   85.490941   32.747545    0.355408    1.920869
   85.491672   32.730053    0.426046    2.585155
   85.492402   32.712561    0.351065    1.879549
   85.493132   32.695070    0.350936    1.878100
   85.493860   32.677585    0.396118    2.302907
   85.494587   32.660110    0.318797    1.575292
   85.495314   32.642637    0.428517    2.607226
   85.496040   32.625166    0.275180    1.164497
   85.496765   32.607696    0.437897    2.695001
   85.497491   32.590227    0.282303    1.231038
   85.498216   32.572755    0.353893    1.904281
   85.498941   32.555277    0.249082    0.918055
   85.499663   32.537790    0.314629    1.534444
   85.500385   32.520292    0.280216    1.210478
   85.501105   32.502786    0.312537    1.514299
   85.501825   32.485276    0.250419    0.929703
   85.502544   32.467764    0.326380    1.644055
   85.503261   32.450251    0.244293    0.871602
   85.506135   32.380130    0.390093    2.242264
   85.508299   32.327449    0.121791    0.261649
   85.509020   32.309874    0.251687    0.939296
   85.509741   32.292288    0.237388    0.804555
   85.511180   32.257078    0.222630    0.665257
   85.511897   32.239448    0.311699    1.502930
   85.512615   32.221807    0.051172    0.109934
   85.513331   32.204153    0.301042    1.402210
   85.514767   32.168804    0.310121    1.487155
   85.515485   32.151116    0.354314    1.902669
   85.516203   32.133425    0.276592    1.171272
   85.517633   32.098071    0.155268    0.333567
   85.521894   31.991866    0.146984    0.315772
   85.531090   31.761713    0.262647    1.035251
   85.552753   31.208219    0.165848    0.356297
   85.554140   31.172356    0.271518    1.111097
   85.556903   31.100545    0.604441    4.242091
   85.557592   31.082569    0.355318    1.898276
   85.558281   31.064586    0.466205    2.941207
   85.558970   31.046593    0.354491    1.890039
   85.559660   31.028591    0.436704    2.663219
   85.561039   30.992570    0.199079    0.427689
   85.561727   30.974562    0.220560    0.629187
   85.562414   30.956556    0.000000    0.000000
   85.575365   30.613313    0.686928    5.011863
   85.576040   30.595242    0.503016    3.281518
   85.576716   30.577171    0.387555    2.195102
   85.580776   30.468542    0.632118    4.494417
   85.581450   30.450402    0.577914    3.984273
   85.582125   30.432251    0.538739    3.615505
   85.582798   30.414086    0.668072    4.831956
   85.583471   30.395902    0.575356    3.959521
   85.584144   30.377699    0.616149    4.343042
   85.584817   30.359479    0.494882    3.202010
   85.585489   30.341243    0.569910    3.907591
   85.586162   30.322984    0.628310    4.456754
   85.586836   30.304705    0.572485    3.931360
   85.587510   30.286418    0.556747    3.783078
   85.588183   30.268130    0.453582    2.812331
   85.588854   30.249857    0.673238    4.878483
   85.589525   30.231600    0.675025    4.895066
   85.590194   30.213351    0.729908    5.411136
   85.590861   30.195106    0.621231    4.388548
   85.591527   30.176864    0.666805    4.817049
   85.592191   30.158624    0.664035    4.790760
   85.592855   30.140386    0.678004    4.921941
   85.593518   30.122148    0.422913    2.521984
   85.594846   30.085667    0.541291    3.635150
   85.595510   30.067425    0.577660    3.977051
   85.596175   30.049183    0.648921    4.647199
   85.596839   30.030949    0.586541    4.060142
   85.597504   30.012722    0.661825    4.768131
   85.598168   29.994489    0.546108    3.679317
   85.598831   29.976245    0.547576    3.692901
   85.599493   29.957977    0.509599    3.335411
   85.600154   29.939682    0.564270    3.849484
   85.600814   29.921371    0.606055    4.242343
   85.601473   29.903042    0.628327    4.451638
   85.602133   29.884694    0.748873    5.585420
   85.602793   29.866328    0.636674    4.529696
   85.603452   29.847955    0.716808    5.283320
   85.604113   29.829578    0.620947    4.381286
   85.604774   29.811215    0.618185    4.355079
   85.605436   29.792870    0.571779    3.918291
   85.606099   29.774519    0.749128    5.586446
   85.606761   29.756160    0.706164    5.182035
   85.607421   29.737773    0.702740    5.149590
   85.608079   29.719355    0.632074    4.484582
   85.608736   29.700925    0.662525    4.770811
   85.609391   29.682486    0.563790    3.841753
   85.610044   29.664049    0.566082    3.863077
   85.611345   29.627179    0.476000    3.015190
   85.611995   29.608740    0.709232    5.209051
   85.612646   29.590295    0.621890    4.387167
   85.613299   29.571845    0.632734    4.488942
   85.613953   29.553394    0.644581    4.600163
   85.614607   29.534943    0.621424    4.382090
   85.615261   29.516499    0.740998    5.506732
   85.615914   29.498060    0.671361    4.851405
   85.616566   29.479624    0.687053    4.998792
   85.618514   29.424315    0.381344    2.122195
   85.619159   29.405875    0.700417    5.123590
   85.619805   29.387430    0.694372    5.066497
   85.620450   29.368977    0.748339    5.573947
   85.621095   29.350514    0.671860    4.854255
   85.621741   29.332047    0.631496    4.474308
   85.622387   29.313576    0.673506    4.869281
   85.623035   29.295111    0.690577    5.029643
   85.623684   29.276652    0.615779    4.325761
   85.624333   29.258182    0.787775    5.943560
   85.624981   29.239694    0.694536    5.066195
   85.625628   29.221168    0.745974    5.549866
   85.626271   29.202602    0.360374    1.922164
   85.626914   29.184017    0.429748    2.574556
   85.627556   29.165419    0.410519    2.393431
   85.628197   29.146819    0.474179    2.992069
   85.628838   29.128221    0.633035    4.486249
   85.629479   29.109622    0.628616    4.444448
   85.630762   29.072430    0.687241    4.995497
   85.631406   29.053844    0.564512    3.840711
   85.632049   29.035258    0.401885    2.310597
   85.632692   29.016670    0.664693    4.782686
   85.633335   28.998076    0.671946    4.850688
   85.633977   28.979473    0.688146    5.002860
   85.634618   28.960866    0.691337    5.032643
   85.635894   28.923631    0.691669    5.035309
   85.636527   28.905001    0.676654    4.893830
   85.637792   28.867741    0.665431    4.787786
   85.638425   28.849124    0.719754    5.298596
   85.639060   28.830520    0.682655    4.949363
   85.639695   28.811918    0.622559    4.383792
   85.640331   28.793312    0.698456    5.097550
   85.640968   28.774698    0.706349    5.171567
   85.642875   28.718794    0.828247    6.317618
   85.643507   28.700141    0.608284    4.248119
   85.644136   28.681479    0.633312    4.483334
   85.645390   28.644120    0.891359    6.910414
   85.646016   28.625418    0.816374    6.204778
   85.646643   28.606698    0.705389    5.160474
   85.647269   28.587972    0.602402    4.191405
   85.647896   28.569241    0.521560    3.430673
   85.648525   28.550516    0.658787    4.721380
   85.649155   28.531800    0.667004    4.798452
   85.649786   28.513082    0.636228    4.508700
   85.650417   28.494362    0.718448    5.281945
   85.651046   28.475642    0.664664    4.775747
   85.651674   28.456919    0.658882    4.721124
   85.652300   28.438186    0.636869    4.513819
   85.652926   28.419438    0.708075    5.183440
   85.653550   28.400659    0.768784    5.754320
   85.654173   28.381846    0.670156    4.826271
   85.654796   28.363020    0.467528    2.919849
   85.655418   28.344186    0.700896    5.114987
   85.656042   28.325355    0.659220    4.722701
   85.656666   28.306533    0.443136    2.689691
   85.657290   28.287709    0.700665    5.112127
   85.657915   28.268883    0.544593    3.643668
   85.658539   28.250052    0.507984    3.299047
   85.659162   28.231213    0.601373    4.177361
   85.659784   28.212374    0.471590    2.956214
   85.660405   28.193535    0.305927    1.397538
   85.661024   28.174703    0.309569    1.431576
   85.661640   28.155878    0.358033    1.887255
   85.662256   28.137052    0.575364    3.931540
   85.664104   28.080559    0.451683    2.767351
   85.664720   28.061722    0.424226    2.508825
   85.665337   28.042885    0.547798    3.671081
   85.665954   28.024058    0.421408    2.481865
   85.678791   27.626466    0.303109    1.364224
   85.683610   27.474523    0.581806    3.984204
   85.685415   27.417491    0.609765    4.246547
   85.686013   27.398442    0.379106    2.076435
   85.686609   27.379381    0.477828    3.004915
   85.689000   27.303069    0.515819    3.361406
   85.689599   27.283982    0.550900    3.691192
   85.690198   27.264899    0.524482    3.442449
   85.690796   27.245820    0.767305    5.726536
   85.691992   27.207647    0.419998    2.458848
   85.692589   27.188540    0.250952    0.868350
   85.693185   27.169416    0.428674    2.540020
   85.696731   27.054570    0.804399    6.073232
   85.697322   27.035413    0.624901    4.384406
   85.697915   27.016246    0.511871    3.320868
   85.698508   26.997074    0.794287    5.977421
   85.699101   26.977899    0.598739    4.137610
   85.699693   26.958725    0.586420    4.021500
   85.700285   26.939554    0.555437    3.729799
   85.700875   26.920379    0.785146    5.890530
   85.701464   26.901196    0.796863    6.000520
   85.702049   26.881999    0.603949    4.185491
   85.702632   26.862785    0.631179    4.441429
   85.703214   26.843568    0.661088    4.722562
   85.703795   26.824351    0.550152    3.678730
   85.704378   26.805144    0.794395    5.976180
   85.704963   26.785949    0.560160    3.772427
   85.705548   26.766756    0.613956    4.278271
   85.706134   26.747562    0.590070    4.053349
   85.706719   26.728363    0.714931    5.227727
   85.707304   26.709157    0.756103    5.614820
   85.707889   26.689942    0.537486    3.557992
   85.708472   26.670719    0.658452    4.695730
   85.709053   26.651481    0.671588    4.819079
   85.709632   26.632228    0.441696    2.656182
   85.710788   26.593689    0.299110    1.314378
   85.711366   26.574402    0.379872    2.073909
   85.711945   26.555107    0.474680    2.965569
   85.713104   26.516503    0.363155    1.915966
   85.713685   26.497209    0.509744    3.294754
   85.714847   26.458637    0.422320    2.471873
   85.715427   26.439344    0.565962    3.822934
   85.716006   26.420034    0.211291    0.486196
   85.718873   26.323321    0.522985    3.417278
   85.719443   26.303963    0.537147    3.550275
   85.720012   26.284610    0.496468    3.167370
   85.720583   26.265280    0.542434    3.599566
   85.721156   26.245975    0.544890    3.622444
   85.721729   26.226670    0.427588    2.518714
   85.728531   25.993935    0.131145    0.281744
   85.731936   25.877398    0.359495    1.874066
   85.756725   24.996618    0.060923    0.130882
   85.757263   24.976956    0.000000    0.000000
   85.760490   24.858842    0.112408    0.241490
   85.761026   24.839168    0.374686    2.004968
   85.761562   24.819485    0.343822    1.714396
   85.762096   24.799787    0.278009    1.095043
   85.762628   24.780048    0.517919    3.351727
   85.763158   24.760263    0.308387    1.380364
   85.763687   24.740465    0.495895    3.144094
   85.764217   24.720661    0.351769    1.788026
   85.764747   24.700873    0.447137    2.684954
   85.765280   24.681105    0.412245    2.356490
   85.765813   24.661340    0.227164    0.615142
   85.766346   24.641577    0.305011    1.347249
   85.769008   24.542680    0.513270    3.305283
   85.769536   24.522847    0.237347    0.709349
   85.770064   24.503007    0.334652    1.624506
   85.772694   24.403870    0.354163    1.806921
   85.773221   24.384044    0.569674    3.834081
   85.773751   24.364208    0.360781    1.868729
   85.775334   24.304683    0.254978    0.872728
   85.775857   24.284838    0.491748    3.099876
   85.776378   24.264986    0.566464    3.802528
   85.777415   24.225255    0.611216    4.223071
   85.777933   24.205370    0.301535    1.309572
   85.778449   24.185479    0.329171    1.569327
   85.778965   24.165586    0.335374    1.627457
   85.779482   24.145700    0.252532    0.847910
   85.780000   24.125822    0.267949    0.992715
   85.780517   24.105944    0.511117    3.280054
   85.781034   24.086063    0.685261    4.918055
   85.781552   24.066171    0.682502    4.891877
   85.782068   24.046270    0.508358    3.253420
   85.782584   24.026359    0.594296    4.061648
   85.783099   24.006440    0.716792    5.213780
   85.783612   23.986508    0.387061    2.111665
   85.784124   23.966562    0.383219    2.075292
   85.784635   23.946610    0.420672    2.427404
   85.785146   23.926653    0.426630    2.483226
   85.785658   23.906697    0.336259    1.632843
   85.786686   23.866787    0.588846    4.008567
   85.787200   23.846825    0.772860    5.739423
   85.787715   23.826858    0.494427    3.119885
   85.788230   23.806885    0.355038    1.808380
   85.788744   23.786902    0.593503    4.051476
   85.789257   23.766906    0.555514    3.693877
   85.789768   23.746885    0.665958    4.732631
   85.790276   23.726838    0.561284    3.747697
   85.790783   23.706784    0.595382    4.068243
   85.791289   23.686725    0.617600    4.277032
   85.791794   23.666671    0.819343    6.174674
   85.792299   23.646626    0.595502    4.068704
   85.792803   23.626588    0.681175    4.874435
   85.793308   23.606560    0.615835    4.259537
   85.793813   23.586552    0.641130    4.497269
   85.794319   23.566565    0.663587    4.708314
   85.794825   23.546580    0.630146    4.393500
   85.795330   23.526590    0.566246    3.792146
   85.795832   23.506580    0.587364    3.990590
   85.796331   23.486543    1.150315    9.286233
   85.796829   23.466492    1.126837    9.065148
   85.797326   23.446431    0.716570    5.205408
   85.797822   23.426357    0.871545    6.663085
   85.798317   23.406273    0.571770    3.842775
   85.798813   23.386184    0.599219    4.100776
   85.799309   23.366094    0.668762    4.754766
   85.799807   23.346012    0.545368    3.593735
   85.800307   23.325939    0.582267    3.940633
   85.801308   23.285791    0.707674    5.119934
   85.801807   23.265709    0.925496    7.168834
   85.802306   23.245619    0.659502    4.666320
   85.802804   23.225521    0.637987    4.463695
   85.803300   23.205414    0.593128    4.041474
   85.803796   23.185295    0.870340    6.649075
   85.804289   23.165161    0.754106    5.555404
   85.804782   23.145017    0.779693    5.795881
   85.805274   23.124865    0.983975    7.717407
   85.805767   23.104707    0.530635    3.452462
   85.806261   23.084543    0.803172    6.016087
   85.806755   23.064373    0.689436    4.945910
   85.807248   23.044200    0.505298    3.213443
   85.807742   23.024027    0.558393    3.712702
   85.808236   23.003856    0.635350    4.436435
   85.808728   22.983678    0.581212    3.926918
   85.809219   22.963490    0.678450    4.841448
   85.810191   22.923050    0.520242    3.352688
   85.810674   22.902815    0.585178    3.963335
   85.811157   22.882579    0.654743    4.617541
   85.811640   22.862355    0.760334    5.610646
   85.812124   22.842149    0.556252    3.690558
   85.812609   22.821949    0.630161    4.385623
   85.813094   22.801754    0.548387    3.616125
   85.813579   22.781566    0.704288    5.082514
   85.814550   22.741196    0.521779    3.365141
   85.815033   22.721000    0.600806    4.108355
   85.815515   22.700785    0.625817    4.343420
   85.815993   22.680546    0.553544    3.663302
   85.816471   22.660293    0.573768    3.853331
   85.816948   22.640030    0.526577    3.409169
   85.817426   22.619756    0.668631    4.745296
   85.818384   22.579186    0.617895    4.267555
   85.818864   22.558892    0.641904    4.493201
   85.819826   22.518308    0.471840    2.892899
   85.820307   22.498014    0.557817    3.701497
   85.820787   22.477714    0.455077    2.734757
   85.821266   22.457404    0.488887    3.052604
   85.821744   22.437084    0.505074    3.204656
   85.822220   22.416758    0.540092    3.533862
   85.822695   22.396428    0.488748    3.050628
   85.823168   22.376094    0.531422    3.451849
   85.823640   22.355757    0.506142    3.213814
   85.824111   22.335421    0.446641    2.653840
   85.824582   22.315088    0.595369    4.052755
   85.825053   22.294768    0.594221    4.041732
   85.825523   22.274460    0.419707    2.399801
   85.825994   22.254155    0.391516    2.134380
   85.826464   22.233852    0.476848    2.936898
   85.826934   22.213546    0.550162    3.626363
   85.827405   22.193236    0.541418    3.543885
   85.827874   22.172921    0.975435    7.626613
   85.828343   22.152596    0.796940    5.947222
   85.828809   22.132261    0.623109    4.311707
   85.829273   22.111914    0.934682    7.242567
   85.829736   22.091553    0.406704    2.275474
   85.830199   22.071179    0.441014    2.598018
   85.831125   22.030360    0.361029    1.845120
   85.831589   22.009929    0.647277    4.537731
   85.832053   21.989493    0.391483    2.131164
   85.832517   21.969065    0.491199    3.069004
   85.832982   21.948647    0.517250    3.313850
   85.833447   21.928227    0.469850    2.867716
   85.833912   21.907802    0.457044    2.747026
   85.834374   21.887361    0.405700    2.263794
   85.834834   21.866903    0.412235    2.325042
   85.835294   21.846440    0.245533    0.756595
   85.835752   21.825978    0.428479    2.477408
   85.836210   21.805524    0.458629    2.760816
   85.836668   21.785084    0.449369    2.673482
   85.837125   21.764646    0.501886    3.167306
   85.837582   21.744210    0.396523    2.175902
   85.838039   21.723776    0.457736    2.751522
   85.838952   21.682903    0.440184    2.585958
   85.839408   21.662461    0.431108    2.500355
   85.839864   21.642012    0.468022    2.847400
   85.840319   21.621554    0.487589    3.031251
   85.840774   21.601088    0.543118    3.553402
   85.841228   21.580613    0.469702    2.862533
   85.841682   21.560122    0.564204    3.751323
   85.842134   21.539614    0.468167    2.847643
   85.842586   21.519101    0.473152    2.894319
   85.843037   21.498586    0.536893    3.493730
   85.843486   21.478081    0.498087    3.128448
   85.843935   21.457588    0.468715    2.851906
   85.844383   21.437094    0.589653    3.989393
   85.844831   21.416598    0.512513    3.263486
   85.845280   21.396092    0.468906    2.853041
   85.845729   21.375577    0.531292    3.439702
   85.846178   21.355056    0.545611    3.574183
   85.846626   21.334526    0.520308    3.335925
   85.847516   21.293446    0.546963    3.586231
   85.847959   21.272896    0.465589    2.820493
   85.848402   21.252341    0.512674    3.263220
   85.848845   21.231784    0.508855    3.227067
   85.849731   21.190658    0.391105    2.118915
   85.850618   21.149501    0.401900    2.220019
   85.851064   21.128903    0.493992    3.086131
   85.851509   21.108298    0.506481    3.203398
   85.852835   21.046441    0.495682    3.101137
   85.853274   21.025811    0.555578    3.664379
   85.853711   21.005176    0.505499    3.193045
   85.854149   20.984532    0.502865    3.168041
   85.854586   20.963881    0.583339    3.924872
   85.855024   20.943229    0.604096    4.119913
   85.855461   20.922579    0.650811    4.559151
   85.855897   20.901942    0.604331    4.121678
   85.856334   20.881317    0.516633    3.296450
   85.856770   20.860698    0.596907    4.051391
   85.857205   20.840079    0.675681    4.792219
   85.857639   20.819457    0.561807    3.720751
   85.858505   20.778203    0.530863    3.429203
   85.858937   20.757570    0.580397    3.894967
   85.859369   20.736930    0.554766    3.653624
   85.859799   20.716280    0.567554    3.773701
   85.860230   20.695626    0.720585    5.213092
   85.860659   20.674969    0.517679    3.304064
   85.861088   20.654319    0.484123    2.988172
   85.861515   20.633675    0.342642    1.656991
   85.862369   20.592357    0.676468    4.796960
   85.862795   20.571666    0.820136    6.148272
   85.863221   20.550948    0.709788    5.109962
   85.863647   20.530212    0.470182    2.855686
   85.864073   20.509461    0.579129    3.880370
   85.864498   20.488694    0.657620    4.618535
   85.864924   20.467913    0.698419    5.002121
   85.865350   20.447127    0.649435    4.541090
   85.865775   20.426342    0.846791    6.397463
   85.866199   20.405568    0.675809    4.788756
   85.867465   20.343309    0.832390    6.261096
   85.867888   20.322552    0.568438    3.777790
   85.868312   20.301789    0.555080    3.651903
   85.868735   20.281027    0.614348    4.209230
   85.869157   20.260269    0.578618    3.872888
   85.869578   20.239527    0.843660    6.366009
   85.869996   20.218799    0.579059    3.876587
   85.870412   20.198072    0.619926    4.260816
   85.870828   20.177340    0.655943    4.599425
   85.871243   20.156590    0.943185    7.301381
   85.871657   20.135819    0.600244    4.074999
   85.872071   20.115038    0.592229    3.999380
   85.872485   20.094247    0.688139    4.901415
   85.873316   20.052644    0.592621    4.002401
   85.874148   20.011022    0.765502    5.628304
   85.874561   19.990209    0.531458    3.426354
   85.874971   19.969398    0.618531    4.245248
   85.875381   19.948583    0.570911    3.797049
   85.875789   19.927763    0.682286    4.844570
   85.876198   19.906930    0.580052    3.882604
   85.877423   19.844382    0.630224    4.353921
   85.877832   19.823536    0.499213    3.121227
   85.878650   19.781852    0.329903    1.528031
   85.879058   19.761000    0.477131    2.912829
   85.879464   19.740127    0.483105    2.968806
   85.879868   19.719234    0.635057    4.398049
   85.880271   19.698330    0.484747    2.983816
   85.880674   19.677418    0.512124    3.241138
   85.881075   19.656505    0.435788    2.522792
   85.881879   19.614678    0.733579    5.323769
   85.882280   19.593760    0.564986    3.737535
   85.882683   19.572836    0.683118    4.848618
   85.883085   19.551907    0.548521    3.582197
   85.883891   19.510060    0.516955    3.284803
   85.884294   19.489158    0.633533    4.381267
   85.884697   19.468276    0.524260    3.353078
   85.885099   19.447397    0.682402    4.840555
   85.885500   19.426514    0.622947    4.281021
   85.885898   19.405612    0.769835    5.662618
   85.886293   19.384687    0.705639    5.058486
   85.886687   19.363753    0.331922    1.542585
   85.887081   19.342813    0.479393    2.929669
   85.887474   19.321871    0.513774    3.252879
   85.887866   19.300931    0.522681    3.336455
   85.888259   19.279988    0.509101    3.208479
   85.888652   19.259038    0.493683    3.063215
   85.889045   19.238085    0.537837    3.478364
   85.889439   19.217124    0.477249    2.908175
   85.889832   19.196158    0.445811    2.612196
   85.890225   19.175184    0.529711    3.401256
   85.890617   19.154199    0.445887    2.612470
   85.891007   19.133204    0.481530    2.947557
   85.891396   19.112201    0.503676    3.155666
   85.891785   19.091193    0.504980    3.167715
   85.892172   19.070181    0.551209    3.602382
   85.892559   19.049164    0.410528    2.278726
   85.892945   19.028147    0.476953    2.903386
   85.893330   19.007129    0.359647    1.799629
   85.893717   18.986115    0.482517    2.955285
   85.894104   18.965106    0.591781    3.982952
   85.894492   18.944099    0.561900    3.701631
   85.894878   18.923097    0.477427    2.906745
   85.895264   18.902104    0.429215    2.452987
   85.895647   18.881123    0.425089    2.413946
   85.896030   18.860140    0.490504    3.029109
   85.896793   18.818150    0.399626    2.173757
   85.897174   18.797130    0.342775    1.638724
   85.898318   18.734005    0.140448    0.301730
   85.899082   18.691868    0.260791    0.866379
   85.899845   18.649699    0.299680    1.231777
   85.900226   18.628604    0.298220    1.217827
   85.900984   18.586405    0.273194    0.981962
   85.901361   18.565305    0.308529    1.314152
   85.901736   18.544207    0.242860    0.696161
   85.902109   18.523110    0.196897    0.423000
   85.902481   18.502015    0.350644    1.709678
   85.902853   18.480926    0.165776    0.356143
   85.903224   18.459844    0.449588    2.640046
   85.903595   18.438762    0.227180    0.547553
   85.903966   18.417677    0.000000    0.000000
   85.904707   18.375490    0.258343    0.840064
   85.905078   18.354385    0.631893    4.353958
   85.905448   18.333270    0.339614    1.604171
   85.905817   18.312140    0.542954    3.516841
   85.906185   18.290994    0.273272    0.979633
   85.906552   18.269838    0.498773    3.100772
   85.906918   18.248674    0.475241    2.879180
   85.907284   18.227502    0.191865    0.412191
   85.907650   18.206324    0.280361    1.045444
   85.908015   18.185142    0.722130    5.201097
   85.908380   18.163956    0.353986    1.737617
   85.908746   18.142772    0.291996    1.154235
   85.909111   18.121590    0.301566    1.244049
   85.909477   18.100406    0.263495    0.885680
   85.909842   18.079220    0.323751    1.452305
   85.910571   18.036820    0.269825    0.944566
   85.910935   18.015617    0.413477    2.295730
   85.911298   17.994416    0.266353    0.911462
   85.911659   17.973230    0.413405    2.294616
   85.912019   17.952058    0.278563    1.025886
   85.912378   17.930892    0.188772    0.405546
   85.912736   17.909726    0.321004    1.424709
   85.913451   17.867378    0.311159    1.331655
   85.913808   17.846195    0.268793    0.932885
   85.914164   17.825007    0.307330    1.295199
   85.914520   17.803808    0.340002    1.602335
   85.914876   17.782598    0.273187    0.973562
   85.915232   17.761381    0.314455    1.361563
   85.915587   17.740156    0.296795    1.195212
   85.915940   17.718928    0.304144    1.264125
   85.916642   17.676455    0.283061    1.065353
   85.917343   17.633934    0.342767    1.626586
   85.917694   17.612648    0.283399    1.067874
   85.918045   17.591354    0.265114    0.895637
   85.918396   17.570054    0.281217    1.046907
   85.918747   17.548755    0.180356    0.387466
   85.919098   17.527459    0.271397    0.954091
   85.919798   17.484872    0.357339    1.762131
   85.920146   17.463584    0.236059    0.620989
   85.920493   17.442304    0.237369    0.633097
   85.920838   17.421024    0.394105    2.107344
   85.921183   17.399746    0.351418    1.705558
   85.921528   17.378465    0.343633    1.632102
   85.921872   17.357179    0.212095    0.455651
   85.922560   17.314609    0.218899    0.470268
   85.922905   17.293332    0.089585    0.192458
   85.923249   17.272062    0.273063    0.967128
   85.923593   17.250786    0.517920    3.270362
   85.923937   17.229503    0.044035    0.094602
   85.924280   17.208198    0.190424    0.409095
   85.924621   17.186870    0.303559    1.253136
   85.924962   17.165533    0.313849    1.349722
   85.925302   17.144191    0.173552    0.372849
   85.925639   17.122856    0.069873    0.150110
   85.925975   17.101528    0.201602    0.433109
   85.926310   17.080202    0.439073    2.526872
   85.926644   17.058876    0.238110    0.636122
   85.926979   17.037549    0.214974    0.461836
   85.927314   17.016221    0.386804    2.034498
   85.927648   16.994888    0.317975    1.386784
   85.927982   16.973551    0.337566    1.570866
   85.928316   16.952203    0.303006    1.245527
   85.928650   16.930844    0.590446    3.949350
   85.928983   16.909476    0.283646    1.062965
   85.929315   16.888100    0.366670    1.843781
   85.929645   16.866716    0.272141    0.954292
   85.929972   16.845325    0.342285    1.613941
   85.930298   16.823925    0.201490    0.432868
   85.930623   16.802518    0.310293    1.312544
   85.930950   16.781106    0.216701    0.465546
   85.931278   16.759690    0.372737    1.899534
   85.931607   16.738264    0.390715    2.068440
   85.931936   16.716828    0.213973    0.459687
   85.932265   16.695372    0.359182    1.771358
   85.932595   16.673896    0.461572    2.734360
   85.932924   16.652415    0.407461    2.225095
   85.933253   16.630934    0.581124    3.858589
   85.933902   16.588008    0.361312    1.790301
   85.934224   16.566558    0.347086    1.656254
   85.934545   16.545116    0.270869    0.939034
   85.934868   16.523681    0.256789    0.806358
   85.935192   16.502252    0.496584    3.061976
   85.935515   16.480828    0.288022    1.099746
   85.935839   16.459408    0.451473    2.637166
   85.936162   16.437994    0.513836    3.223613
   85.936485   16.416585    0.412768    2.272614
   85.936807   16.395176    0.545876    3.524586
   85.937128   16.373767    0.362857    1.802651
   85.937447   16.352354    0.332985    1.521412
   85.937763   16.330937    0.297135    1.183945
   85.938079   16.309514    0.054299    0.116651
   85.938707   16.266630    0.249352    0.733779
   85.939021   16.245161    0.337191    1.559889
   85.939334   16.223685    0.297101    1.182526
   85.939648   16.202204    0.300011    1.209680
   85.940277   16.159265    0.320707    1.403937
   85.940592   16.137793    0.362482    1.796717
   85.940907   16.116309    0.258377    0.817144
   85.942157   16.030149    0.410619    2.248465
   85.942465   16.008591    0.259833    0.829745
   85.942769   15.987039    0.170970    0.367300
   85.943073   15.965483    0.190382    0.409005
   85.943377   15.943924    0.304262    1.247052
   85.943682   15.922359    0.260552    0.835633
   85.943989   15.900789    0.294182    1.151788
   85.944605   15.857633    0.507127    3.154589
   85.944912   15.836039    0.304957    1.252492
   85.945525   15.792828    0.262241    0.850211
   85.945830   15.771232    0.383884    1.994322
   85.946132   15.749658    0.203089    0.436304
   85.946432   15.728112    0.226726    0.515449
   85.946731   15.706575    0.250896    0.742609
   85.947029   15.685045    0.536025    3.424694
   85.947326   15.663507    0.369888    1.861564
   85.947623   15.641961    0.412001    2.257522
   85.947919   15.620419    0.424733    2.377074
   85.948216   15.598884    0.327784    1.464831
   85.948513   15.577369    0.338156    1.562178
   85.948810   15.555876    0.355334    1.723561
   85.949107   15.534386    0.290617    1.114529
   85.949403   15.512895    0.304043    1.240615
   85.949699   15.491392    0.223187    0.479756
   85.949993   15.469875    0.292042    1.127286
   85.950286   15.448342    0.135016    0.290060
   85.950579   15.426791    0.251142    0.742090
   85.950871   15.405214    0.356262    1.730770
   85.951163   15.383605    0.318347    1.373872
   85.951455   15.361980    0.299299    1.194458
   85.951746   15.340338    0.222975    0.479024
   85.952039   15.318686    0.301329    1.213118
   85.952332   15.297027    0.154852    0.332674
   85.952626   15.275356    0.354843    1.716111
   85.952918   15.253673    0.240990    0.644836
   85.953209   15.231975    0.237183    0.608799
   85.953499   15.210260    0.356352    1.729649
   85.953787   15.188539    0.319192    1.379848
   85.954075   15.166813    0.258432    0.808038
   85.954362   15.145082    0.282651    1.035662
   85.954648   15.123350    0.236265    0.599074
   85.954934   15.101627    0.050732    0.108990
   85.955220   15.079922    0.185301    0.398089
   85.955790   15.036628    0.317479    1.362201
   85.956074   15.015019    0.292497    1.126969
   85.956358   14.993420    0.346443    1.634245
   85.956641   14.971818    0.289982    1.102878
   85.956925   14.950207    0.365951    1.817322
   85.957489   14.906983    0.262298    0.841789
   85.958044   14.863746    0.275239    0.963093
   85.958319   14.842122    0.288081    1.083689
   85.958593   14.820495    0.261281    0.831353
   85.958868   14.798868    0.380677    1.954339
   85.959144   14.777240    0.177236    0.380764
   85.959420   14.755604    0.220397    0.473486
   85.959696   14.733954    0.232516    0.559886
   85.959974   14.712281    0.333337    1.508125
   85.960251   14.690583    0.269410    0.906516
   85.960529   14.668869    0.241562    0.644328
   85.960805   14.647145    0.312737    1.313671
   85.961080   14.625415    0.229976    0.534900
   85.961352   14.603683    0.245683    0.682435
   85.961622   14.581943    0.016570    0.035597
   85.961892   14.560195    0.159732    0.343159
   85.962162   14.538437    0.177495    0.381319
   85.962431   14.516669    0.458355    2.682242
   85.962700   14.494896    0.461087    2.707725
   85.962968   14.473120    0.277720    0.982513
   85.963237   14.451344    0.285651    1.056906
   85.964039   14.386020    0.374828    1.895162
   85.964306   14.364240    0.660194    4.579484
   85.964573   14.342453    0.392336    2.059430
   85.964839   14.320667    0.466223    2.754297
   85.965105   14.298881    0.104932    0.225428
   85.965369   14.277099    0.738421    5.314516
   85.965631   14.255319    0.363345    1.785835
   85.965893   14.233543    0.329230    1.464682
   85.966153   14.211774    0.352863    1.686789
   85.966414   14.190013    0.372449    1.870819
   85.966674   14.168264    0.560550    3.640131
   85.966934   14.146520    0.518202    3.241540
   85.967193   14.124781    0.497807    3.049458
   85.967453   14.103047    0.221564    0.475995
   85.967712   14.081316    0.390460    2.039173
   85.967970   14.059589    0.436949    2.476299
   85.968228   14.037864    0.434785    2.455728
   85.968484   14.016144    0.258179    0.794122
   85.968738   13.994428    0.364450    1.793630
   85.968991   13.972709    0.420831    2.323812
   85.969244   13.950986    0.483193    2.910256
   85.969496   13.929258    0.463151    2.721497
   85.969748   13.907519    0.351854    1.674278
   85.970000   13.885767    0.434785    2.454217
   85.970253   13.863998    0.377985    1.919664
   85.970506   13.842204    0.454179    2.636229
   85.971017   13.798539    0.324120    1.412294
   85.971271   13.776677    0.360192    1.751412
   85.971523   13.754792    0.290896    1.099313
   85.971773   13.732888    0.452345    2.617898
   85.972021   13.710973    0.403325    2.156528
   85.972268   13.689049    0.382110    1.956735
   85.972514   13.667122    0.361349    1.761216
   85.972759   13.645195    0.439712    2.498184
   85.973248   13.601368    0.649734    4.473499
   85.973493   13.579482    0.577851    3.797054
   85.973740   13.557627    0.437136    2.473092
   85.973986   13.535785    0.351026    1.662808
   85.974231   13.513955    0.389766    2.027030
   85.974476   13.492131    0.398967    2.113374
   85.974719   13.470310    0.321705    1.386329
   85.974962   13.448495    0.259599    0.801855
   85.975203   13.426684    0.470271    2.783506
   85.975442   13.404878    0.440867    2.506673
   85.975916   13.361269    0.410347    2.219130
   85.976152   13.339463    0.439348    2.491746
   85.976387   13.317649    0.408255    2.199023
   85.976623   13.295829    0.439489    2.492637
   85.976859   13.274001    0.572404    3.742798
   85.977095   13.252162    0.492064    2.986796
   85.977331   13.230314    0.344484    1.598251
   85.977569   13.208455    0.532170    3.363658
   85.977806   13.186580    0.371352    1.850570
   85.978042   13.164688    0.426931    2.373204
   85.978276   13.142764    0.435340    2.452093
   85.978508   13.120810    0.510219    3.156297
   85.978738   13.098842    0.454408    2.631041
   85.978968   13.076867    0.376125    1.894394
   85.979198   13.054903    0.407898    2.193072
   85.979427   13.032948    0.248252    0.691015
   85.979657   13.010995    0.214186    0.460143
   85.980118   12.967080    0.264729    0.845374
   85.980350   12.945114    0.412300    2.233406
   85.980581   12.923145    0.386904    1.994285
   85.980812   12.901176    0.511514    3.166316
   85.981040   12.879205    0.429821    2.397580
   85.981265   12.857234    0.432699    2.424439
   85.981488   12.835268    0.374429    1.876060
   85.981711   12.813308    0.446076    2.549850
   85.981933   12.791362    0.384749    1.972716
   85.982154   12.769430    0.297267    1.149522
   85.982374   12.747509    0.404135    2.154652
   85.982595   12.725597    0.396198    2.079767
   85.982817   12.703695    0.425938    2.359333
   85.983039   12.681804    0.490807    2.969356
   85.983262   12.659917    0.421771    2.319701
   85.983485   12.638035    0.499759    3.053141
   85.983707   12.616156    0.399605    2.110748
   85.984147   12.572395    0.321861    1.378953
   85.984366   12.550507    0.430444    2.400218
   85.984584   12.528612    0.613253    4.119746
   85.984801   12.506704    0.456087    2.641019
   85.985017   12.484783    0.413275    2.238060
   85.985233   12.462847    0.344516    1.590998
   85.985664   12.418903    0.342976    1.576081
   85.986093   12.374893    0.409101    2.197716
   85.986307   12.352876    0.470944    2.779273
   85.986520   12.330854    0.432488    2.417291
   85.986734   12.308825    0.505915    3.107826
   85.986946   12.286788    0.425460    2.350741
   85.987157   12.264741    0.390682    2.023361
   85.987367   12.242686    0.393541    2.050036
   85.987576   12.220625    0.417511    2.275321
   85.987785   12.198562    0.420190    2.300301
   85.987991   12.176494    0.449107    2.572115
   85.988197   12.154423    0.370722    1.834508
   85.988402   12.132360    0.338911    1.535034
   85.988606   12.110308    0.349080    1.630487
   85.988811   12.088284    0.322501    1.380235
   85.989017   12.066292    0.423527    2.330400
   85.989223   12.044312    0.439284    2.478418
   85.989428   12.022340    0.340012    1.544314
   85.989631   12.000366    0.357104    1.704896
   85.989832   11.978387    0.394945    2.060658
   85.990032   11.956408    0.364892    1.777731
   85.990231   11.934430    0.409976    2.201637
   85.990430   11.912455    0.321233    1.366585
   85.990629   11.890481    0.429435    2.384265
   85.991025   11.846530    0.338926    1.532381
   85.991421   11.802575    0.330854    1.456018
   85.992014   11.736559    0.335914    1.502973
   85.992408   11.692437    0.284572    1.019558
   85.992799   11.648266    0.195499    0.419998
   85.992992   11.626170    0.547908    3.496201
   85.993185   11.604069    0.393254    2.041105
   85.993376   11.581968    0.303718    1.198593
   85.993567   11.559872    0.347968    1.614648
   85.993758   11.537787    0.353807    1.669361
   85.993947   11.515704    0.522032    3.251698
   85.994326   11.471546    0.312535    1.280458
   85.994516   11.449474    0.301630    1.177655
   85.994705   11.427399    0.289578    1.064061
   85.994893   11.405317    0.398745    2.090823
   85.995079   11.383218    0.510452    3.141472
   85.995264   11.361105    0.767551    5.559868
   85.995447   11.338980    0.201454    0.432791
   85.995628   11.316847    0.300021    1.161231
   85.995809   11.294699    0.302746    1.186650
   85.995990   11.272537    0.213332    0.458310
   85.996170   11.250381    0.248555    0.676420
   85.996350   11.228234    0.260509    0.788669
   85.996531   11.206123    0.274470    0.919788
   85.996713   11.184049    0.307418    1.229522
   85.996896   11.161987    0.285260    1.020864
   85.997078   11.139933    0.242449    0.617906
   85.997259   11.117873    0.158717    0.340978
   85.997438   11.095803    0.182942    0.393021
   85.997617   11.073734    0.074778    0.160648
   85.997794   11.051666    0.388607    1.992009
   85.997970   11.029608    0.198895    0.427292
   85.998145   11.007559    0.147124    0.316071
   85.998319   10.985509    0.290288    1.066447
   85.998494   10.963455    0.218548    0.469514
   85.998669   10.941390    0.158852    0.341268
   85.998845   10.919313    0.151855    0.326235
   85.999021   10.897223    0.165302    0.355124
   85.999197   10.875118    0.177800    0.381975
   85.999371   10.852992    0.255976    0.742373
   85.999545   10.830842    0.260029    0.780286
   85.999718   10.808680    0.348991    1.616972
   85.999890   10.786505    0.236024    0.554039
   86.000059   10.764324    0.357880    1.700156
   86.000226   10.742137    0.136735    0.293752
   86.000393   10.719946    0.444813    2.517540
   86.000559   10.697751    0.432882    2.405087
   86.000725   10.675555    0.168401    0.361783
   86.000892   10.653360    0.327453    1.412849
   86.001059   10.631166    0.282404    0.988841
   86.001225   10.608974    0.288760    1.048419
   86.001391   10.586787    0.258687    0.765296
   86.001721   10.542429    0.504539    3.077681
   86.001885   10.520260    0.404209    2.133626
   86.002047   10.498097    0.468993    2.742860
   86.002208   10.475942    0.293349    1.090301
   86.002368   10.453797    0.296802    1.122575
   86.002527   10.431663    0.211885    0.455201
   86.002685   10.409549    0.340541    1.533614
   86.002997   10.365365    0.263379    0.807297
   86.003153   10.343274    0.474885    2.796787
   86.003311   10.321171    0.300560    1.156636
   86.003471   10.299053    0.388461    1.983342
   86.003632   10.276923    0.319164    1.331223
   86.003792   10.254782    0.265683    0.827896
   86.003951   10.232623    0.219572    0.471715
   86.004107   10.210447    0.459776    2.653371
   86.004263   10.188260    0.497512    3.008151
   86.004418   10.166062    0.375455    1.859702
   86.004572   10.143856    0.438073    2.448560
   86.004724   10.121643    0.376431    1.868451
   86.004876   10.099427    0.465570    2.706806
   86.005028   10.077212    0.267625    0.844447
   86.005180   10.055006    0.329326    1.424679
   86.005331   10.032811    0.201418    0.432714
   86.005483   10.010616    0.277637    0.937996
   86.005634    9.988417    0.184759    0.396925
   86.005785    9.966205    0.205014    0.440439
   86.005936    9.943977    0.270811    0.873140
   86.006086    9.921744    0.305316    1.197519
   86.006234    9.899507    0.305415    1.198240
   86.006380    9.877271    0.343320    1.554614
   86.006524    9.855038    0.305606    1.199608
   86.006667    9.832806    0.275126    0.912657
   86.006809    9.810581    0.061700    0.132553
   86.006950    9.788369    0.045589    0.097940
   86.007091    9.766172    0.065276    0.140234
   86.007231    9.743978    0.249699    0.672600
   86.007372    9.721784    0.396388    2.052336
   86.007514    9.699583    0.224385    0.482055
   86.007657    9.677371    0.411923    2.198049
   86.007800    9.655155    0.378902    1.887201
   86.007942    9.632935    0.323669    1.367388
   86.008083    9.610707    0.317059    1.304988
   86.008361    9.566241    0.487466    2.907639
   86.008497    9.544012    0.372339    1.824378
   86.008632    9.521798    0.586245    3.836448
   86.008765    9.499598    0.669917    4.623371
   86.008898    9.477402    0.389915    1.989077
   86.009031    9.455204    0.159668    0.343021
   86.009166    9.433000    0.439074    2.451107
   86.009303    9.410785    0.267020    0.832320
   86.009440    9.388564    0.370169    1.802462
   86.009577    9.366339    0.257400    0.741389
   86.009713    9.344114    0.350931    1.621052
   86.009846    9.321890    0.301170    1.152721
   86.009979    9.299657    0.379771    1.891929
   86.010110    9.277413    0.264946    0.811519
   86.010240    9.255146    0.306804    1.205075
   86.010368    9.232852    0.492915    2.955671
   86.010495    9.210554    0.440609    2.463398
   86.010621    9.188257    0.384146    1.932017
   86.010749    9.165981    0.409001    2.165614
   86.010877    9.143732    0.494681    2.971423
   86.011005    9.121485    0.438073    2.438673
   86.011132    9.099239    0.349378    1.604079
   86.011258    9.076980    0.451898    2.568301
   86.011383    9.054704    0.375383    1.848291
   86.011507    9.032423    0.296128    1.102491
   86.011630    9.010137    0.393179    2.015273
   86.011751    8.987848    0.330080    1.421466
   86.011871    8.965557    0.289348    1.038075
   86.011989    8.943269    0.344267    1.554509
   86.012580    8.831999    0.317604    1.302616
   86.012697    8.809757    0.275907    0.910144
   86.012815    8.787506    0.384088    1.927630
   86.012932    8.765250    0.273348    0.885651
   86.013048    8.742987    0.334535    1.461048
   86.013162    8.720710    0.323304    1.355184
   86.013275    8.698422    0.405184    2.125236
   86.013388    8.676127    0.430611    2.364232
   86.013499    8.653830    0.419150    2.256203
   86.013611    8.631534    0.273918    0.889739
   86.013722    8.609240    0.226566    0.486740
   86.013834    8.586948    0.117476    0.252379
   86.013946    8.564658    0.289460    1.035313
   86.014059    8.542377    0.178090    0.382598
   86.014174    8.520103    0.270949    0.860752
   86.014289    8.497828    0.289177    1.032018
   86.014403    8.475550    0.319101    1.313308
   86.014517    8.453258    0.344358    1.550702
   86.014628    8.430951    0.373336    1.823087
   86.014738    8.408640    0.318414    1.306214
   86.014846    8.386325    0.583959    3.804067
   86.014951    8.364015    0.304202    1.172088
   86.015055    8.341708    0.407541    2.144017
   86.015157    8.319402    0.403842    2.109009
   86.015258    8.297095    0.384771    1.929395
   86.015359    8.274781    0.360593    1.701727
   86.015462    8.252461    0.357642    1.673754
   86.015563    8.230140    0.334333    1.454265
   86.015664    8.207818    0.457305    2.610897
   86.015764    8.185497    0.316340    1.284583
   86.015862    8.163178    0.259329    0.748045
   86.015960    8.140861    0.385971    1.939196
   86.016056    8.118546    0.301885    1.147959
   86.016152    8.096234    0.352774    1.626474
   86.016247    8.073926    0.386722    1.945621
