Converting ICESat/GLAS binary freeboard vector data to ASCII
Wed Feb 12 09:57:22 2014

write_fb:
  file_in:       laser3k0068002.dat
  laser_period:  3k
  track:         0068
  cycle:         002
  file_out:      laser3k0068002.txt
  non_zero_only:        0
  nan_replace:       -999

read_fb:
  Year:                  2008
  Month:                   10
  Day:                     13
  Hour:                    21
  Minute:                  57
  Doy:                    287
  record_count:          1985
  non_zero_count:        1977
  nan_count:                0

    Latitude   Longitude   Freeboard   Thickness
   81.138282  146.867581    0.129883    0.275397
   81.139666  146.862953    0.161161    0.353315
   81.141049  146.858320    0.131236    0.278267
   81.142429  146.853680    0.154623    0.327856
   81.143809  146.849038    0.160023    0.342649
   81.145189  146.844395    0.118311    0.250861
   81.146568  146.839754    0.103465    0.219381
   81.147948  146.835118    0.040285    0.085418
   81.149327  146.830483    0.063549    0.134747
   81.150706  146.825846    0.068345    0.144917
   81.152085  146.821209    0.073469    0.155780
   81.153462  146.816568    0.052878    0.112120
   81.154839  146.811926    0.126170    0.267524
   81.156216  146.807282    0.173714    0.471560
   81.157594  146.802634    0.187240    0.598820
   81.158975  146.797983    0.240332    1.098288
   81.160356  146.793330    0.426531    2.849931
   81.161738  146.788675    0.201216    0.730330
   81.163119  146.784018    0.229152    0.993153
   81.164498  146.779361    0.168202    0.419785
   81.165877  146.774703    0.165156    0.391146
   81.167256  146.770046    0.090846    0.192625
   81.168635  146.765392    0.129415    0.274405
   81.170016  146.760743    0.043751    0.092768
   81.171396  146.756095    0.051396    0.108977
   81.172776  146.751444    0.200953    0.727964
   81.174156  146.746787    0.296035    1.622443
   81.175536  146.742118    0.139070    0.294876
   81.176914  146.737447    0.155106    0.328880
   81.178293  146.732775    0.168269    0.420544
   81.179670  146.728108    0.100545    0.213191
   81.181047  146.723452    0.138868    0.294449
   81.182423  146.718796    0.154660    0.327933
   81.183799  146.714139    0.285275    1.521302
   81.185175  146.709474    0.286391    1.531822
   81.186552  146.704797    0.168518    0.422957
   81.187930  146.700115    0.121545    0.257719
   81.190688  146.690746    0.182576    0.555243
   81.192068  146.686066    0.202591    0.743548
   81.193449  146.681385    0.132936    0.281872
   81.196211  146.672010    0.161286    0.355008
   81.197590  146.667311    0.051405    0.108997
   81.198968  146.662608    0.455503    3.122837
   81.201725  146.653197    0.298807    1.648767
   81.203103  146.648491    0.276001    1.434240
   81.204482  146.643786    0.195889    0.680613
   81.205861  146.639084    0.171385    0.450101
   81.207240  146.634387    0.163295    0.374011
   81.208620  146.629699    0.255011    1.236826
   81.209999  146.625014    0.129379    0.274330
   81.211379  146.620329    0.246400    1.155847
   81.212758  146.615639    0.190580    0.630738
   81.214136  146.610943    0.132261    0.280439
   81.215514  146.606242    0.214620    0.856917
   81.216890  146.601537    0.170238    0.439415
   81.225143  146.573241    0.119710    0.253828
   81.234785  146.540240    0.129784    0.275189
   81.236165  146.535492    0.071381    0.151354
   81.237543  146.530740    0.111519    0.236460
   81.238922  146.525986    0.116455    0.246925
   81.240298  146.521234    0.227237    0.975829
   81.241672  146.516487    0.121360    0.257326
   81.243045  146.511744    0.101249    0.214683
   81.244418  146.507006    0.130601    0.276920
   81.245793  146.502277    0.172984    0.465500
   81.247170  146.497562    0.523092    3.759101
   81.248547  146.492849    0.430886    2.891696
   81.249925  146.488132    0.414088    2.733687
   81.251303  146.483404    0.374492    2.361199
   81.252679  146.478655    0.257251    1.258284
   81.256807  146.464375    0.400329    2.604310
   81.258182  146.459613    0.180375    0.535135
   81.260933  146.450096    0.362596    2.249373
   81.262310  146.445346    0.167143    0.410696
   81.263689  146.440610    0.227915    0.982408
   81.265068  146.435876    0.303851    1.696777
   81.266447  146.431143    0.310403    1.758426
   81.267824  146.426404    0.181859    0.549181
   81.270575  146.416903    0.264907    1.330466
   81.273323  146.407375    0.228107    0.984294
   81.274696  146.402594    0.142974    0.303156
   81.276070  146.397810    0.177266    0.506045
   81.277443  146.393026    0.078764    0.167008
   81.278816  146.388249    0.089569    0.189918
   81.280188  146.383485    0.104611    0.221811
   81.281560  146.378724    0.284220    1.512247
   81.282932  146.373962    0.214467    0.856069
   81.284306  146.369195    0.176107    0.495213
   81.285683  146.364420    0.131287    0.278375
   81.287060  146.359640    0.118854    0.252012
   81.289814  146.350068    0.103138    0.218688
   81.291189  146.345275    0.114200    0.242145
   81.292565  146.340479    0.140322    0.297533
   81.293940  146.335682    0.126377    0.267964
   81.295316  146.330883    0.378218    2.396630
   81.296692  146.326084    0.188834    0.615039
   81.299446  146.316487    0.163771    0.379287
   81.300823  146.311693    0.192721    0.651642
   81.302201  146.306905    0.153290    0.325028
   81.303579  146.302117    0.162953    0.371633
   81.307710  146.287727    0.262452    1.307680
   81.309086  146.282919    0.281148    1.483573
   81.310461  146.278110    0.244345    1.137363
   81.313206  146.268490    0.286040    1.529629
   81.314576  146.263681    0.469283    3.253462
   81.315946  146.258875    0.327084    1.915765
   81.318687  146.249281    0.226854    0.972884
   81.320058  146.244490    0.191266    0.638106
   81.322802  146.234907    0.314948    1.801641
   81.324175  146.230113    0.152819    0.324029
   81.325548  146.225312    0.132093    0.280083
   81.328294  146.215681    0.161088    0.354273
   81.329666  146.210837    0.210544    0.819534
   81.331038  146.205986    0.024905    0.052808
   81.335157  146.191427    0.227317    0.977364
   81.336531  146.186581    0.457107    3.139088
   81.337906  146.181736    0.321398    1.862434
   81.340653  146.172052    0.194025    0.664219
   81.342026  146.167212    0.174938    0.484669
   81.343399  146.162370    0.280208    1.474986
   81.344771  146.157527    0.393629    2.541991
   81.346143  146.152680    0.259977    1.284692
   81.347515  146.147830    0.301488    1.675205
   81.348886  146.142978    0.254012    1.228599
   81.350257  146.138120    0.257384    1.260323
   81.351627  146.133256    0.283041    1.501706
   81.352998  146.128391    0.311811    1.772365
   81.354368  146.123526    0.376070    2.376879
   81.355740  146.118665    0.301393    1.674374
   81.357113  146.113814    0.392479    2.531261
   81.358486  146.108963    0.330823    1.951252
   81.359860  146.104111    0.271803    1.396040
   81.361232  146.099255    0.293850    1.603458
   81.362602  146.094390    0.248296    1.174921
   81.363972  146.089522    0.436138    2.942028
   81.365341  146.084653    0.331472    1.957409
   81.366711  146.079782    0.312370    1.777723
   81.368082  146.074912    0.411062    2.706156
   81.369454  146.070042    0.364666    2.269708
   81.372198  146.060308    0.363076    2.254769
   81.373571  146.055449    0.222656    0.933795
   81.374944  146.050589    0.245747    1.151032
   81.376318  146.045726    0.290890    1.575722
   81.377691  146.040856    0.231091    1.013183
   81.379064  146.035973    0.247321    1.165872
   81.381810  146.026189    0.260137    1.286458
   81.383182  146.021289    0.247138    1.164179
   81.384554  146.016383    0.226162    0.966863
   81.385925  146.011475    0.209335    0.808571
   81.387297  146.006568    0.203876    0.757225
   81.388668  146.001667    0.324308    1.890183
   81.391412  145.991888    0.266886    1.350010
   81.392783  145.987000    0.268326    1.363575
   81.394154  145.982109    0.292543    1.591401
   81.395525  145.977213    0.496132    3.506640
   81.396895  145.972315    0.314814    1.800928
   81.398265  145.967417    0.310027    1.755906
   81.399633  145.962522    0.245515    1.149030
   81.401001  145.957632    0.268161    1.362072
   81.402367  145.952742    0.309025    1.746505
   81.403734  145.947851    0.306571    1.723426
   81.405100  145.942957    0.317816    1.829226
   81.406466  145.938058    0.278781    1.462016
   81.407833  145.933155    0.351515    2.146263
   81.409200  145.928250    0.314434    1.797440
   81.411937  145.918426    0.252680    1.216514
   81.414677  145.908590    0.196029    0.683601
   81.416048  145.903672    0.217635    0.886862
   81.417419  145.898756    0.296742    1.631064
   81.418791  145.893838    0.267109    1.352308
   81.420162  145.888916    0.383927    2.451257
   81.421533  145.883985    0.461667    3.182597
   81.422905  145.879042    0.411021    2.706160
   81.424276  145.874096    0.212287    0.836614
   81.425646  145.869147    0.236992    1.069032
   81.427016  145.864200    0.280542    1.478727
   81.428386  145.859258    0.287967    1.548585
   81.431124  145.849383    0.159282    0.338022
   81.432492  145.844453    0.278396    1.458583
   81.433858  145.839531    0.496394    3.509378
   81.435224  145.834609    0.263472    1.318209
   81.437952  145.824756    0.250903    1.199995
   81.440679  145.814869    0.251971    1.210066
   81.442043  145.809921    0.278426    1.458949
   81.443408  145.804976    0.389989    2.508468
   81.444776  145.800039    0.189744    0.624705
   81.446145  145.795100    0.304221    1.701641
   81.447514  145.790159    0.226509    0.970591
   81.448884  145.785213    0.283323    1.505070
   81.450253  145.780257    0.174684    0.483086
   81.452990  145.770335    0.235432    1.054587
   81.454359  145.765369    0.315103    1.804082
   81.455728  145.760401    0.217435    0.885301
   81.458464  145.750461    0.328408    1.929290
   81.459832  145.745488    0.260921    1.294428
   81.461200  145.740514    0.223328    0.940787
   81.462567  145.735539    0.297756    1.640964
   81.463934  145.730565    0.192515    0.650939
   81.465301  145.725594    0.388280    2.492581
   81.466667  145.720629    0.217409    0.885154
   81.468034  145.715663    0.321969    1.868799
   81.470766  145.705724    0.470022    3.261599
   81.473500  145.695760    0.142387    0.301910
   81.478964  145.675773    0.212482    0.838908
   81.480328  145.670768    0.200736    0.728416
   81.481694  145.665763    0.254519    1.234384
   81.483060  145.660762    0.437524    2.955991
   81.485792  145.650760    0.389304    2.502388
   81.488527  145.640752    0.386844    2.479274
   81.489894  145.635745    0.289833    1.566669
   81.491261  145.630738    0.152855    0.324106
   81.492627  145.625730    0.555713    4.067912
   81.493990  145.620723    0.373857    2.357141
   81.496714  145.610706    0.315894    1.811892
   81.498077  145.605699    0.342399    2.061246
   81.499441  145.600693    0.261473    1.299957
   81.500805  145.595685    0.235139    1.052233
   81.502168  145.590674    0.301194    1.673644
   81.508979  145.565536    0.005160    0.010941
   81.510345  145.560517    0.085879    0.182094
   81.511712  145.555498    0.063010    0.133603
   81.513079  145.550477    0.021965    0.046574
   81.514446  145.545450    0.017404    0.036903
   81.515812  145.540411    0.083998    0.178105
   81.517178  145.535368    0.058415    0.123861
   81.518544  145.530322    0.158573    0.336231
   81.519909  145.525275    0.244017    1.135915
   81.521272  145.520232    0.354773    2.177847
   81.522636  145.515187    0.254618    1.235661
   81.524000  145.510140    0.282253    1.495650
   81.526730  145.500027    0.248607    1.179153
   81.529462  145.489905    0.232876    1.031190
   81.530826  145.484850    0.338625    2.026011
   81.532189  145.479807    0.337568    2.016081
   81.533551  145.474765    0.054023    0.114548
   81.534912  145.469721    0.067194    0.142474
   81.536273  145.464671    0.022409    0.047515
   81.537633  145.459607    0.286984    1.540263
   81.538994  145.454540    0.097889    0.207559
   81.540355  145.449473    0.111356    0.236114
   81.543082  145.439359    0.073655    0.156175
   81.544447  145.434307    0.045040    0.095500
   81.545813  145.429253    0.072486    0.153695
   81.548542  145.419114    0.101413    0.215031
   81.549906  145.414033    0.071586    0.151788
   81.551270  145.408949    0.079174    0.167876
   81.552634  145.403866    0.072502    0.153729
   81.553997  145.398786    0.041721    0.088462
   81.555361  145.393705    0.103871    0.220244
   81.556725  145.388623    0.285246    1.524073
   81.558090  145.383540    0.463166    3.197835
   81.559456  145.378455    0.574762    4.247665
   81.560822  145.373369    0.499022    3.535166
   81.562187  145.368281    0.338109    2.021415
   81.563551  145.363190    0.036544    0.077487
   81.564913  145.358097    0.133176    0.282380
   81.566273  145.353002    0.098248    0.208320
   81.567633  145.347905    0.080346    0.170362
   81.568992  145.342807    0.519084    3.723961
   81.570351  145.337710    0.413086    2.726809
   81.571710  145.332610    0.322938    1.878771
   81.573069  145.327507    0.303047    1.691657
   81.574430  145.322398    0.334279    1.985481
   81.575793  145.317279    0.201742    0.738667
   81.577156  145.312157    0.159967    0.345687
   81.578520  145.307033    0.296611    1.631151
   81.579884  145.301909    0.338657    2.026703
   81.581247  145.296788    0.104404    0.221374
   81.582610  145.291667    0.248978    1.183083
   81.583972  145.286543    0.245881    1.153957
   81.585333  145.281415    0.364834    2.272996
   81.586694  145.276280    0.183924    0.571124
   81.588054  145.271143    0.139052    0.294839
   81.589413  145.266007    0.147755    0.313294
   81.590773  145.260874    0.122370    0.259467
   81.592133  145.255748    0.207428    0.792275
   81.593494  145.250624    0.380734    2.422634
   81.596218  145.240372    0.278457    1.460496
   81.597583  145.235240    0.422134    2.812127
   81.598948  145.230105    0.356675    2.196345
   81.600313  145.224969    0.218533    0.896803
   81.601677  145.219833    0.370029    2.321984
   81.603039  145.214697    0.370691    2.328221
   81.604400  145.209559    0.324196    1.890842
   81.605761  145.204419    0.214328    0.857288
   81.607122  145.199275    0.322893    1.878600
   81.608482  145.194127    0.511166    3.649762
   81.609843  145.188977    0.279286    1.468397
   81.611203  145.183824    0.258214    1.270169
   81.612564  145.178670    0.352799    2.159971
   81.613924  145.173516    0.311563    1.772063
   81.615283  145.168360    0.220621    0.916554
   81.616642  145.163205    0.169194    0.432768
   81.618001  145.158050    0.420915    2.800802
   81.619358  145.152898    0.491498    3.464808
   81.622072  145.142592    0.521547    3.747514
   81.623429  145.137439    0.325894    1.906946
   81.624784  145.132284    0.157176    0.333269
   81.626140  145.127126    0.114579    0.242948
   81.628855  145.116794    0.264827    1.332509
   81.630215  145.111615    0.275555    1.433435
   81.631577  145.106430    0.308689    1.745146
   81.632939  145.101242    0.335778    1.999994
   81.634300  145.096052    0.305709    1.717135
   81.635661  145.090862    0.239084    1.090381
   81.637021  145.085671    0.401806    2.621167
   81.638381  145.080480    0.326004    1.908090
   81.639743  145.075288    0.318129    1.834010
   81.641105  145.070097    0.413938    2.735325
   81.642468  145.064907    0.442634    3.005287
   81.643831  145.059716    0.443841    3.016658
   81.646552  145.049331    0.119729    0.253868
   81.650627  145.033755    0.384023    2.453976
   81.653343  145.023376    0.326266    1.910647
   81.654701  145.018188    0.178549    0.521038
   81.657412  145.007815    0.180799    0.542218
   81.660120  144.997444    0.309286    1.750960
   81.661475  144.992259    0.254184    1.232605
   81.662831  144.987076    0.252133    1.213325
   81.664187  144.981889    0.188041    0.610392
   81.665543  144.976698    0.255669    1.246601
   81.666899  144.971497    0.260782    1.294710
   81.669610  144.961059    0.341000    2.049370
   81.670966  144.955833    0.403152    2.634063
   81.672324  144.950608    0.117321    0.248762
   81.675041  144.940168    0.116941    0.247955
   81.676401  144.934943    0.138108    0.292839
   81.677760  144.929711    0.162030    0.365790
   81.680477  144.919217    0.741100    5.813314
   81.681835  144.913970    0.209015    0.807822
   81.683194  144.908731    0.160002    0.346748
   81.684552  144.903509    0.290064    1.570294
   81.685910  144.898288    0.321446    1.865521
   81.687268  144.893067    0.296985    1.635423
   81.688626  144.887841    0.203450    0.755511
   81.689984  144.882604    0.257685    1.265725
   81.691342  144.877361    0.391537    2.524929
   81.692700  144.872111    0.342707    2.065576
   81.694056  144.866850    0.329509    1.941423
   81.695412  144.861574    0.281707    1.491750
   81.696767  144.856293    0.273721    1.416625
   81.698121  144.851012    0.190143    0.630394
   81.699477  144.845739    0.293848    1.605993
   81.700834  144.840478    0.360895    2.236735
   81.702191  144.835223    0.432013    2.905774
   81.704904  144.824723    0.161762    0.363445
   81.707615  144.814232    0.526494    3.794619
   81.708970  144.808986    0.476685    3.326061
   81.710323  144.803736    0.344962    2.086908
   81.711675  144.798480    0.642816    4.888923
   81.713026  144.793222    0.342456    2.063349
   81.714377  144.787960    0.463408    3.201188
   81.715729  144.782697    0.224971    0.958146
   81.717082  144.777433    0.272349    1.403856
   81.718436  144.772165    0.389754    2.508325
   81.719790  144.766895    0.116973    0.248025
   81.721143  144.761619    0.128333    0.272112
   81.722497  144.756338    0.194874    0.675053
   81.723851  144.751053    0.122179    0.259063
   81.725206  144.745764    0.097384    0.206488
   81.729276  144.729885    0.118488    0.251236
   81.730634  144.724586    0.107372    0.227667
   81.731992  144.719281    0.097549    0.206838
   81.734707  144.708654    0.162583    0.371361
   81.736065  144.703336    0.093687    0.198650
   81.737422  144.698016    0.099497    0.210969
   81.738779  144.692694    0.063948    0.135592
   81.740136  144.687373    0.100628    0.213366
   81.741493  144.682052    0.076420    0.162038
   81.742850  144.676733    0.106090    0.224949
   81.744208  144.671419    0.085967    0.182281
   81.746921  144.660796    0.144367    0.306109
   81.748274  144.655487    0.124824    0.264671
   81.750972  144.644873    0.320067    1.852968
   81.752320  144.639568    0.123417    0.261688
   81.753666  144.634266    0.126359    0.267926
   81.755013  144.628968    0.123898    0.262707
   81.756360  144.623669    0.056483    0.119763
   81.757708  144.618367    0.125308    0.265696
   81.759057  144.613058    0.093481    0.198213
   81.761759  144.602412    0.182362    0.557614
   81.764462  144.591747    0.082680    0.175311
   81.765813  144.586413    0.053976    0.114448
   81.767163  144.581074    0.316378    1.818390
   81.768514  144.575729    0.207657    0.795625
   81.771217  144.565007    0.060469    0.128216
   81.772569  144.559637    0.109828    0.232874
   81.773922  144.554266    0.206682    0.786498
   81.775277  144.548903    0.140358    0.297608
   81.776633  144.543555    0.315496    1.810173
   81.777990  144.538209    0.389933    2.510438
   81.779347  144.532865    0.290353    1.573660
   81.780703  144.527518    0.223199    0.941935
   81.782057  144.522163    0.254689    1.238182
   81.783411  144.516805    0.273204    1.412366
   81.784764  144.511443    0.381584    2.431942
   81.786117  144.506076    0.222962    0.939743
   81.787469  144.500702    0.340238    2.043011
   81.788821  144.495325    0.097491    0.206715
   81.791525  144.484565    0.333645    1.981025
   81.792876  144.479185    0.180915    0.544252
   81.794227  144.473805    0.442410    3.004234
   81.795577  144.468426    0.065224    0.138297
   81.796927  144.463050    0.002465    0.005226
   81.798277  144.457680    0.241195    1.111365
   81.799627  144.452310    0.358212    2.212200
   81.800977  144.446938    0.315780    1.813038
   81.802327  144.441561    0.263491    1.321140
   81.803677  144.436174    0.214951    0.864520
   81.805028  144.430784    0.263942    1.325407
   81.807728  144.420005    0.092844    0.196861
   81.809078  144.414622    0.132020    0.279928
   81.813128  144.398460    0.028086    0.059551
   81.814480  144.393057    0.034172    0.072457
   81.815834  144.387649    0.087880    0.186337
   81.817187  144.382237    0.123003    0.260809
   81.818540  144.376823    0.271021    1.392105
   81.819891  144.371409    0.297264    1.638997
   81.823943  144.355153    0.355686    2.188625
   81.825295  144.349731    0.237992    1.081440
   81.826646  144.344307    0.115665    0.245251
   81.827998  144.338882    0.035093    0.074410
   81.832047  144.322602    0.039456    0.083661
   81.834743  144.311753    0.727796    5.689266
   81.836091  144.306335    0.288096    1.552865
   81.837439  144.300917    0.340972    2.050293
   81.838786  144.295497    0.396212    2.569965
   81.840133  144.290073    0.272064    1.402077
   81.841479  144.284642    0.259760    1.286336
   81.842826  144.279207    0.236951    1.071770
   81.844173  144.273770    0.086413    0.183226
   81.846866  144.262889    0.235060    1.054007
   81.848214  144.257447    0.257792    1.267871
   81.850910  144.246563    0.234350    1.047358
   81.852260  144.241126    0.274597    1.425984
   81.853609  144.235688    0.188454    0.615620
   81.854959  144.230247    0.288466    1.556477
   81.856310  144.224798    0.317392    1.828595
   81.857660  144.219338    0.288276    1.554708
   81.860360  144.208409    0.165302    0.397863
   81.861709  144.202946    0.281983    1.495528
   81.863057  144.197489    0.331776    1.963957
   81.864404  144.192033    0.340710    2.048018
   81.867097  144.181113    0.454382    3.117380
   81.868444  144.175644    0.459090    3.161677
   81.869791  144.170172    0.304368    1.706164
   81.871138  144.164698    0.335184    1.996072
   81.872484  144.159221    0.329263    1.940382
   81.873828  144.153743    0.470474    3.268813
   81.880554  144.126341    0.074583    0.158141
   81.881902  144.120856    0.051293    0.108759
   81.883250  144.115366    0.000000    0.000000
   81.884598  144.109868    0.064560    0.136890
   81.888642  144.093358    0.200116    0.725555
   81.889988  144.087855    0.449265    3.069398
   81.891334  144.082351    0.355786    2.190014
   81.892680  144.076846    0.410223    2.702132
   81.894026  144.071339    0.203417    0.756647
   81.895373  144.065828    0.173018    0.470681
   81.896719  144.060316    0.211148    0.829393
   81.898065  144.054805    0.263498    1.321876
   81.899411  144.049298    0.423819    2.830075
   81.900757  144.043797    0.226247    0.971455
   81.902102  144.038295    0.222215    0.933538
   81.903448  144.032791    0.447785    3.055563
   81.904793  144.027279    0.311136    1.770063
   81.906138  144.021755    0.177828    0.515996
   81.908827  144.010696    0.299072    1.656601
   81.910173  144.005168    0.361840    2.247086
   81.911518  143.999649    0.412147    2.720348
   81.912864  143.994130    0.391913    2.530014
   81.914210  143.988609    0.498687    3.534480
   81.918250  143.972011    0.475366    3.315118
   81.919597  143.966470    0.243003    1.129212
   81.920943  143.960928    0.191920    0.648665
   81.922289  143.955387    0.231196    1.018150
   81.923634  143.949843    0.258465    1.274691
   81.924980  143.944296    0.181228    0.548105
   81.926325  143.938745    0.587919    4.373995
   81.927671  143.933186    0.206195    0.782991
   81.929017  143.927627    0.466133    3.228331
   81.930363  143.922067    0.367038    2.296119
   81.931707  143.916513    0.354944    2.182352
   81.933050  143.910970    0.469633    3.261283
   81.934393  143.905427    0.453494    3.109457
   81.935734  143.899882    0.340060    2.042353
   81.937076  143.894330    0.540127    3.924461
   81.938416  143.888765    0.534384    3.870444
   81.939756  143.883195    0.344421    2.083410
   81.941096  143.877622    0.396879    2.576903
   81.942437  143.872049    0.342775    2.067937
   81.943780  143.866478    0.259661    1.286069
   81.949152  143.844191    0.211602    0.833990
   81.950494  143.838617    0.347347    2.110998
   81.957212  143.810644    0.351489    2.150011
   81.958556  143.805043    0.339964    2.041592
   81.959898  143.799450    0.265664    1.342638
   81.961240  143.793859    0.137367    0.291267
   81.963923  143.782681    0.137646    0.291859
   81.965266  143.777093    0.156273    0.331354
   81.969296  143.760317    0.072376    0.153463
   81.973322  143.743510    0.098561    0.208985
   81.976003  143.732286    0.094460    0.200288
   81.978681  143.721052    0.107018    0.226917
   81.980021  143.715436    0.061112    0.129578
   81.981363  143.709826    0.092996    0.197185
   81.982705  143.704214    0.096460    0.204529
   81.984048  143.698600    0.136062    0.288499
   81.986733  143.687345    0.097786    0.207340
   81.988076  143.681708    0.100919    0.213984
   81.992103  143.664792    0.070516    0.149519
   81.993445  143.659156    0.103575    0.219615
   81.994787  143.653521    0.183586    0.570709
   81.996128  143.647886    0.139464    0.295713
   81.997470  143.642253    0.274385    1.424900
   81.998811  143.636619    0.252844    1.222267
   82.000152  143.630986    0.061414    0.130219
   82.001493  143.625352    0.049114    0.104140
   82.002834  143.619720    0.000000    0.000000
   82.004174  143.614085    0.085319    0.180907
   82.005514  143.608444    0.075381    0.159835
   82.006853  143.602793    0.045356    0.096171
   82.008192  143.597125    0.094612    0.200610
   82.009531  143.591452    0.068435    0.145106
   82.010871  143.585776    0.083095    0.176192
   82.012210  143.580101    0.057493    0.121905
   82.013551  143.574434    0.035869    0.076055
   82.014891  143.568768    0.024702    0.052377
   82.016233  143.563101    0.110474    0.234244
   82.017575  143.557434    0.055573    0.117834
   82.018918  143.551768    0.050161    0.106359
   82.020262  143.546098    0.033564    0.071167
   82.021605  143.540422    0.130818    0.277380
   82.022946  143.534736    0.077239    0.163774
   82.024284  143.529032    0.059861    0.126926
   82.025621  143.523323    0.278235    1.461278
   82.026958  143.517612    0.346399    2.102536
   82.028297  143.511905    0.334471    1.990328
   82.029638  143.506208    0.273467    1.416448
   82.032320  143.494820    0.268782    1.372392
   82.033659  143.489127    0.292183    1.592539
   82.034997  143.483431    0.285570    1.530341
   82.036334  143.477735    0.389520    2.508237
   82.037671  143.472038    0.338335    2.026737
   82.040346  143.460644    0.333083    1.977343
   82.041684  143.454945    0.353379    2.168275
   82.043021  143.449245    0.305820    1.720882
   82.044357  143.443539    0.101945    0.216159
   82.045692  143.437826    0.259567    1.285777
   82.047026  143.432111    0.265770    1.344142
   82.048361  143.426399    0.276302    1.443230
   82.049696  143.420692    0.777838    6.161354
   82.051035  143.414999    0.120194    0.254854
   82.052373  143.409307    0.105740    0.224205
   82.053712  143.403614    0.148760    0.315423
   82.055050  143.397916    0.236177    1.065797
   82.056387  143.392207    0.115997    0.245955
   82.059060  143.380772    0.072425    0.153566
   82.061736  143.369304    0.088425    0.187493
   82.065755  143.352064    0.249855    1.194520
   82.067094  143.346317    0.346067    2.099630
   82.068433  143.340570    0.307938    1.740948
   82.069773  143.334822    0.403413    2.639121
   82.071112  143.329072    0.082682    0.175316
   82.073793  143.317571    0.074933    0.158884
   82.075133  143.311817    0.405874    2.662320
   82.076472  143.306058    0.324724    1.898916
   82.077808  143.300293    0.137070    0.290637
   82.079144  143.294526    0.148420    0.314703
   82.080479  143.288758    0.334774    1.993497
   82.081814  143.282994    0.497337    3.522789
   82.083151  143.277237    0.286423    1.538660
   82.084487  143.271480    0.267640    1.361968
   82.085823  143.265724    0.466018    3.228185
   82.087157  143.259967    0.134697    0.285605
   82.088488  143.254207    0.267341    1.359182
   82.089818  143.248445    0.186043    0.594394
   82.091149  143.242683    0.293800    1.608111
   82.092480  143.236921    0.168604    0.430351
   82.093814  143.231159    0.110867    0.235077
   82.096482  143.219628    0.212459    0.842943
   82.097816  143.213853    0.271901    1.402137
   82.099150  143.208068    0.198125    0.708111
   82.100484  143.202278    0.151744    0.321751
   82.101818  143.196486    0.079959    0.169541
   82.103153  143.190694    0.134323    0.284812
   82.104488  143.184906    0.327626    1.926401
   82.105823  143.179116    0.199793    0.723847
   82.107159  143.173322    0.180494    0.542298
   82.112504  143.150089    0.348091    2.118973
   82.115176  143.138481    0.285457    1.529772
   82.116511  143.132682    0.101474    0.215162
   82.117845  143.126881    0.313830    1.796704
   82.119178  143.121073    0.253144    1.225823
   82.121841  143.109430    0.393714    2.548225
   82.124504  143.097769    0.382066    2.438664
   82.125837  143.091931    0.510052    3.642686
   82.127171  143.086092    0.587481    4.371096
   82.128505  143.080253    0.370508    2.329964
   82.129840  143.074420    0.419577    2.791578
   82.131174  143.068597    0.050660    0.107417
   82.132507  143.062775    0.243227    1.132614
   82.135176  143.051121    0.130558    0.276830
   82.139178  143.033583    0.316654    1.823403
   82.140510  143.027741    0.296130    1.630339
   82.141840  143.021909    0.413624    2.735649
   82.143168  143.016080    0.265087    1.338319
   82.144497  143.010249    0.314370    1.801952
   82.145825  143.004415    0.191259    0.643816
   82.147153  142.998573    0.329993    1.948941
   82.148481  142.992728    0.272588    1.408922
   82.149809  142.986881    0.349715    2.134483
   82.151139  142.981032    0.211191    0.831355
   82.152470  142.975184    0.307125    1.733845
   82.153801  142.969333    0.302186    1.687387
   82.155133  142.963478    0.146698    0.311051
   82.156464  142.957620    0.303029    1.695338
   82.157795  142.951755    0.490898    3.462688
   82.159125  142.945886    0.336910    2.014078
   82.160456  142.940010    0.317913    1.835379
   82.161788  142.934126    0.396790    2.577410
   82.163122  142.928232    0.430508    2.894610
   82.164457  142.922333    0.256578    1.258405
   82.165792  142.916433    0.258568    1.277135
   82.167126  142.910535    0.392987    2.541665
   82.168459  142.904644    0.516581    3.704360
   82.169791  142.898754    0.419489    2.790989
   82.171123  142.892863    0.421405    2.809021
   82.172453  142.886970    0.359183    2.223687
   82.173782  142.881069    0.554232    4.058587
   82.175110  142.875169    0.387487    2.489968
   82.179094  142.857493    0.195237    0.681435
   82.180423  142.851610    0.164553    0.392790
   82.181751  142.845727    0.282062    1.498243
   82.183079  142.839841    0.247504    1.173150
   82.184405  142.833946    0.151280    0.320767
   82.187056  142.822143    0.423998    2.833514
   82.188382  142.816232    0.440485    2.988624
   82.189711  142.810314    0.321504    1.869329
   82.191040  142.804392    0.355749    2.191491
   82.192369  142.798468    0.393308    2.544833
   82.193700  142.792546    0.363608    2.265446
   82.195031  142.786631    0.209190    0.812788
   82.196362  142.780714    0.337786    2.022541
   82.197694  142.774795    0.351913    2.155446
   82.199025  142.768869    0.337580    2.020619
   82.200354  142.762933    0.740312    5.809261
   82.201684  142.756992    0.464763    3.217086
   82.203013  142.751049    0.293090    1.602112
   82.205674  142.739166    0.253855    1.233028
   82.207005  142.733224    0.229263    1.001689
   82.209665  142.721334    0.332661    1.974404
   82.210992  142.715381    0.187309    0.607035
   82.212318  142.709427    0.312461    1.784392
   82.213643  142.703471    0.244960    1.149392
   82.214969  142.697517    0.137383    0.291301
   82.216296  142.691567    0.140397    0.297692
   82.217622  142.685616    0.314337    1.802073
   82.218949  142.679662    0.251828    1.214035
   82.220276  142.673701    0.334282    1.989714
   82.221603  142.667730    0.277273    1.453421
   82.222931  142.661756    0.265643    1.344020
   82.224258  142.655781    0.220852    0.922667
   82.225585  142.649811    0.284962    1.525776
   82.226912  142.643848    0.396855    2.578399
   82.228239  142.637888    0.307643    1.739156
   82.230893  142.625969    0.494572    3.497673
   82.233549  142.614050    0.309755    1.759057
   82.234877  142.608085    0.286321    1.538609
   82.236205  142.602111    0.408258    2.685720
   82.237532  142.596124    0.354608    2.181026
   82.238859  142.590130    0.359735    2.229263
   82.240186  142.584131    0.474810    3.311818
   82.241513  142.578127    0.383522    2.453047
   82.242839  142.572120    0.476156    3.324497
   82.244166  142.566110    0.286103    1.536606
   82.245492  142.560100    0.376907    2.390846
   82.246820  142.554092    0.320081    1.856266
   82.248149  142.548091    0.458338    3.156903
   82.249478  142.542090    0.370688    2.332364
   82.250806  142.536090    0.441655    2.999973
   82.252133  142.530090    0.464234    3.212391
   82.253457  142.524088    0.504891    3.594869
   82.254781  142.518085    0.437761    2.963370
   82.256104  142.512078    0.492786    3.481014
   82.257428  142.506063    0.393708    2.548957
   82.258752  142.500037    0.347184    2.111298
   82.261401  142.487980    0.343572    2.077332
   82.262724  142.481957    0.460671    3.178931
   82.264048  142.475943    0.391029    2.523793
   82.265370  142.469933    0.433079    2.919381
   82.266692  142.463922    0.749490    5.895971
   82.268013  142.457910    0.341150    2.054582
   82.269332  142.451896    0.315018    1.808758
   82.270651  142.445877    0.373272    2.356778
   82.271971  142.439854    0.559214    4.106010
   82.274614  142.427781    0.324989    1.902585
   82.275938  142.421733    0.241240    1.114739
   82.281238  142.397499    0.176749    0.508081
   82.282564  142.391433    0.081928    0.173716
   82.283891  142.385365    0.189797    0.630840
   82.285218  142.379296    0.319179    1.847993
   82.286546  142.373227    0.311726    1.777886
   82.287873  142.367158    0.329309    1.943294
   82.289199  142.361093    0.323680    1.890353
   82.290523  142.355035    0.462763    3.198756
   82.291846  142.348978    0.438079    2.966555
   82.293170  142.342919    0.469548    3.262596
   82.294494  142.336856    0.283325    1.510749
   82.295818  142.330783    0.263190    1.321336
   82.297143  142.324708    0.211773    0.837640
   82.298467  142.318631    0.295012    1.620712
   82.306389  142.282136    0.204087    0.765389
   82.307711  142.276024    0.146054    0.309685
   82.309034  142.269908    0.005544    0.011754
   82.310357  142.263794    0.047048    0.099758
   82.323574  142.202619    0.192010    0.651858
   82.324895  142.196471    0.132974    0.281953
   82.326217  142.190333    0.159620    0.347170
   82.327540  142.184219    0.192708    0.658447
   82.328863  142.178108    0.268705    1.373385
   82.330186  142.171997    0.165721    0.404588
   82.331508  142.165879    0.197084    0.699632
   82.332830  142.159747    0.354028    2.176062
   82.335472  142.147467    0.257480    1.267818
   82.336794  142.141320    0.261617    1.306739
   82.338116  142.135171    0.342592    2.068511
   82.339439  142.129018    0.260783    1.298911
   82.340761  142.122862    0.062510    0.132543
   82.342084  142.116701    0.118653    0.251585
   82.343407  142.110536    0.103903    0.220311
   82.344729  142.104368    0.111136    0.235647
   82.346051  142.098200    0.205642    0.780207
   82.348691  142.085871    0.110440    0.234171
   82.350010  142.079709    0.144100    0.305543
   82.351327  142.073548    0.163710    0.385757
   82.352644  142.067387    0.107677    0.228314
   82.353960  142.061226    0.235581    1.061888
   82.355276  142.055064    0.518503    3.723430
   82.356591  142.048901    0.382088    2.440133
   82.357906  142.042737    0.367477    2.302686
   82.359220  142.036570    0.353236    2.168728
   82.360534  142.030401    0.304935    1.714351
   82.361848  142.024232    0.456983    3.144719
   82.363163  142.018061    0.307195    1.735615
   82.364478  142.011890    0.383680    2.455148
   82.365793  142.005717    0.333286    1.981074
   82.367110  141.999542    0.455763    3.133264
   82.368428  141.993364    0.125455    0.266008
   82.369748  141.987185    0.117924    0.250041
   82.371069  141.981000    0.147036    0.311767
   82.372391  141.974809    0.324153    1.895184
   82.373713  141.968606    0.298221    1.651240
   82.375035  141.962389    0.108306    0.229648
   82.376357  141.956165    0.176038    0.501831
   82.380320  141.937487    0.420526    2.801828
   82.381640  141.931265    0.211325    0.833810
   82.382959  141.925044    0.126569    0.268371
   82.384278  141.918823    0.000000    0.000000
   82.386916  141.906386    0.229143    1.001463
   82.388233  141.900170    0.105030    0.222700
   82.390865  141.887757    0.276526    1.447234
   82.392179  141.881553    0.380441    2.424806
   82.393493  141.875344    0.341363    2.057195
   82.394805  141.869123    0.413721    2.737899
   82.396117  141.862880    0.234197    1.049064
   82.397430  141.856630    0.229608    1.005904
   82.398742  141.850377    0.190727    0.640145
   82.400054  141.844126    0.575430    4.259183
   82.401368  141.837886    0.341075    2.054527
   82.402683  141.831645    0.341627    2.059727
   82.403998  141.825404    0.376037    2.383448
   82.405313  141.819160    0.392427    2.537640
   82.406628  141.812914    0.403394    2.640813
   82.407944  141.806663    0.356687    2.201438
   82.409260  141.800407    0.459377    3.167478
   82.410575  141.794143    0.343451    2.076937
   82.411890  141.787867    0.228059    0.991409
   82.413204  141.781587    0.221378    0.928572
   82.415835  141.769022    0.157205    0.333329
   82.417153  141.762741    0.212411    0.844233
   82.418470  141.756462    0.214331    0.862303
   82.421106  141.743916    0.307348    1.737363
   82.422423  141.737657    0.291658    1.589770
   82.423739  141.731399    0.295039    1.621579
   82.426371  141.718872    0.157132    0.333175
   82.430314  141.700012    0.223833    0.951754
   82.431628  141.693713    0.081315    0.172416
   82.432942  141.687405    0.147068    0.311836
   82.439511  141.655900    0.437707    2.963789
   82.440824  141.649611    0.479046    3.352692
   82.442137  141.643319    0.355110    2.186788
   82.443452  141.637020    0.429059    2.882459
   82.444766  141.630719    0.494296    3.496170
   82.446080  141.624416    0.234201    1.049381
   82.447393  141.618112    0.220758    0.922922
   82.450014  141.605504    0.252156    1.218303
   82.451323  141.599193    0.219046    0.906841
   82.452634  141.592870    0.188192    0.616589
   82.453945  141.586531    0.223850    0.952048
   82.455258  141.580186    0.375248    2.376308
   82.456570  141.573840    0.442698    3.010835
   82.457883  141.567498    0.401349    2.621862
   82.459197  141.561168    0.379034    2.411938
   82.460511  141.554839    0.308651    1.749833
   82.461825  141.548507    0.475853    3.322767
   82.463139  141.542170    0.553409    4.052371
   82.464451  141.535822    0.151659    0.321572
   82.465763  141.529470    0.190523    0.638585
   82.480200  141.459504    0.246939    1.169389
   82.481510  141.453131    0.348110    2.121144
   82.482819  141.446756    0.300638    1.674569
   82.484127  141.440380    0.172019    0.464608
   82.485435  141.434007    0.312791    1.788905
   82.486743  141.427634    0.257824    1.271819
   82.488051  141.421262    0.246051    1.161073
   82.489357  141.414893    0.278725    1.468454
   82.490662  141.408528    0.231937    1.028311
   82.491968  141.402162    0.340658    2.051100
   82.493274  141.395792    0.273600    1.420263
   82.494582  141.389418    0.249837    1.196726
   82.495894  141.383034    0.152792    0.323973
   82.497206  141.376644    0.217275    0.890414
   82.498519  141.370247    0.048186    0.102170
   82.499830  141.363842    0.070249    0.148953
   82.506376  141.331719    0.359470    2.228139
   82.507688  141.325289    0.355268    2.188614
   82.508999  141.318859    0.287205    1.548332
   82.510311  141.312433    0.160334    0.354821
   82.511623  141.306015    0.334958    1.997575
   82.512934  141.299597    0.252573    1.222556
   82.514246  141.293176    0.320235    1.859085
   82.515556  141.286749    0.269897    1.385536
   82.516865  141.280310    0.264392    1.333764
   82.518173  141.273866    0.301002    1.678171
   82.519480  141.267421    0.255085    1.246221
   82.522094  141.254535    0.208090    0.804138
   82.523401  141.248095    0.410714    2.710292
   82.524708  141.241655    0.139063    0.294863
   82.526014  141.235217    0.183158    0.569607
   82.527321  141.228782    0.228494    0.996107
   82.528628  141.222347    0.257753    1.271365
   82.529935  141.215907    0.310187    1.764632
   82.531241  141.209460    0.240630    1.110295
   82.532547  141.203001    0.185777    0.594279
   82.533853  141.196537    0.138125    0.292874
   82.535159  141.190070    0.181834    0.557195
   82.536465  141.183603    0.155602    0.329930
   82.537770  141.177138    0.250811    1.206105
   82.539076  141.170673    0.269923    1.385903
   82.540383  141.164205    0.096883    0.205425
   82.541689  141.157735    0.153971    0.326472
   82.542995  141.151262    0.000000    0.000000
   82.544301  141.144785    0.095921    0.203386
   82.548224  141.125339    0.238952    1.094591
   82.549533  141.118850    0.250745    1.205541
   82.550843  141.112358    0.021269    0.045098
   82.562601  141.053755    0.100205    0.212470
   82.563906  141.047262    0.034662    0.073496
   82.565211  141.040775    0.114377    0.242520
   82.566516  141.034287    0.070238    0.148930
   82.567819  141.027795    0.158748    0.340176
   82.569121  141.021289    0.097503    0.206740
   82.570422  141.014780    0.073560    0.155972
   82.571723  141.008271    0.140067    0.296991
   82.573023  141.001765    0.059765    0.126723
   82.574323  140.995268    0.163722    0.387001
   82.575623  140.988769    0.063692    0.135049
   82.576924  140.982266    0.350651    2.145510
   82.578226  140.975752    0.249602    1.194917
   82.580836  140.962685    0.294970    1.621723
   82.582142  140.956141    0.077719    0.164792
   82.583447  140.949594    0.100964    0.214080
   82.584751  140.943046    0.154048    0.326637
   82.586055  140.936493    0.088873    0.188442
   82.587358  140.929934    0.075089    0.159214
   82.588663  140.923367    0.095080    0.201604
   82.589969  140.916790    0.064539    0.136845
   82.591275  140.910207    0.044201    0.093723
   82.592581  140.903618    0.145325    0.308141
   82.593887  140.897024    0.173912    0.482942
   82.595193  140.890422    0.226748    0.979991
   82.596498  140.883823    0.253369    1.230425
   82.597802  140.877228    0.229069    1.001831
   82.599106  140.870649    0.131660    0.279166
   82.600407  140.864098    0.057119    0.121113
   82.601709  140.857552    0.075398    0.159870
   82.603010  140.851003    0.151993    0.322279
   82.604311  140.844441    0.315244    1.812531
   82.610816  140.811468    0.219193    0.908975
   82.612114  140.804879    0.223345    0.948041
   82.613412  140.798291    0.180813    0.547927
   82.614711  140.791702    0.185337    0.590489
   82.616012  140.785114    0.239168    1.096900
   82.617314  140.778524    0.366654    2.296209
   82.618617  140.771933    0.144977    0.307402
   82.621221  140.758739    0.344864    2.091241
   82.622523  140.752136    0.219039    0.907563
   82.623824  140.745531    0.208773    0.810990
   82.625124  140.738924    0.250337    1.202004
   82.626422  140.732315    0.237561    1.081822
   82.627720  140.725703    0.279113    1.472716
   82.630317  140.712472    0.432307    2.913872
   82.631618  140.705853    0.382733    2.447516
   82.632920  140.699231    0.231060    1.020684
   82.634223  140.692605    0.274886    1.432976
   82.635525  140.685975    0.360208    2.235629
   82.636826  140.679340    0.326315    1.916792
   82.638128  140.672701    0.238303    1.088839
   82.639429  140.666058    0.310251    1.765680
   82.640730  140.659410    0.337003    2.017351
   82.642031  140.652759    0.361989    2.252414
   82.643331  140.646103    0.348576    2.126228
   82.644631  140.639444    0.252363    1.221129
   82.645932  140.632780    0.277675    1.459255
   82.647233  140.626110    0.280528    1.486096
   82.648535  140.619438    0.263260    1.323656
   82.649835  140.612765    0.311490    1.777376
   82.651136  140.606093    0.207757    0.801525
   82.652435  140.599424    0.111924    0.237318
   82.653733  140.592756    0.254307    1.239450
   82.655031  140.586088    0.266251    1.351810
   82.656328  140.579419    0.169853    0.444968
   82.657623  140.572749    0.153204    0.324847
   82.658918  140.566078    0.237051    1.077130
   82.660212  140.559408    0.120413    0.255317
   82.662799  140.546067    0.189920    0.633766
   82.667973  140.519384    0.337374    2.020934
   82.669267  140.512709    0.254022    1.236817
   82.670561  140.506027    0.165895    0.407782
   82.671857  140.499334    0.426706    2.861319
   82.673155  140.492624    0.324982    1.904370
   82.674453  140.485905    0.225211    0.965798
   82.675751  140.479181    0.277396    1.456721
   82.677049  140.472452    0.278094    1.463296
   82.678345  140.465724    0.301602    1.684446
   82.679642  140.458994    0.237997    1.086101
   82.680939  140.452261    0.138135    0.292894
   82.682237  140.445527    0.063748    0.135168
   82.683539  140.438790    0.243110    1.134211
   82.684841  140.432054    0.278860    1.470528
   82.686143  140.425319    0.367366    2.303136
   82.690042  140.405151    0.190246    0.636923
   82.691339  140.398431    0.204233    0.768513
   82.692635  140.391703    0.162306    0.374096
   82.693927  140.384965    0.395839    2.571026
   82.695219  140.378221    0.137936    0.292473
   82.696511  140.371475    0.177331    0.515466
   82.697804  140.364727    0.389797    2.514208
   82.699099  140.357980    0.130998    0.277761
   82.700395  140.351232    0.156322    0.331457
   82.701691  140.344486    0.254689    1.243219
   82.702987  140.337743    0.256577    1.260983
   82.704283  140.331008    0.271032    1.396980
   82.705578  140.324272    0.353479    2.172594
   82.706874  140.317533    0.238529    1.091222
   82.708168  140.310787    0.246002    1.161533
   82.709460  140.304027    0.481424    3.376226
   82.710752  140.297261    0.246689    1.168001
   82.712044  140.290489    0.293295    1.606453
   82.713337  140.283711    0.517652    3.717056
   82.714629  140.276925    0.162943    0.380195
   82.715923  140.270136    0.207096    0.795566
   82.717216  140.263347    0.448375    3.065366
   82.718511  140.256563    0.516393    3.705238
   82.719806  140.249787    0.387119    2.489122
   82.721101  140.243014    0.240874    1.113350
   82.722396  140.236241    0.261545    1.307817
   82.723690  140.229469    0.183215    0.570948
   82.724984  140.222697    0.179178    0.532977
   82.726277  140.215920    0.092937    0.197059
   82.727569  140.209137    0.231864    1.028617
   82.728862  140.202339    0.279059    1.472603
   82.730154  140.195520    0.445469    3.038088
   82.731447  140.188694    0.229391    1.005371
   82.734033  140.175037    0.114512    0.242807
   82.735328  140.168218    0.213381    0.854784
   82.736623  140.161400    0.170191    0.448488
   82.737917  140.154584    0.252203    1.220006
   82.739211  140.147772    0.112442    0.238417
   82.740504  140.140963    0.262158    1.313664
   82.741796  140.134152    0.265471    1.344842
   82.743088  140.127339    0.237764    1.084198
   82.744380  140.120520    0.260985    1.302652
   82.746964  140.106855    0.110527    0.234357
   82.748255  140.100016    0.089893    0.190605
   82.749545  140.093173    0.129320    0.274204
   82.757278  140.052126    0.482571    3.387244
   82.758568  140.045295    0.102294    0.216900
   82.759859  140.038466    0.150752    0.319647
   82.762439  140.024803    0.336121    2.009559
   82.763729  140.017963    0.302082    1.689355
   82.765019  140.011108    0.401798    2.627418
   82.775362  139.955996    0.109779    0.232770
   82.776654  139.949097    0.105932    0.224613
   82.777945  139.942195    0.165716    0.406576
   82.783106  139.914545    0.378805    2.411199
   82.784395  139.907627    0.360552    2.239488
   82.785682  139.900712    0.258853    1.282781
   82.786969  139.893803    0.447699    3.059325
   82.788254  139.886899    0.383939    2.459517
   82.789539  139.879998    0.311292    1.776111
   82.790824  139.873103    0.312605    1.788470
   82.792110  139.866219    0.432723    2.918461
   82.793396  139.859335    0.447670    3.059083
   82.794681  139.852448    0.475516    3.321045
   82.795967  139.845555    0.305797    1.724438
   82.797253  139.838648    0.473102    3.298343
   82.798539  139.831734    0.319674    1.855002
   82.799825  139.824815    0.368905    2.318141
   82.801111  139.817889    0.312187    1.784572
   82.802397  139.810958    0.306481    1.730906
   82.803684  139.804022    0.219130    0.909165
   82.804970  139.797082    0.199698    0.726373
   82.806258  139.790139    0.325309    1.908041
   82.807546  139.783194    0.446536    3.048475
   82.808834  139.776244    0.241283    1.117593
   82.810124  139.769292    0.395726    2.570491
   82.811414  139.762336    0.449698    3.078234
   82.812704  139.755374    0.356901    2.205264
   82.813995  139.748410    0.406963    2.676224
   82.815286  139.741443    0.193940    0.672247
   82.817866  139.727518    0.548735    4.009931
   82.819156  139.720553    0.385109    2.470652
   82.820445  139.713582    0.264949    1.340273
   82.821734  139.706598    0.220357    0.920788
   82.823023  139.699592    0.363339    2.265876
   82.824311  139.692580    0.343792    2.081995
   82.826885  139.678555    0.291192    1.587172
   82.828171  139.671554    0.421367    2.811779
   82.829456  139.664557    0.277294    1.456446
   82.830740  139.657564    0.376529    2.389982
   82.832022  139.650574    0.435015    2.940185
   82.833304  139.643589    0.308298    1.748126
   82.834585  139.636607    0.177459    0.517283
   82.835865  139.629629    0.174749    0.491787
   82.837145  139.622657    0.243296    1.136639
   82.838427  139.615696    0.168735    0.435223
   82.839708  139.608733    0.257338    1.268748
   82.840989  139.601761    0.159712    0.350347
   82.842270  139.594771    0.142855    0.302904
   82.843550  139.587749    0.220795    0.924985
   82.844830  139.580717    0.235618    1.064439
   82.846111  139.573678    0.397774    2.589895
   82.847395  139.566640    0.400254    2.613234
   82.848681  139.559613    0.209607    0.819756
   82.849969  139.552584    0.247221    1.173603
   82.851258  139.545549    0.218327    0.901794
   82.852546  139.538506    0.251291    1.211902
   82.853834  139.531449    0.435739    2.947066
   82.855122  139.524386    0.354383    2.181725
   82.856410  139.517319    0.497913    3.531971
   82.857698  139.510248    0.526591    3.801757
   82.858986  139.503176    0.695662    5.392264
   82.860274  139.496102    0.305723    1.723987
   82.861561  139.489028    0.138618    0.293919
   82.862849  139.481955    0.199573    0.725402
   82.864136  139.474884    0.133150    0.282325
   82.865423  139.467813    0.137061    0.290617
   82.866709  139.460742    0.259037    1.284811
   82.870557  139.439524    0.142575    0.302310
   82.871837  139.432454    0.533334    3.865234
   82.873115  139.425390    0.502273    3.573035
   82.874392  139.418338    0.426013    2.855634
   82.875668  139.411287    0.435701    2.946780
   82.876944  139.404235    0.428560    2.879602
   82.878221  139.397177    0.361264    2.246528
   82.879499  139.390108    0.316197    1.822575
   82.880777  139.383033    0.405933    2.666759
   82.882056  139.375952    0.147393    0.312525
   82.883335  139.368864    0.255870    1.255064
   82.884614  139.361767    0.538019    3.909343
   82.885894  139.354666    0.404250    2.650939
   82.887174  139.347564    0.339318    2.040102
   82.888455  139.340465    0.187954    0.616177
   82.889736  139.333374    0.202045    0.748732
   82.891018  139.326282    0.343470    2.079176
   82.892299  139.319187    0.398612    2.597920
   82.893581  139.312085    0.606619    4.554710
   82.894862  139.304969    0.330764    1.959651
   82.896144  139.297849    0.406220    2.669498
   82.897425  139.290726    0.393103    2.546101
   82.898706  139.283605    0.340390    2.050215
   82.899987  139.276491    0.530511    3.838758
   82.901268  139.269373    0.329140    1.944397
   82.902549  139.262247    0.484824    3.408970
   82.903829  139.255105    0.325615    1.911236
   82.905110  139.247938    0.174266    0.487448
   82.906390  139.240764    0.217926    0.898182
   82.907671  139.233587    0.262652    1.318941
   82.908951  139.226413    0.237750    1.084680
   82.910230  139.219251    0.180066    0.542033
   82.911509  139.212093    0.198538    0.715804
   82.912788  139.204939    0.207358    0.798778
   82.914067  139.197792    0.142587    0.302335
   82.915347  139.190654    0.195142    0.683869
   82.916626  139.183517    0.226813    0.981815
   82.917905  139.176377    0.167127    0.420331
   82.919183  139.169227    0.258435    1.279292
   82.920459  139.162057    0.386340    2.482543
   82.921734  139.154882    0.249942    1.199402
   82.923008  139.147706    0.388793    2.505631
   82.924281  139.140531    0.290492    1.580883
   82.926826  139.126200    0.294036    1.614225
   82.928099  139.119037    0.441156    2.998242
   82.967650  138.895217    0.579560    4.300347
   82.968920  138.887989    0.377326    2.397866
   82.970191  138.880754    0.476024    3.326357
   82.971461  138.873506    0.173979    0.484922
   82.972731  138.866248    0.255365    1.250549
   82.974002  138.858979    0.185672    0.594928
   85.127593   47.359824    0.316804    1.751853
   85.125811   47.329849    0.293136    1.529133
   85.124918   47.314872    0.248594    1.110086
   85.124024   47.299903    0.380000    2.346231
   85.123129   47.284942    0.181024    0.474365
   85.122233   47.269991    0.375482    2.303666
   85.121335   47.255049    0.307930    1.668148
   85.120436   47.240121    0.373795    2.287728
   85.119536   47.225201    0.202526    0.676510
   85.118636   47.210288    0.316351    1.747269
   85.117737   47.195378    0.212588    0.771110
   85.116838   47.180467    0.282217    1.426096
   85.115939   47.165566    0.240415    1.032826
   85.114142   47.135806    0.383959    2.383126
   85.111444   47.091306    0.032423    0.068747
   85.109645   47.061646    0.153925    0.326375
   85.108747   47.046808    0.055059    0.116745
   85.107848   47.031962    0.091311    0.193612
   85.106951   47.017102    0.146212    0.310021
   85.106056   47.002221    0.115208    0.244282
   85.103371   46.957569    0.310492    1.691613
   85.102474   46.942703    0.303562    1.626384
   85.101578   46.927846    0.362051    2.176574
   85.100681   46.912998    0.274314    1.351175
   85.099784   46.898167    0.266083    1.273706
   85.098886   46.883354    0.319149    1.772883
   85.097989   46.868550    0.367973    2.232157
   85.097090   46.853753    0.227683    0.912365
   85.096191   46.838954    0.386295    2.404448
   85.095291   46.824146    0.376000    2.307565
   85.094391   46.809344    0.297002    1.564377
   85.093489   46.794555    0.450261    3.006103
   85.091681   46.765039    0.416791    2.691174
   85.090775   46.750310    0.192842    0.584379
   85.089868   46.735593    0.233253    0.964505
   85.088961   46.720891    0.238672    1.015449
   85.088054   46.706201    0.336015    1.931155
   85.087146   46.691516    0.250015    1.122092
   85.086238   46.676833    0.327206    1.848223
   85.085327   46.662140    0.328289    1.858378
   85.084415   46.647433    0.450519    3.008208
   85.083502   46.632722    0.305984    1.648482
   85.082589   46.618008    0.293263    1.528778
   85.081677   46.603294    0.272632    1.334667
   85.080766   46.588584    0.282262    1.425227
   85.079856   46.573875    0.258604    1.202637
   85.078036   46.544455    0.300745    1.599001
   85.077124   46.529744    0.343051    1.996956
   85.076213   46.515033    0.363531    2.189589
   85.074390   46.485621    0.299013    1.582585
   85.073480   46.470920    0.332809    1.900474
   85.072570   46.456224    0.261753    1.231995
   85.071661   46.441534    0.218059    0.820918
   85.070755   46.426852    0.132784    0.281550
   85.068947   46.397512    0.103828    0.220152
   85.068043   46.382856    0.132944    0.281889
   85.067138   46.368212    0.324960    1.826404
   85.066231   46.353580    0.303966    1.628868
   85.065323   46.338960    0.324836    1.825168
   85.064414   46.324351    0.297519    1.568150
   85.063504   46.309759    0.280669    1.409606
   85.062592   46.295184    0.340742    1.974701
   85.060765   46.266058    0.326919    1.844600
   85.059850   46.251494    0.305304    1.641225
   85.058936   46.236921    0.340656    1.973760
   85.058020   46.222349    0.365287    2.205436
   85.057104   46.207783    0.279494    1.398321
   85.055267   46.178689    0.392595    2.462235
   85.054347   46.164156    0.406797    2.595804
   85.053426   46.149625    0.337906    1.947693
   85.052505   46.135093    0.377109    2.316456
   85.051582   46.120553    0.403193    2.561803
   85.050659   46.106013    0.425436    2.771017
   85.049736   46.091476    0.333343    1.904636
   85.047889   46.062427    0.318734    1.767141
   85.046965   46.047910    0.465458    3.147393
   85.046042   46.033394    0.872763    6.979013
   85.044197   46.004345    0.323777    1.814446
   85.042355   45.975291    0.329699    1.870092
   85.041435   45.960768    0.305373    1.641218
   85.039597   45.931743    0.513255    3.596767
   85.038679   45.917248    0.341700    1.982849
   85.037762   45.902774    0.428079    2.795420
   85.036846   45.888327    0.370629    2.254932
   85.035930   45.873892    0.400410    2.535056
   85.035015   45.859466    0.352030    2.079898
   85.034100   45.845038    0.462718    3.121136
   85.033184   45.830598    0.306309    1.649715
   85.032268   45.816166    0.318987    1.768945
   85.031350   45.801747    0.326837    1.842761
   85.030432   45.787350    0.351164    2.071574
   85.029511   45.772989    0.279830    1.400479
   85.028588   45.758639    0.370806    2.256285
   85.027664   45.744297    0.350505    2.065281
   85.026738   45.729954    0.396766    2.500436
   85.025810   45.715602    0.290809    1.503631
   85.024881   45.701249    0.447786    2.980334
   85.023950   45.686895    0.276147    1.365631
   85.023018   45.672538    0.281740    1.418221
   85.022085   45.658180    0.329184    1.864503
   85.021151   45.643820    0.314290    1.724356
   85.020217   45.629461    0.325545    1.830204
   85.019283   45.615105    0.378808    2.331239
   85.018349   45.600752    0.418733    2.706790
   85.017415   45.586400    0.328816    1.860877
   85.016481   45.572046    0.233003    0.959501
   85.014608   45.543310    0.306188    1.647905
   85.013671   45.528941    0.440049    2.907156
   85.012734   45.514585    0.372653    2.273098
   85.011799   45.500260    0.106057    0.224879
   85.010868   45.485983    0.138096    0.292812
   85.009937   45.471718    0.013335    0.028275
   85.008079   45.443182    0.428046    2.794031
   85.007152   45.428872    0.291738    1.511701
   85.006224   45.414561    0.504276    3.511091
   85.005297   45.400256    0.250197    1.120842
   85.004370   45.385968    0.292177    1.515735
   85.002516   45.357466    0.261705    1.229004
   85.001588   45.343233    0.287885    1.475254
   85.000661   45.329006    0.164847    0.349534
   84.998803   45.300564    0.090332    0.191535
   84.997873   45.286352    0.051590    0.109388
   84.995073   45.243750    0.075238    0.159531
   84.993202   45.215377    0.040034    0.084887
   84.992267   45.201198    0.039482    0.083716
   84.991331   45.187025    0.058722    0.124512
   84.990393   45.172856    0.101191    0.214561
   84.989453   45.158693    0.011472    0.024324
   84.988509   45.144536    0.048210    0.102223
   84.985672   45.102080    0.213562    0.775496
   84.983782   45.073768    0.320414    1.780623
   84.982837   45.059614    0.414845    2.668933
   84.981892   45.045464    0.436683    2.874332
   84.980945   45.031321    0.248270    1.101833
   84.979999   45.017176    0.353505    2.091786
   84.979053   45.003026    0.462777    3.119710
   84.978108   44.988858    0.010452    0.022163
   84.972453   44.903892    0.091938    0.194940
   84.971512   44.889800    0.028796    0.061057
   84.970573   44.875717    0.078594    0.166647
   84.969636   44.861634    0.054778    0.116149
   84.966824   44.819456    0.187938    0.533735
   84.965885   44.805426    0.201084    0.657374
   84.964945   44.791411    0.291508    1.507985
   84.964005   44.777414    0.293904    1.530485
   84.963064   44.763445    0.589118    4.307636
   84.962124   44.749509    0.262809    1.237900
   84.961183   44.735583    0.365326    2.202275
   84.960241   44.721658    0.311834    1.699020
   84.959297   44.707720    0.166615    0.353283
   84.958351   44.693755    0.380915    2.348824
   84.957403   44.679780    0.207069    0.713355
   84.956453   44.665797    0.187936    0.533329
   84.955500   44.651804    0.323979    1.813097
   84.954543   44.637803    0.273437    1.337599
   84.953585   44.623800    0.237291    0.997527
   84.951668   44.595805    0.319641    1.772152
   84.950711   44.581828    0.246430    1.083391
   84.949754   44.567855    0.243948    1.060008
   84.948797   44.553883    0.259590    1.207121
   84.947840   44.539903    0.199626    0.642985
   84.946884   44.525911    0.292154    1.513391
   84.944973   44.497936    0.285353    1.449343
   84.944019   44.483964    0.237484    0.998992
   84.943066   44.470012    0.275175    1.353525
   84.942113   44.456071    0.285925    1.454618
   84.941162   44.442142    0.249194    1.109042
   84.940211   44.428223    0.328683    1.856786
   84.939261   44.414313    0.316856    1.745490
   84.938311   44.400413    0.271837    1.321940
   84.937362   44.386526    0.352913    2.084612
   84.936413   44.372651    0.316943    1.746197
   84.935464   44.358793    0.424116    2.754372
   84.933568   44.331104    0.256414    1.176676
   84.932620   44.317271    0.219659    0.830870
   84.931671   44.303442    0.141778    0.300619
   84.930722   44.289619    0.267569    1.281507
   84.929771   44.275800    0.171801    0.380541
   84.928820   44.261982    0.224537    0.876619
   84.927867   44.248165    0.396439    2.493715
   84.926913   44.234352    0.423087    2.744373
   84.925957   44.220548    0.652673    4.904125
   84.924999   44.206759    0.241212    1.033343
   84.924038   44.192991    0.283916    1.435041
   84.923076   44.179227    0.635131    4.739006
   84.922113   44.165461    0.222681    0.858918
   84.921150   44.151682    0.283075    1.427033
   84.920186   44.137878    0.454550    3.040119
   84.919222   44.124068    0.192915    0.578795
   84.918258   44.110258    0.220383    0.837165
   84.917291   44.096455    0.394797    2.477906
   84.916323   44.082669    0.264618    1.253234
   84.915354   44.068886    0.381542    2.353147
   84.914385   44.055105    0.238555    1.007982
   84.913417   44.041324    0.281844    1.415189
   84.912450   44.027539    0.309370    1.674103
   84.911484   44.013755    0.289771    1.489689
   84.910518   43.999970    0.322961    1.801884
   84.909553   43.986178    0.289861    1.490474
   84.908589   43.972378    0.376111    2.301816
   84.907625   43.958584    0.390403    2.436233
   84.906662   43.944800    0.399674    2.523420
   84.905699   43.931038    0.384893    2.384330
   84.904737   43.917305    0.488549    3.359428
   84.903775   43.903590    0.282152    1.417741
   84.902815   43.889892    0.107704    0.228371
   84.901855   43.876209    0.345653    2.015054
   84.900897   43.862540    0.558539    4.017708
   84.899939   43.848885    0.346368    2.021707
   84.898982   43.835245    0.443324    2.933770
   84.898025   43.821621    0.261864    1.226686
   84.897068   43.808015    0.216700    0.801780
   84.896110   43.794420    0.121411    0.257434
   84.894192   43.767249    0.258289    1.192922
   84.893230   43.753667    0.293361    1.522815
   84.892267   43.740087    0.268500    1.288907
   84.891302   43.726508    0.287068    1.463551
   84.890336   43.712929    0.257493    1.185297
   84.889367   43.699351    0.207683    0.716687
   84.888397   43.685769    0.338736    1.949509
   84.887425   43.672182    0.182457    0.479309
   84.886450   43.658588    0.186160    0.514108
   84.885472   43.644985    0.314749    1.723756
   84.884493   43.631371    0.229164    0.918593
   84.883513   43.617742    0.221865    0.849901
   84.881553   43.590402    0.285956    1.452763
   84.880572   43.576707    0.353437    2.087542
   84.879592   43.563011    0.134026    0.284183
   84.878613   43.549326    0.168597    0.357485
   84.877634   43.535662    0.196453    0.610637
   84.876656   43.522014    0.417783    2.692725
   84.875679   43.508382    0.241128    1.030845
   84.874702   43.494776    0.331820    1.883976
   84.873726   43.481201    0.291224    1.502044
   84.872750   43.467644    0.293127    1.519908
   84.871776   43.454101    0.224796    0.877061
   84.870802   43.440563    0.282219    1.417227
   84.869829   43.427025    0.274234    1.342079
   84.868857   43.413497    0.269911    1.301373
   84.867886   43.399980    0.365998    2.205264
   84.866917   43.386475    0.244515    1.062400
   84.865950   43.372986    0.410619    2.624962
   84.864983   43.359509    0.451853    3.012825
   84.864017   43.346045    0.407649    2.596949
   84.863051   43.332595    0.600654    4.412574
   84.862084   43.319159    0.670966    5.073992
   84.861117   43.305733    0.393775    2.466331
   84.860149   43.292316    0.316566    1.739966
   84.859180   43.278904    0.362473    2.171795
   84.858207   43.265498    0.366691    2.211437
   84.857233   43.252094    0.287083    1.462503
   84.855280   43.225280    0.324358    1.813090
   84.854302   43.211865    0.357687    2.126599
   84.853322   43.198443    0.309863    1.676671
   84.851358   43.171565    0.299183    1.576125
   84.850373   43.158101    0.261121    1.218031
   84.849388   43.144626    0.289618    1.486084
   84.848401   43.131145    0.251501    1.127467
   84.847412   43.117657    0.510193    3.561030
   84.846422   43.104162    0.443019    2.929069
   84.845431   43.090670    0.189889    0.547757
   84.844439   43.077184    0.256916    1.178274
   84.843448   43.063712    0.104711    0.222025
   84.842457   43.050261    0.096054    0.203668
   84.841467   43.036823    0.084491    0.179150
   84.838509   42.996587    0.073878    0.156648
   84.837527   42.983204    0.293316    1.520455
   84.836546   42.969839    0.434787    2.851290
   84.835567   42.956496    0.365350    2.198040
   84.834589   42.943179    0.497358    3.439845
   84.833612   42.929881    0.283142    1.424603
   84.832636   42.916602    0.302580    1.607429
   84.831659   42.903340    0.301982    1.601774
   84.830682   42.890098    0.299487    1.578271
   84.829705   42.876866    0.309542    1.672824
   84.828728   42.863642    0.310778    1.684418
   84.827752   42.850419    0.297177    1.556432
   84.826776   42.837193    0.315409    1.727912
   84.825799   42.823964    0.284792    1.439852
   84.824821   42.810729    0.328027    1.846543
   84.823840   42.797482    0.326727    1.834278
   84.822857   42.784217    0.290617    1.494548
   84.821871   42.770942    0.033312    0.070633
   84.820883   42.757662    0.218627    0.817239
   84.819893   42.744376    0.394919    2.475648
   84.818901   42.731086    0.170415    0.363632
   84.817908   42.717794    0.199077    0.633224
   84.816913   42.704503    0.388722    2.417251
   84.815917   42.691216    0.129977    0.275597
   84.814920   42.677939    0.108507    0.230074
   84.813922   42.664663    0.072889    0.154550
   84.812924   42.651387    0.000000    0.000000
   84.810929   42.624804    0.266403    1.266348
   84.809931   42.611508    0.199077    0.632948
   84.808934   42.598221    0.265088    1.253899
   84.807935   42.584952    0.303669    1.616815
   84.806935   42.571709    0.314276    1.716564
   84.805935   42.558480    0.143605    0.304492
   84.804936   42.545264    0.319399    1.764692
   84.803940   42.532057    0.313156    1.705926
   84.802947   42.518857    0.274804    1.345100
   84.801955   42.505668    0.000000    0.000000
   84.800964   42.492492    0.023633    0.050109
   84.799974   42.479329    0.096321    0.204234
   84.795031   42.413729    0.139096    0.294932
   84.794045   42.400647    0.086190    0.182754
   84.793060   42.387573    0.157591    0.334149
   84.792072   42.374505    0.296044    1.544522
   84.790091   42.348380    0.349569    2.047971
   84.789099   42.335319    0.329800    1.861968
   84.788107   42.322254    0.176660    0.421288
   84.787117   42.309183    0.064570    0.136912
   84.786125   42.296109    0.340885    1.966135
   84.785132   42.283029    0.489119    3.360586
   84.784136   42.269943    0.264809    1.250394
   84.783137   42.256850    0.321867    1.787118
   84.782135   42.243751    0.323353    1.801061
   84.781131   42.230647    0.388134    2.410444
   84.780125   42.217534    0.331951    1.881876
   84.779116   42.204413    0.274933    1.345451
   84.778106   42.191291    0.554601    3.976349
   84.777095   42.178169    0.553727    3.968090
   84.776084   42.165053    0.126735    0.268724
   84.775072   42.151948    0.285253    1.442396
   84.774060   42.138849    0.382670    2.358789
   84.773049   42.125754    0.288007    1.468230
   84.772039   42.112658    0.371047    2.249373
   84.771030   42.099560    0.054801    0.116197
   84.770023   42.086471    0.366337    2.204992
   84.769017   42.073398    0.289882    1.485721
   84.768011   42.060350    0.288073    1.468672
   84.767006   42.047335    0.252815    1.136951
   84.766002   42.034342    0.298612    1.567739
   84.764999   42.021368    0.246924    1.081455
   84.763998   42.008415    0.473365    3.211630
   84.762003   41.982561    0.136422    0.289262
   84.761007   41.969651    0.063303    0.134224
   84.760012   41.956749    0.236483    0.983056
   84.759018   41.943849    0.210685    0.740324
   84.758023   41.930954    0.271405    1.311503
   84.757028   41.918061    0.295079    1.534178
   84.756033   41.905171    0.227040    0.894076
   84.755036   41.892282    0.417449    2.685279
   84.754037   41.879392    0.366120    2.202376
   84.753037   41.866495    0.312540    1.698293
   84.752035   41.853587    0.389887    2.425887
   84.751031   41.840664    0.323367    1.800072
   84.750024   41.827731    0.383312    2.363958
   84.749016   41.814790    0.280677    1.398398
   84.748006   41.801841    0.402854    2.547726
   84.746994   41.788881    0.407878    2.594948
   84.745980   41.775919    0.362272    2.165876
   84.744966   41.762958    0.337597    1.933720
   84.743950   41.750002    0.300918    1.588626
   84.742935   41.737057    0.301385    1.592988
   84.741918   41.724119    0.440775    2.904234
   84.740901   41.711188    0.238331    0.999743
   84.739883   41.698264    0.272975    1.325615
   84.738863   41.685349    0.375435    2.289454
   84.737844   41.672443    0.297284    1.554221
   84.736824   41.659547    0.141017    0.299006
   84.735804   41.646663    0.157653    0.334281
   84.734786   41.633794    0.114984    0.243807
   84.733769   41.620934    0.143441    0.304145
   84.732753   41.608081    0.078614    0.166690
   84.730729   41.582377    0.257602    1.180672
   84.729721   41.569534    0.298392    1.564360
   84.728713   41.556704    0.314412    1.715024
   84.727706   41.543896    0.264534    1.245771
   84.726699   41.531118    0.316811    1.737516
   84.725692   41.518356    0.316104    1.730833
   84.724686   41.505606    0.421789    2.725013
   84.723679   41.492865    0.192265    0.565763
   84.722672   41.480131    0.274383    1.338234
   84.721666   41.467400    0.342997    1.983677
   84.720659   41.454670    0.315246    1.722574
   84.719652   41.441937    0.341904    1.973315
   84.718645   41.429196    0.271365    1.309692
   84.717637   41.416452    0.177013    0.422058
   84.716628   41.403705    0.417183    2.681381
   84.715619   41.390954    0.348347    2.033779
   84.714608   41.378197    0.357364    2.118570
   84.713596   41.365439    0.154286    0.327141
   84.712581   41.352682    0.276093    1.353954
   84.711564   41.339929    0.148937    0.315798
   84.710544   41.327182    0.185562    0.502221
   84.709521   41.314438    0.373079    2.266217
   84.708496   41.301694    0.289233    1.477414
   84.707470   41.288950    0.258538    1.188622
   84.706442   41.276204    0.342167    1.975313
   84.705414   41.263458    0.370241    2.239372
   84.704385   41.250710    0.302927    1.606093
   84.703358   41.237956    0.295508    1.536263
   84.702332   41.225194    0.196613    0.605886
   84.701307   41.212434    0.236334    0.979523
   84.700281   41.199682    0.351318    2.061180
   84.699255   41.186944    0.369222    2.229565
   84.698227   41.174224    0.309183    1.664726
   84.697199   41.161523    0.349745    2.046270
   84.696172   41.148841    0.321281    1.778459
   84.695146   41.136190    0.342312    1.976268
   84.694122   41.123577    0.191632    0.558739
   84.693100   41.110980    0.553376    3.961750
   84.692079   41.098394    0.336426    1.920794
   84.691062   41.085803    0.300535    1.583110
   84.690050   41.073198    0.289338    1.477740
   84.689038   41.060595    0.332655    1.885205
   84.688028   41.048001    0.198065    0.619031
   84.687017   41.035421    0.407277    2.587120
   84.686004   41.022863    0.409627    2.609187
   84.684990   41.010313    0.466443    3.143644
   84.683975   40.997768    0.354788    2.093229
   84.682959   40.985228    0.333047    1.888668
   84.681941   40.972688    0.259870    1.200231
   84.680922   40.960144    0.280905    1.398073
   84.679901   40.947593    0.262956    1.229192
   84.678879   40.935026    0.252012    1.126205
   84.677856   40.922435    0.266448    1.261967
   84.676832   40.909834    0.201998    0.655628
   84.675805   40.897223    0.337285    1.928287
   84.674777   40.884606    0.214602    0.774131
   84.673747   40.871981    0.288084    1.465365
   84.672715   40.859356    0.399482    2.513286
   84.671681   40.846731    0.259638    1.197700
   84.670647   40.834112    0.296037    1.540077
   84.669612   40.821502    0.304793    1.622410
   84.668576   40.808899    0.298803    1.566033
   84.667539   40.796305    0.306814    1.641352
   84.666501   40.783721    0.243624    1.046871
   84.665463   40.771150    0.241482    1.026687
   84.664424   40.758589    0.293949    1.520224
   84.663386   40.746037    0.301457    1.590823
   84.662348   40.733491    0.271266    1.306773
   84.661312   40.720950    0.159025    0.337189
   84.660277   40.708420    0.260296    1.203507
   84.659244   40.695905    0.275266    1.344298
   84.658213   40.683409    0.272687    1.320002
   84.657184   40.670937    0.295416    1.533785
   84.656156   40.658484    0.351698    2.063214
   84.655130   40.646049    0.328497    1.844920
   84.654105   40.633636    0.435145    2.848161
   84.653082   40.621248    0.328277    1.842777
   84.652059   40.608871    0.249814    1.104620
   84.651037   40.596500    0.261419    1.213750
   84.650015   40.584124    0.331594    1.873879
   84.648994   40.571733    0.243111    1.041452
   84.647972   40.559341    0.244803    1.057334
   84.646950   40.546949    0.254941    1.152672
   84.644903   40.522185    0.306091    1.633788
   84.643877   40.509805    0.263146    1.229750
   84.642850   40.497418    0.286015    1.444850
   84.641819   40.485018    0.270928    1.302889
   84.640785   40.472597    0.258865    1.189372
   84.639748   40.460166    0.513173    3.581693
   84.638709   40.447726    0.206676    0.698344
   84.637668   40.435281    0.320133    1.765632
   84.636624   40.422832    0.452833    3.013958
   84.635578   40.410379    0.380431    2.332809
   84.634532   40.397923    0.222447    0.846561
   84.633485   40.385465    0.363063    2.169348
   84.632439   40.373002    0.353667    2.080928
   84.631392   40.360544    0.146798    0.311264
   84.630345   40.348095    0.453112    3.016363
   84.629299   40.335657    0.274621    1.337205
   84.628253   40.323236    0.340340    1.955410
   84.627208   40.310832    0.252201    1.126226
   84.626163   40.298449    0.228796    0.906015
   84.625119   40.286094    0.257470    1.175725
   84.624074   40.273774    0.285142    1.436010
   84.623031   40.261474    0.359411    2.134644
   84.621990   40.249190    0.274485    1.335688
   84.620951   40.236920    0.172380    0.375110
   84.619916   40.224658    0.251624    1.120556
   84.618882   40.212405    0.217229    0.796954
   84.617850   40.200158    0.317181    1.737195
   84.616820   40.187914    0.400789    2.523694
   84.615791   40.175669    0.299662    1.572319
   84.614762   40.163427    0.273261    1.323916
   84.613733   40.151188    0.229571    0.912873
   84.612702   40.138956    0.351646    2.061242
   84.611668   40.126731    0.244310    1.051464
   84.610634   40.114507    0.229719    0.914166
   84.609598   40.102279    0.170731    0.362010
   84.608561   40.090041    0.219700    0.819839
   84.607525   40.077789    0.078141    0.165686
   84.606487   40.065529    0.125004    0.265052
   84.605448   40.053265    0.132711    0.281394
   84.602323   40.016455    0.326186    1.821362
   84.601278   40.004178    0.277387    1.362255
   84.600231   39.991896    0.314553    1.711854
   84.599181   39.979607    0.339454    1.946067
   84.598130   39.967317    0.290137    1.482094
   84.597077   39.955033    0.323996    1.800577
   84.596023   39.942755    0.289480    1.475833
   84.594968   39.930490    0.271314    1.304903
   84.592856   39.905995    0.228687    0.903824
   84.589696   39.869382    0.318125    1.745095
   84.588645   39.857207    0.286857    1.450905
   84.587594   39.845042    0.328436    1.842021
   84.586543   39.832884    0.253464    1.136696
   84.585494   39.820736    0.179910    0.444708
   84.584445   39.808599    0.364628    2.182383
   84.583397   39.796472    0.382936    2.354567
   84.582350   39.784353    0.419598    2.699426
   84.581304   39.772247    0.293152    1.509873
   84.580259   39.760155    0.293080    1.509156
   84.579215   39.748083    0.248834    1.092886
   84.578173   39.736039    0.109551    0.232287
   84.577131   39.724001    0.110389    0.234063
   84.576090   39.711965    0.112050    0.237585
   84.575049   39.699916    0.025041    0.053096
   84.571933   39.663684    0.180828    0.452869
   84.570891   39.651604    0.283008    1.414071
   84.569848   39.639530    0.265237    1.246851
   84.568803   39.627456    0.287449    1.455771
   84.567755   39.615379    0.228697    0.903031
   84.566706   39.603297    0.301004    1.583215
   84.565654   39.591210    0.345862    2.005171
   84.564600   39.579117    0.312502    1.691309
   84.563545   39.567021    0.068506    0.145257
   84.562487   39.554917    0.099255    0.210455
   84.561428   39.542803    0.282593    1.409830
   84.560368   39.530689    0.578573    4.194175
   84.559306   39.518577    0.210578    0.732284
   84.558243   39.506472    0.339599    1.945989
   84.557179   39.494377    0.271174    1.302258
   84.556114   39.482292    0.317705    1.739955
   84.555049   39.470219    0.369959    2.231486
   84.553986   39.458163    0.310180    1.669094
   84.552925   39.446127    0.164333    0.348444
   84.551864   39.434107    0.047812    0.101378
   84.550805   39.422101    0.132556    0.281065
   84.549746   39.410112    0.271611    1.306110
   84.548688   39.398139    0.410548    2.613100
   84.547631   39.386178    0.238492    0.994477
   84.546575   39.374228    0.314543    1.709873
   84.545520   39.362284    0.378430    2.310851
   84.544468   39.350346    0.310037    1.667418
   84.543416   39.338414    0.282948    1.412538
   84.542365   39.326491    0.284127    1.423597
   84.541315   39.314577    0.346901    2.014091
   84.540264   39.302674    0.319166    1.753143
   84.539214   39.290775    0.384093    2.363894
   84.538164   39.278874    0.373029    2.259775
   84.537113   39.266965    0.255264    1.151886
   84.536063   39.255043    0.288618    1.465617
   84.535013   39.243115    0.248350    1.086768
   84.533961   39.231182    0.281163    1.395409
   84.532908   39.219247    0.309047    1.657685
   84.531853   39.207310    0.271008    1.299799
   84.530797   39.195372    0.398234    2.496619
   84.528679   39.171485    0.203849    0.667898
   84.527618   39.159536    0.217638    0.797583
   84.526556   39.147588    0.362837    2.163480
   84.521232   39.087915    0.189051    0.528428
   84.520165   39.076011    0.466653    3.139886
   84.519096   39.064125    0.270014    1.289999
   84.518028   39.052249    0.241245    1.019321
   84.516959   39.040380    0.207481    0.701653
   84.515891   39.028510    0.278275    1.367598
   84.514823   39.016633    0.349219    2.034958
   84.513756   39.004764    0.527697    3.713922
   84.512689   38.992907    0.453089    3.012026
   84.511622   38.981071    0.290927    1.486474
   84.510555   38.969266    0.190572    0.542360
   84.509489   38.957473    0.305457    1.623088
   84.508423   38.945689    0.323973    1.797236
   84.507359   38.933906    0.344862    1.993710
   84.506296   38.922119    0.082200    0.174294
   84.505233   38.910333    0.269078    1.280710
   84.504172   38.898551    0.250969    1.110314
   84.503113   38.886769    0.271782    1.306071
   84.502054   38.874989    0.113529    0.240722
   84.500997   38.863212    0.260868    1.203321
   84.499940   38.851440    0.112362    0.238247
   84.498883   38.839675    0.028846    0.061164
   84.497825   38.827918    0.208494    0.710508
   84.496767   38.816166    0.267050    1.261319
   84.495708   38.804420    0.247751    1.079736
   84.494648   38.792682    0.315472    1.716764
   84.493587   38.780954    0.293786    1.512724
   84.492523   38.769223    0.380444    2.327909
   84.491459   38.757486    0.289618    1.473432
   84.490392   38.745731    0.273217    1.319108
   84.489322   38.733946    0.313983    1.702574
   84.488251   38.722154    0.421929    2.718011
   84.487178   38.710358    0.313165    1.694795
   84.486105   38.698566    0.376181    2.287569
   84.485031   38.686783    0.431091    2.804090
   84.483957   38.675007    0.279061    1.373850
   84.482881   38.663241    0.220490    0.822822
   84.481803   38.651488    0.187407    0.511556
   84.471034   38.534579    0.273553    1.321589
   84.469965   38.522957    0.213803    0.759463
   84.468897   38.511345    0.237111    0.978691
   84.467829   38.499744    0.251218    1.111361
   84.466761   38.488147    0.168901    0.358129
   84.465694   38.476551    0.253042    1.128446
   84.464628   38.464951    0.097223    0.206147
   84.463562   38.453342    0.278282    1.365811
   84.462496   38.441729    0.226061    0.874505
   84.461430   38.430113    0.223521    0.850576
   84.460364   38.418491    0.304168    1.609209
   84.459298   38.406866    0.288781    1.464414
   84.458231   38.395236    0.342484    1.969583
   84.457163   38.383603    0.303467    1.602495
   84.456093   38.371963    0.301424    1.583238
   84.455020   38.360315    0.379196    2.314827
   84.453945   38.348667    0.407731    2.583224
   84.452869   38.337024    0.292535    1.499498
   84.451792   38.325392    0.309268    1.656874
   84.450713   38.313779    0.367937    2.208757
   84.449634   38.302174    0.733959    5.652007
   84.448554   38.290576    0.426260    2.757339
   84.447474   38.278983    0.252377    1.121529
   84.446394   38.267394    0.188456    0.520159
   84.445314   38.255810    0.231501    0.925057
   84.444232   38.244233    0.281062    1.391257
   84.443149   38.232660    0.292665    1.500373
   84.442062   38.221092    0.315171    1.712059
   84.440976   38.209534    0.236478    0.971733
   84.439889   38.197988    0.259674    1.189907
   84.437718   38.174957    0.293311    1.506259
   84.436635   38.163464    0.330612    1.857127
   84.435553   38.151977    0.292908    1.502398
   84.434471   38.140487    0.349480    2.034551
   84.433389   38.128987    0.241291    1.016738
   84.432309   38.117489    0.264095    1.231225
   84.431229   38.105992    0.342426    1.968080
   84.430152   38.094500    0.266349    1.252352
   84.429077   38.083013    0.244602    1.047732
   84.428002   38.071532    0.286730    1.444003
   84.426929   38.060056    0.301731    1.585093
   84.425855   38.048590    0.259681    1.189467
   84.424780   38.037138    0.216097    0.779420
   84.423705   38.025687    0.156534    0.331908
   84.422629   38.014234    0.257483    1.168676
   84.421553   38.002771    0.409302    2.596854
   84.420475   37.991289    0.282805    1.406816
   84.419396   37.979804    0.265379    1.242846
   84.418317   37.968318    0.309866    1.661319
   84.417237   37.956833    0.199734    0.625226
   84.416158   37.945354    0.169473    0.359343
   84.415077   37.933880    0.309504    1.657802
   84.413996   37.922413    0.239029    0.994776
   84.412913   37.910956    0.240490    1.008487
   84.411827   37.899512    0.246739    1.067237
   84.410740   37.888078    0.266942    1.257262
   84.409652   37.876654    0.241138    1.014475
   84.408562   37.865242    0.237277    0.978113
   84.407470   37.853841    0.271265    1.297816
   84.406378   37.842449    0.059844    0.126891
   84.405286   37.831063    0.000000    0.000000
   84.404195   37.819679    0.024752    0.052483
   84.400928   37.785542    0.001399    0.002967
   84.399838   37.774178    0.068126    0.144451
   84.398748   37.762823    0.000000    0.000000
   84.397657   37.751475    0.000498    0.001055
   84.396566   37.740132    0.197291    0.601548
   84.395477   37.728795    0.332628    1.874667
   84.394389   37.717462    0.282531    1.403358
   84.393302   37.706132    0.328496    1.835720
   84.392215   37.694803    0.261035    1.201060
   84.391130   37.683474    0.366956    2.197452
   84.388962   37.660806    0.259594    1.187387
   84.387878   37.649468    0.320317    1.758593
   84.386794   37.638124    0.253543    1.130390
   84.385709   37.626770    0.218062    0.796565
   84.384623   37.615417    0.439890    2.883340
   84.383537   37.604068    0.282841    1.405890
   84.382451   37.592729    0.315854    1.716418
   84.381366   37.581407    0.261860    1.208439
   84.380281   37.570092    0.290582    1.478596
   84.379195   37.558783    0.148465    0.314798
   84.378109   37.547475    0.210273    0.723020
   84.377021   37.536165    0.226677    0.877305
   84.375933   37.524861    0.271004    1.294268
   84.374844   37.513562    0.321740    1.771520
   84.373755   37.502271    0.282731    1.404507
   84.372665   37.490989    0.230270    0.910949
   84.371575   37.479714    0.197029    0.598204
   84.370483   37.468447    0.216649    0.782739
   84.369389   37.457190    0.281251    1.390429
   84.368294   37.445942    0.246110    1.059812
   84.367197   37.434701    0.305607    1.619480
   84.366099   37.423466    0.182875    0.464865
   84.365000   37.412237    0.232474    0.931419
   84.363900   37.401013    0.239780    1.000116
   84.362799   37.389791    0.386916    2.384239
   84.361698   37.378571    0.322596    1.779114
   84.360597   37.367349    0.254902    1.142258
   84.359498   37.356121    0.345787    1.997209
   84.358399   37.344897    0.298936    1.556427
   84.357301   37.333678    0.298559    1.552839
   84.356203   37.322472    0.468704    3.153414
   84.355106   37.311283    0.344463    1.984598
   84.354009   37.300101    0.263153    1.219654
   84.352913   37.288924    0.332128    1.868487
   84.351819   37.277748    0.320185    1.756100
   84.350725   37.266571    0.380692    2.325269
   84.349633   37.255394    0.270271    1.286458
   84.348541   37.244217    0.317806    1.733599
   84.347451   37.233039    0.257443    1.165707
   84.346361   37.221858    0.296224    1.530496
   84.345272   37.210678    0.190060    0.531733
   84.344182   37.199498    0.118422    0.251096
   84.342000   37.177145    0.237626    0.979084
   84.340907   37.165974    0.337485    1.918453
   84.338720   37.143652    0.113963    0.241641
   84.337626   37.132506    0.064969    0.137758
   84.336530   37.121369    0.090081    0.191003
   84.335434   37.110240    0.098354    0.208546
   84.334337   37.099121    0.099061    0.210044
   84.333240   37.088012    0.163998    0.347734
   84.332142   37.076912    0.052279    0.110851
   84.331042   37.065818    0.083321    0.176671
   84.329941   37.054730    0.275020    1.330441
   84.328838   37.043646    0.098003    0.207802
   84.327734   37.032567    0.386507    2.379160
   84.326629   37.021494    0.354791    2.080761
   84.325524   37.010424    0.306397    1.625464
   84.324417   36.999359    0.239169    0.992985
   84.323310   36.988298    0.318837    1.742416
   84.322203   36.977242    0.294720    1.515498
   84.321097   36.966193    0.292587    1.495398
   84.319992   36.955152    0.142002    0.301094
   84.318888   36.944113    0.261011    1.198272
   84.317785   36.933074    0.252656    1.119643
   84.316681   36.922030    0.324645    1.796824
   84.315576   36.910977    0.339441    1.935981
   84.314472   36.899922    0.311260    1.670828
   84.313369   36.888867    0.294089    1.509263
   84.312267   36.877815    0.291931    1.488918
   84.311166   36.866769    0.270157    1.284049
   84.310066   36.855725    0.165022    0.349906
   84.308966   36.844683    0.314899    1.704869
   84.307865   36.833640    0.350787    2.042445
   84.306763   36.822593    0.268684    1.270030
   84.305661   36.811551    0.311834    1.675918
   84.304560   36.800518    0.271856    1.299795
   84.303460   36.789502    0.357715    2.107460
   84.302362   36.778509    0.252293    1.115680
   84.301265   36.767526    0.261190    1.199332
   84.300168   36.756551    0.358520    2.114914
   84.299070   36.745579    0.343973    1.978024
   84.297971   36.734604    0.321756    1.768981
   84.296871   36.723635    0.341788    1.957388
   84.295770   36.712674    0.341934    1.958723
   84.294666   36.701722    0.388043    2.392452
   84.293560   36.690785    0.380372    2.320245
   84.292453   36.679855    0.277817    1.355437
   84.291344   36.668931    0.295304    1.519907
   84.290235   36.658010    0.310210    1.660100
   84.289126   36.647089    0.353238    2.064835
   84.288016   36.636172    0.533189    3.757655
   84.286905   36.625255    0.247472    1.069787
   84.285792   36.614339    0.338980    1.930595
   84.284677   36.603424    0.307880    1.637983
   84.283561   36.592507    0.484625    3.300645
   84.282444   36.581589    0.261696    1.203441
   84.280212   36.559730    0.260315    1.190374
   84.279097   36.548795    0.231665    0.920816
   84.277982   36.537861    0.297014    1.535536
   84.276868   36.526931    0.297242    1.537640
   84.275756   36.516007    0.357168    2.101349
   84.274644   36.505089    0.330935    1.854524
   84.273533   36.494180    0.297964    1.544319
   84.272423   36.483286    0.319134    1.743428
   84.271315   36.472410    0.278457    1.360734
   84.270207   36.461542    0.176640    0.402865
   84.269100   36.450679    0.388050    2.391628
   84.267994   36.439813    0.330822    1.853225
   84.266889   36.428938    0.230906    0.913246
   84.265785   36.418067    0.338306    1.923549
   84.264680   36.407201    0.274430    1.322604
   84.263574   36.396346    0.270468    1.285299
   84.262468   36.385508    0.339693    1.936477
   84.261361   36.374676    0.273051    1.309520
   84.260253   36.363849    0.340231    1.941466
   84.259146   36.353022    0.300230    1.565122
   84.258039   36.342190    0.241969    1.017004
   84.256931   36.331361    0.312114    1.676836
   84.255822   36.320537    0.271876    1.298261
   84.254711   36.309722    0.251113    1.102902
   84.253597   36.298918    0.229267    0.897351
   84.252482   36.288120    0.262603    1.210918
   84.251366   36.277331    0.297459    1.538778
   84.250248   36.266548    0.216245    0.774734
   84.249128   36.255774    0.268838    1.269451
   84.248008   36.245005    0.260412    1.190148
   84.246888   36.234239    0.313329    1.687921
   84.245767   36.223473    0.247205    1.065831
   84.244647   36.212704    0.229170    0.896132
   84.243527   36.201936    0.236034    0.960660
   84.242407   36.191168    0.308915    1.646236
   84.241287   36.180399    0.373911    2.257644
   84.240166   36.169632    0.192925    0.555009
   84.236805   36.137303    0.107548    0.228039
   84.235686   36.126502    0.364407    2.168032
   84.234567   36.115703    0.151941    0.322168
   84.233448   36.104910    0.254069    1.129970
   84.232330   36.094137    0.317890    1.730314
   84.231212   36.083394    0.201732    0.637539
   84.228979   36.061940    0.168723    0.357753
   84.227862   36.051217    0.213799    0.750941
   84.226747   36.040490    0.283083    1.402678
   84.224517   36.019052    0.311532    1.670227
   84.223404   36.008343    0.258548    1.171750
   84.222291   35.997642    0.230549    0.908308
   84.221179   35.986953    0.239826    0.995545
   84.217842   35.954990    0.312502    1.679113
   84.216729   35.944369    0.237648    0.974895
   84.215614   35.933754    0.222954    0.836622
   84.214497   35.923137    0.311013    1.664986
   84.213378   35.912510    0.339185    1.929972
   84.212257   35.901882    0.340658    1.943787
   84.211134   35.891251    0.251419    1.104250
   84.210010   35.880619    0.269260    1.272042
   84.208884   35.869984    0.346310    1.996840
   84.207756   35.859348    0.465673    3.119691
   84.206628   35.848712    0.286330    1.432513
   84.205498   35.838078    0.272508    1.302439
   84.204368   35.827450    0.308788    1.643701
   84.203237   35.816821    0.265178    1.233407
   84.202105   35.806188    0.315904    1.710566
   84.200973   35.795545    0.311475    1.668855
   84.199840   35.784885    0.291353    1.479522
   84.198707   35.774225    0.217649    0.786123
   84.197575   35.763568    0.173210    0.368029
   84.196445   35.752925    0.152830    0.324054
   84.195318   35.742303    0.283224    1.402891
   84.194192   35.731689    0.113330    0.240300
   84.193067   35.721079    0.233110    0.931367
   84.191943   35.710464    0.341380    1.949859
   84.190819   35.699839    0.213437    0.746216
   84.189695   35.689219    0.154515    0.327627
   84.188572   35.678609    0.240500    1.000723
   84.187450   35.668017    0.231880    0.919586
   84.186329   35.657451    0.226868    0.872397
   84.185209   35.646899    0.278248    1.355705
   84.184089   35.636360    0.336594    1.904541
   84.182969   35.625833    0.246289    1.054972
   84.181850   35.615316    0.389421    2.401423
   84.179611   35.594304    0.348956    2.020677
   84.178491   35.583803    0.356307    2.089789
   84.177371   35.573299    0.231985    0.920207
   84.176250   35.562800    0.255280    1.139311
   84.175128   35.552307    0.299397    1.554288
   84.174005   35.541825    0.284395    1.413118
   84.172880   35.531359    0.277977    1.352706
   84.169496   35.499968    0.373675    2.252846
   84.168363   35.489492    0.245950    1.051255
   84.167229   35.479009    0.308284    1.637612
   84.166094   35.468520    0.303637    1.593855
   84.164958   35.458020    0.186372    0.490661
   84.163822   35.447504    0.316490    1.714682
   84.162684   35.436984    0.114328    0.242416
   84.159270   35.405447    0.304665    1.603279
   84.158132   35.394950    0.248985    1.079432
   84.156993   35.384455    0.303016    1.587682
   84.155855   35.373963    0.212642    0.737460
   84.154716   35.363469    0.207744    0.691347
   84.153578   35.352982    0.256697    1.151826
   84.152442   35.342502    0.220638    0.812558
   84.151308   35.332032    0.261711    1.198905
   84.150178   35.321574    0.318503    1.733136
