Converting ICESat/GLAS binary freeboard vector data to ASCII
Wed Feb 12 09:57:07 2014

write_fb:
  file_in:       laser3k0054002.dat
  laser_period:  3k
  track:         0054
  cycle:         002
  file_out:      laser3k0054002.txt
  non_zero_only:        0
  nan_replace:       -999

read_fb:
  Year:                  2008
  Month:                   10
  Day:                     12
  Hour:                    23
  Minute:                  24
  Doy:                    286
  record_count:          1439
  non_zero_count:        1436
  nan_count:                0

    Latitude   Longitude   Freeboard   Thickness
   78.526328  132.242985    0.178797    0.879691
   78.527769  132.240184    0.183238    0.921459
   78.529211  132.237382    0.156694    0.671733
   78.530654  132.234577    0.135109    0.468656
   78.532098  132.231771    0.174655    0.840657
   78.533544  132.228964    0.177582    0.868179
   78.534992  132.226155    0.203341    1.110488
   78.536441  132.223343    0.144305    0.555098
   78.537891  132.220527    0.099094    0.209188
   78.539342  132.217706    0.199885    1.077919
   78.540793  132.214879    0.193115    1.014218
   78.542246  132.212049    0.162710    0.728163
   78.543699  132.209215    0.121316    0.338744
   78.545153  132.206377    0.176803    0.860706
   78.546608  132.203536    0.151391    0.621630
   78.548063  132.200693    0.086750    0.183130
   78.555338  132.186449    0.156957    0.673888
   78.556789  132.183603    0.153088    0.637476
   78.558239  132.180760    0.193224    1.015035
   78.559688  132.177919    0.232742    1.386774
   78.561136  132.175082    0.157116    0.675320
   78.562584  132.172249    0.068429    0.144454
   78.564031  132.169419    0.100765    0.212716
   78.565478  132.166591    0.000000    0.000000
   78.566924  132.163764    0.249116    1.540721
   78.568369  132.160936    0.385385    2.822640
   78.569814  132.158107    0.173758    0.831772
   78.571258  132.155278    0.209526    1.168235
   78.572702  132.152451    0.167044    0.768574
   78.574145  132.149625    0.117312    0.300711
   78.575589  132.146802    0.215700    1.226265
   78.577033  132.143979    0.244355    1.495818
   78.578476  132.141155    0.081199    0.171410
   78.579920  132.138331    0.048415    0.102205
   78.581364  132.135505    0.128459    0.405491
   78.582808  132.132679    0.258565    1.629422
   78.584253  132.129852    0.234545    1.403441
   78.585698  132.127025    0.112349    0.253885
   78.587144  132.124197    0.169885    0.795130
   78.588591  132.121366    0.184897    0.936328
   78.594389  132.110003    0.137228    0.487826
   78.595841  132.107151    0.129950    0.419342
   78.597293  132.104290    0.098815    0.208600
   78.598746  132.101424    0.107844    0.227659
   78.600200  132.098554    0.270785    1.744165
   78.601653  132.095681    0.034892    0.073657
   78.603109  132.092806    0.050670    0.106964
   78.604564  132.089929    0.068504    0.144613
   78.606019  132.087052    0.328188    2.284109
   78.608928  132.081303    0.130258    0.422076
   78.610381  132.078433    0.134016    0.457417
   78.611832  132.075565    0.221570    1.281044
   78.613282  132.072700    0.246696    1.517393
   78.614729  132.069837    0.188629    0.971123
   78.620506  132.058418    0.240433    1.458390
   78.626278  132.047054    0.146650    0.576074
   78.627720  132.044219    0.228902    1.349829
   78.629161  132.041384    0.212049    1.191269
   78.632046  132.035711    0.232410    1.382774
   78.633490  132.032871    0.189548    0.979539
   78.634934  132.030027    0.216657    1.234546
   78.636379  132.027179    0.205995    1.134226
   78.637827  132.024325    0.190472    0.988172
   78.640726  132.018598    0.190511    0.988505
   78.642176  132.015725    0.207033    1.143918
   78.645075  132.009946    0.172088    0.815139
   78.646526  132.007049    0.186270    0.948539
   78.647977  132.004150    0.183797    0.925260
   78.649431  132.001258    0.155427    0.658349
   78.650887  131.998369    0.166068    0.758442
   78.652343  131.995480    0.223248    1.296331
   78.653799  131.992591    0.173900    0.832079
   78.658152  131.983909    0.207481    1.147940
   78.661047  131.978120    0.164783    0.746227
   78.662493  131.975226    0.188913    0.973206
   78.663938  131.972334    0.207562    1.148624
   78.665383  131.969444    0.232224    1.380614
   78.672607  131.955037    0.220420    1.269478
   78.674049  131.952168    0.211923    1.189528
   78.675491  131.949300    0.213188    1.201406
   78.676932  131.946432    0.220359    1.268847
   78.678375  131.943559    0.282710    1.855390
   78.679819  131.940683    0.223143    1.295008
   78.681262  131.937805    0.167038    0.767193
   78.682706  131.934924    0.227612    1.337013
   78.684150  131.932039    0.208425    1.156493
   78.685593  131.929152    0.256591    1.609594
   78.687037  131.926263    0.242765    1.479507
   78.688481  131.923375    0.251672    1.563280
   78.689925  131.920492    0.191578    0.997938
   78.691371  131.917612    0.243053    1.482163
   78.692817  131.914730    0.216662    1.233878
   78.694265  131.911847    0.140199    0.514542
   78.695714  131.908957    0.174819    0.840202
   78.697165  131.906062    0.132529    0.442353
   78.698616  131.903163    0.148301    0.590702
   78.700068  131.900258    0.193031    1.011478
   78.701520  131.897344    0.197647    1.054887
   78.702971  131.894425    0.210868    1.179242
   78.704422  131.891501    0.161492    0.714729
   78.705874  131.888576    0.195840    1.037833
   78.707325  131.885650    0.220099    1.266028
   78.710228  131.879799    0.169400    0.789048
   78.711678  131.876873    0.212117    1.190885
   78.713128  131.873946    0.242924    1.480678
   78.714577  131.871020    0.179953    0.888267
   78.716025  131.868096    0.179749    0.886332
   78.717471  131.865177    0.129380    0.412465
   78.718917  131.862266    0.190727    0.989565
   78.720362  131.859361    0.172189    0.815145
   78.721805  131.856461    0.204160    1.115889
   78.724690  131.850669    0.129239    0.411048
   78.726132  131.847776    0.099778    0.210631
   78.727572  131.844884    0.326649    2.268106
   78.730453  131.839090    0.243674    1.487496
   78.731892  131.836186    0.215922    1.226403
   78.733333  131.833280    0.143748    0.547417
   78.734773  131.830375    0.235689    1.412324
   78.736215  131.827472    0.110281    0.232804
   78.739103  131.821668    0.210273    1.173162
   78.740548  131.818764    0.173688    0.828978
   78.743441  131.812953    0.159614    0.696542
   78.744888  131.810042    0.148635    0.593231
   78.747784  131.804198    0.153844    0.642202
   78.749232  131.801262    0.182234    0.909254
   78.750681  131.798321    0.113557    0.263167
   78.753582  131.792430    0.104734    0.221094
   78.755033  131.789482    0.135205    0.466759
   78.756485  131.786533    0.132747    0.443615
   78.757936  131.783584    0.233698    1.393278
   78.759386  131.780638    0.158625    0.687024
   78.762282  131.774752    0.162203    0.720639
   78.765174  131.768868    0.194673    1.026061
   78.766618  131.765925    0.132285    0.439131
   78.768062  131.762982    0.203452    1.108602
   78.769505  131.760041    0.228323    1.342558
   78.770946  131.757101    0.183713    0.922873
   78.772388  131.754163    0.129863    0.416270
   78.773829  131.751226    0.192277    1.003404
   78.775270  131.748289    0.229088    1.349675
   78.778153  131.742417    0.201768    1.092628
   78.779594  131.739484    0.212689    1.195341
   78.781036  131.736552    0.206512    1.137220
   78.782476  131.733628    0.286099    1.885899
   78.783917  131.730708    0.186235    0.946422
   78.785357  131.727788    0.215405    1.220813
   78.786798  131.724864    0.193542    1.015121
   78.788241  131.721927    0.114122    0.267969
   78.789685  131.718982    0.161937    0.717763
   78.791129  131.716035    0.210581    1.175355
   78.792575  131.713087    0.180194    0.889480
   78.794021  131.710146    0.273519    1.767397
   78.795468  131.707209    0.234279    1.398231
   78.796915  131.704271    0.156031    0.662104
   78.798364  131.701330    0.189528    0.977202
   78.801264  131.695427    0.199739    1.073217
   78.802715  131.692468    0.235510    1.409715
   78.804166  131.689504    0.290521    1.927194
   78.805617  131.686533    0.189309    0.975048
   78.807069  131.683558    0.165815    0.754011
   78.809969  131.677605    0.172616    0.817946
   78.811417  131.674633    0.167956    0.774090
   78.812864  131.671666    0.243280    1.482669
   78.814309  131.668701    0.211363    1.182390
   78.817193  131.662782    0.191229    0.992942
   78.818632  131.659829    0.153803    0.640850
   78.820070  131.656876    0.223384    1.295404
   78.821506  131.653923    0.209003    1.160098
   78.822943  131.650964    0.240662    1.457897
   78.824379  131.648003    0.265368    1.690302
   78.825815  131.645042    0.306560    2.077785
   78.827252  131.642081    0.257394    1.615251
   78.828689  131.639127    0.078219    0.165119
   78.831565  131.633223    0.215581    1.221836
   78.833004  131.630270    0.153508    0.637880
   78.834444  131.627314    0.246535    1.512991
   78.835886  131.624354    0.262533    1.663469
   78.838771  131.618428    0.206024    1.131833
   78.840215  131.615463    0.255938    1.601366
   78.841660  131.612496    0.214824    1.214574
   78.843107  131.609527    0.227680    1.335492
   78.844554  131.606555    0.210701    1.175746
   78.846004  131.603580    0.238673    1.438874
   78.847455  131.600602    0.222611    1.287750
   78.848906  131.597621    0.250514    1.550222
   78.850357  131.594637    0.252511    1.568988
   78.851806  131.591650    0.263313    1.670590
   78.853253  131.588661    0.212671    1.194159
   78.854700  131.585671    0.182351    0.908907
   78.856146  131.582682    0.146833    0.574758
   78.857591  131.579697    0.206289    1.134059
   78.859036  131.576713    0.180745    0.893736
   78.860481  131.573730    0.197103    1.047602
   78.861925  131.570744    0.170985    0.801883
   78.863369  131.567751    0.228136    1.339502
   78.864812  131.564755    0.194104    1.019335
   78.866255  131.561757    0.172547    0.816517
   78.867697  131.558759    0.172854    0.819386
   78.869138  131.555764    0.292078    1.940946
   78.870579  131.552772    0.177651    0.864477
   78.872019  131.549782    0.212882    1.195889
   78.873459  131.546791    0.244491    1.493226
   78.874898  131.543800    0.200773    1.081931
   78.877775  131.537818    0.208999    1.159278
   78.879213  131.534828    0.188174    0.963353
   78.882093  131.528848    0.189270    0.973615
   78.883534  131.525861    0.177936    0.866972
   78.886417  131.519899    0.186343    0.946023
   78.887860  131.516926    0.185063    0.933962
   78.889302  131.513954    0.281026    1.836698
   78.890745  131.510981    0.268143    1.715482
   78.892189  131.508004    0.280232    1.829182
   78.893634  131.505024    0.273323    1.764170
   78.895079  131.502040    0.212391    1.190939
   78.897971  131.496059    0.263759    1.674133
   78.899418  131.493061    0.253748    1.579934
   78.900865  131.490059    0.235851    1.411556
   78.902313  131.487054    0.331982    2.315869
   78.903760  131.484045    0.252243    1.565719
   78.905208  131.481033    0.206591    1.136238
   78.906655  131.478019    0.216203    1.226640
   78.908102  131.475003    0.242256    1.471703
   78.909547  131.471987    0.315827    2.163797
   78.910992  131.468969    0.284340    1.867563
   78.915321  131.459906    0.218659    1.249618
   78.916762  131.456879    0.233464    1.388873
   78.918203  131.453853    0.261676    1.654252
   78.919643  131.450830    0.316659    2.171477
   78.921082  131.447816    0.277906    1.806896
   78.922521  131.444808    0.234747    1.400869
   78.923958  131.441803    0.241745    1.466675
   78.925396  131.438799    0.283835    1.862615
   78.926832  131.435794    0.320105    2.203799
   78.928267  131.432788    0.226945    1.327388
   78.929702  131.429782    0.257890    1.618482
   78.931138  131.426775    0.129490    0.410555
   78.932576  131.423766    0.160576    0.702967
   78.936897  131.414736    0.232016    1.374976
   78.938340  131.411727    0.155697    0.656988
   78.939784  131.408719    0.176154    0.849417
   78.941229  131.405711    0.144112    0.547969
   78.944121  131.399686    0.130660    0.421374
   78.951355  131.384572    0.179805    0.883597
   78.952800  131.381541    0.265007    1.685102
   78.954244  131.378508    0.140469    0.513507
   78.955689  131.375471    0.225529    1.313671
   78.957134  131.372432    0.256006    1.600358
   78.958578  131.369391    0.141294    0.521206
   78.960022  131.366349    0.064197    0.135519
   78.961462  131.363308    0.367901    2.652934
   78.965778  131.354182    0.225767    1.315774
   78.967216  131.351133    0.280008    1.826016
   78.968654  131.348080    0.214202    1.206940
   78.970092  131.345027    0.239786    1.447591
   78.977286  131.329792    0.244844    1.495073
   78.978726  131.326750    0.147441    0.578748
   78.980167  131.323710    0.233555    1.388832
   78.981607  131.320673    0.132698    0.440021
   78.983049  131.317638    0.185907    0.940553
   78.984490  131.314611    0.171863    0.808412
   78.985932  131.311588    0.244113    1.488076
   78.987374  131.308566    0.117470    0.296679
   78.988815  131.305542    0.175644    0.843915
   78.990257  131.302510    0.061011    0.128794
   78.991698  131.299474    0.200004    1.073039
   78.993140  131.296435    0.213980    1.204497
   78.994582  131.293395    0.158333    0.680984
   78.996023  131.290360    0.179069    0.876035
   78.997465  131.287325    0.115937    0.282108
   78.998907  131.284290    0.208154    1.149603
   79.000349  131.281252    0.214903    1.213075
   79.001792  131.278206    0.216237    1.225603
   79.003234  131.275155    0.361910    2.595977
   79.004677  131.272101    0.360911    2.586554
   79.006120  131.269044    0.266733    1.700566
   79.007562  131.265988    0.266757    1.700772
   79.009004  131.262931    0.144984    0.555190
   79.010446  131.259873    0.268083    1.713205
   79.011887  131.256811    0.189582    0.974703
   79.013327  131.253744    0.275918    1.786877
   79.014767  131.250673    0.341922    2.407771
   79.016205  131.247600    0.185059    0.932093
   79.017643  131.244526    0.259242    1.629933
   79.019081  131.241448    0.210411    1.170548
   79.020518  131.238370    0.269738    1.728635
   79.021955  131.235294    0.376301    2.731086
   79.023391  131.232220    0.206447    1.133196
   79.026264  131.226094    0.269247    1.723931
   79.027701  131.223037    0.252586    1.567177
   79.029138  131.219981    0.177895    0.864514
   79.047869  131.180181    0.236812    1.418484
   79.049313  131.177107    0.238510    1.434437
   79.053641  131.167863    0.190570    0.983388
   79.055082  131.164772    0.161092    0.706055
   79.060842  131.152410    0.123586    0.353139
   79.062281  131.149321    0.241094    1.458561
   79.069461  131.133834    0.124370    0.360387
   79.070895  131.130731    0.269894    1.729361
   79.072329  131.127629    0.287255    1.892667
   79.073764  131.124526    0.271419    1.743665
   79.075199  131.121424    0.252870    1.569150
   79.076636  131.118325    0.289177    1.910680
   79.078074  131.115227    0.159547    0.691192
   79.079512  131.112129    0.057771    0.121954
   79.080951  131.109030    0.111265    0.236941
   79.085268  131.099714    0.256902    1.606933
   79.086709  131.096612    0.228677    1.341393
   79.088151  131.093523    0.256839    1.606300
   79.089595  131.090441    0.217380    1.235076
   79.092484  131.084279    0.240207    1.449773
   79.093929  131.081185    0.212330    1.187499
   79.095375  131.078084    0.288479    1.903840
   79.096820  131.074980    0.170504    0.793987
   79.098264  131.071874    0.290556    1.923331
   79.101148  131.065663    0.251496    1.555838
   79.102589  131.062558    0.135511    0.464709
   79.104028  131.059453    0.186460    0.943984
   79.105467  131.056350    0.132389    0.435294
   79.111213  131.043933    0.247012    1.513513
   79.112648  131.040821    0.206006    1.127734
   79.114083  131.037707    0.299283    2.005200
   79.115517  131.034591    0.213940    1.202322
   79.116950  131.031476    0.247537    1.518366
   79.118383  131.028360    0.221027    1.268950
   79.119816  131.025243    0.240062    1.448005
   79.121248  131.022125    0.206636    1.133530
   79.122680  131.019006    0.152929    0.628269
   83.293526  115.651028    0.450475    3.300636
   83.294773  115.643023    0.385576    2.690051
   83.296021  115.634991    0.287078    1.763389
   83.297270  115.626943    0.383392    2.669384
   83.299770  115.610831    0.376175    2.601368
   83.301019  115.602788    0.245303    1.370149
   83.302267  115.594754    0.327484    2.143197
   83.304763  115.578691    0.495188    3.720724
   83.306012  115.570655    0.358594    2.435673
   83.307260  115.562620    0.308724    1.966462
   83.308507  115.554589    0.365805    2.503388
   83.309753  115.546566    0.397943    2.805661
   83.312239  115.530574    0.269192    1.594327
   83.313479  115.522590    0.287676    1.768150
   83.314718  115.514606    0.371441    2.556096
   83.315955  115.506609    0.556072    4.292922
   83.317190  115.498606    0.440797    3.208437
   83.318425  115.490603    0.391375    2.743439
   83.319659  115.482600    0.314045    2.015915
   83.323360  115.458629    0.561551    4.344100
   83.324594  115.450631    0.349964    2.353573
   83.327061  115.434583    0.472717    3.508232
   83.329532  115.418484    0.321263    2.083332
   83.330771  115.410416    0.517872    3.932840
   83.332013  115.402337    0.467478    3.458702
   83.333256  115.394244    0.403779    2.859405
   83.334499  115.386141    0.380069    2.636295
   83.335743  115.378018    0.365570    2.499838
   83.336986  115.369885    0.532911    4.074010
   83.339474  115.353604    0.374512    2.583767
   83.340719  115.345472    0.413890    2.954149
   83.341963  115.337345    0.322582    2.095128
   83.344453  115.321099    0.327791    2.144007
   83.345699  115.312978    0.280086    1.695166
   83.346944  115.304860    0.244977    1.364825
   83.348189  115.296745    0.604593    4.747794
   83.350673  115.280526    0.401126    2.833584
   83.351911  115.272421    0.423033    3.039611
   83.353147  115.264320    0.314899    2.022293
   83.354382  115.256221    0.382018    2.653647
   83.355616  115.248121    0.341384    2.271330
   83.356848  115.240023    0.434452    3.146790
   83.358080  115.231928    0.803494    6.618431
   83.359312  115.223837    0.348859    2.341465
   83.360542  115.215761    0.329065    2.155191
   83.361773  115.207693    0.417850    2.990359
   83.364235  115.191547    0.495147    3.717401
   83.365467  115.183458    0.453695    3.327383
   83.366699  115.175355    0.312433    1.998422
   83.367932  115.167241    0.468541    3.466926
   83.369165  115.159114    0.232866    1.249791
   83.370399  115.150966    0.309222    1.968028
   83.371632  115.142803    0.383690    2.668520
   83.372866  115.134631    0.432472    3.127364
   83.374101  115.126453    0.304093    1.919603
   83.375336  115.118281    0.416307    2.975169
   83.376573  115.110108    0.271942    1.617017
   83.377811  115.101928    0.284694    1.736918
   83.379049  115.093738    0.383656    2.667830
   83.380288  115.085531    0.370316    2.542271
   83.384007  115.060839    0.475217    3.528921
   83.385246  115.052591    0.424317    3.050027
   83.386485  115.044338    0.481403    3.586991
   83.387724  115.036084    0.369604    2.535200
   83.388962  115.027832    0.373551    2.572263
   83.390200  115.019592    0.342198    2.277256
   83.391437  115.011359    0.360643    2.450714
   83.392674  115.003133    0.397828    2.800455
   83.393910  114.994912    0.380082    2.633451
   83.395146  114.986695    0.356215    2.408868
   83.396382  114.978485    0.364919    2.490687
   83.400081  114.953894    0.443658    3.231215
   83.401309  114.945714    0.383227    2.662657
   83.402537  114.937533    0.796622    6.551544
   83.403763  114.929349    0.421779    3.025210
   83.406213  114.912941    0.559486    4.320536
   83.407437  114.904726    0.419918    3.007513
   83.408660  114.896505    0.448229    3.273784
   83.409884  114.888285    0.297745    1.858063
   83.411108  114.880063    0.220388    1.130277
   83.412332  114.871835    0.346690    2.318387
   83.413557  114.863600    0.406709    2.882943
   83.414784  114.855358    0.425082    3.055723
   83.416012  114.847106    0.361551    2.457998
   83.417241  114.838843    0.384497    2.673797
   83.418471  114.830569    0.338043    2.236729
   83.419702  114.822276    0.398297    2.803494
   83.420936  114.813970    0.377311    2.606007
   83.423405  114.797320    0.366788    2.506890
   83.425878  114.780620    0.404331    2.859940
   83.427115  114.772262    0.507632    3.831661
   83.428352  114.763902    0.368969    2.527149
   83.429589  114.755553    0.454935    3.335803
   83.430826  114.747209    0.299763    1.875982
   83.432062  114.738869    0.392824    2.751375
   83.433297  114.730532    0.364231    2.482325
   83.435763  114.713862    0.467773    3.456252
   83.436994  114.705534    0.479718    3.568564
   83.438223  114.697210    0.479712    3.568439
   83.440675  114.680585    0.492041    3.684303
   83.441899  114.672282    0.406225    2.876937
   83.443122  114.663985    0.414353    2.953337
   83.444345  114.655701    0.384017    2.667889
   83.446791  114.639144    0.295461    1.834689
   83.449235  114.622569    0.352656    2.372621
   83.450455  114.614265    0.445264    3.243754
   83.451676  114.605952    0.229770    1.216463
   83.452898  114.597631    0.065411    0.138084
   83.455342  114.580958    0.415556    2.964027
   83.456566  114.572607    0.520745    3.953511
   83.460250  114.547500    0.427919    3.080074
   83.461481  114.539109    0.403883    2.853901
   83.462713  114.530702    0.389777    2.721135
   83.463945  114.522266    0.377778    2.608195
   83.465177  114.513811    0.391189    2.734293
   83.466408  114.505346    0.464476    3.423661
   83.467640  114.496874    0.514312    3.892427
   83.468871  114.488407    0.334341    2.199311
   83.470102  114.479941    0.466320    3.440824
   83.471333  114.471475    0.367435    2.510515
   83.473794  114.454541    0.336259    2.217102
   83.475024  114.446073    0.335176    2.206852
   83.476252  114.437611    0.397669    2.794684
   83.478707  114.420723    0.450107    3.287854
   83.479933  114.412302    0.417330    2.979447
   83.481157  114.403889    0.548910    4.217202
   83.482379  114.395481    0.407414    2.886034
   83.483599  114.387074    0.506766    3.820616
   83.484817  114.378668    0.521965    3.963527
   83.486034  114.370263    0.295988    1.837630
   83.487250  114.361857    0.300496    1.879969
   83.490890  114.336630    0.319737    2.060788
   83.492104  114.328219    0.387994    2.702842
   83.493320  114.319816    0.411110    2.920239
   83.494537  114.311413    0.414106    2.948366
   83.495755  114.303004    0.435519    3.149736
   83.496974  114.294586    0.412935    2.937223
   83.498194  114.286151    0.357458    2.415262
   83.499416  114.277700    0.312188    1.989330
   83.500638  114.269234    0.353336    2.376360
   83.501861  114.260751    0.348347    2.329364
   83.503085  114.252243    0.393928    2.758101
   83.504311  114.243716    0.387519    2.697742
   83.507992  114.218065    0.361013    2.448202
   83.510451  114.200935    0.442387    3.213581
   83.511680  114.192368    0.395679    2.774124
   83.514135  114.175252    0.440125    3.192111
   83.515360  114.166697    0.410300    2.911479
   83.516584  114.158143    0.394441    2.762226
   83.517805  114.149584    0.477452    3.543077
   83.519024  114.141024    0.496263    3.719979
   83.520241  114.132465    0.468060    3.454594
   83.521458  114.123911    0.520883    3.951456
   83.522673  114.115365    0.512563    3.873132
   83.523887  114.106826    0.378968    2.616290
   83.525102  114.098293    0.342111    2.269504
   83.527529  114.081256    0.401413    2.827255
   83.528743  114.072752    0.458416    3.363444
   83.529957  114.064249    0.386938    2.690958
   83.531171  114.055746    0.478319    3.550552
   83.532384  114.047237    0.312398    1.989615
   83.533596  114.038721    0.726626    5.886332
   83.536022  114.021660    0.246689    1.371283
   83.537236  114.013100    0.489349    3.654004
   83.538451  114.004523    0.662591    5.283689
   83.539666  113.995940    0.565257    4.367967
   83.540881  113.987352    0.499829    3.752404
   83.542098  113.978774    0.510314    3.850976
   83.543314  113.970200    0.436544    3.156941
   83.544532  113.961622    0.475641    3.524672
   83.545750  113.953036    0.578723    4.494339
   83.546969  113.944437    0.271329    1.602512
   83.548189  113.935826    0.477141    3.538599
   83.549410  113.927200    0.400305    2.815711
   83.550631  113.918559    0.354347    2.383310
   83.551852  113.909887    0.264158    1.534802
   83.553072  113.901195    0.454674    3.326988
   83.554293  113.892493    0.449082    3.274327
   83.555514  113.883787    0.418965    2.990937
   83.556734  113.875087    0.343323    2.279286
   83.557953  113.866392    0.384022    2.662099
   83.559172  113.857701    0.249151    1.393253
   83.560391  113.849016    0.406949    2.877653
   83.561609  113.840346    0.448088    3.264601
   83.562827  113.831684    0.357382    2.411235
   83.564044  113.823029    0.631293    4.987940
   83.565260  113.814380    0.403229    2.842405
   83.566473  113.805735    0.240630    1.312721
   83.567684  113.797093    0.362527    2.459382
   83.568894  113.788455    0.073179    0.154480
   83.570102  113.779819    0.113084    0.238721
   83.571308  113.771183    0.149713    0.457185
   83.576124  113.736670    0.204234    0.969823
   83.577331  113.728058    0.402314    2.833169
   83.578538  113.719444    0.323704    2.093595
   83.579747  113.710824    0.254734    1.444707
   83.584590  113.676198    0.328531    2.138681
   83.585803  113.667480    0.272050    1.607286
   83.587016  113.658738    0.267572    1.565095
   83.588229  113.649980    0.280536    1.686988
   83.591878  113.623670    0.344860    2.291908
   83.593096  113.614893    0.346550    2.307751
   83.594314  113.606114    0.345076    2.293813
   83.597968  113.579777    0.506512    3.812309
   83.599184  113.570993    0.264737    1.537784
   83.600398  113.562201    0.186469    0.801427
   83.601610  113.553405    0.316228    2.022052
   83.611269  113.483213    0.187437    0.809955
   83.612473  113.474473    0.294912    1.820944
   83.613677  113.465733    0.316503    2.024001
   83.614882  113.456984    0.343025    2.273438
   83.616088  113.448228    0.302668    1.893723
   83.617295  113.439469    0.327183    2.124273
   83.618501  113.430707    0.116960    0.246903
   83.619704  113.421946    0.367159    2.500216
   83.620907  113.413182    0.204806    0.972845
   83.622110  113.404413    0.202468    0.950788
   83.624519  113.386844    0.147842    0.436766
   83.625726  113.378042    0.155006    0.504101
   83.626934  113.369233    0.351975    2.356993
   83.628142  113.360418    0.388647    2.701913
   83.629353  113.351608    0.327352    2.125220
   83.630564  113.342795    0.365982    2.488561
   83.637833  113.289558    0.280709    1.685987
   83.648696  113.209537    0.263389    1.522477
   83.649894  113.200682    0.351432    2.350663
   83.651091  113.191829    0.450111    3.278906
   83.652286  113.182974    0.353501    2.369999
   83.654677  113.165246    0.088136    0.186056
   83.657068  113.147514    0.089713    0.189384
   83.658265  113.138661    0.357277    2.405203
   83.659464  113.129810    0.266563    1.551759
   83.660663  113.120956    0.283285    1.709002
   83.661864  113.112095    0.289923    1.771384
   83.663066  113.103218    0.311699    1.976170
   83.664269  113.094326    0.251012    1.405205
   83.665474  113.085421    0.166203    0.607311
   83.666678  113.076503    0.057541    0.121470
   83.667882  113.067565    0.269335    1.577382
   83.677537  112.995769    0.425633    3.047218
   83.678747  112.986776    0.599994    4.687424
   83.679956  112.977781    0.526206    3.993205
   83.684765  112.941756    0.272274    1.604124
   83.685962  112.932749    0.332193    2.167740
   83.687159  112.923748    0.268594    1.569379
   83.688356  112.914752    0.291436    1.784200
   83.695532  112.860969    0.188668    0.817037
   83.748078  112.461763    0.231258    1.214850
   83.749270  112.452616    0.143617    0.390313
   83.750462  112.443455    0.276887    1.643966
   83.751656  112.434284    0.101047    0.213310
   83.752852  112.425102    0.295157    1.815707
   83.754049  112.415909    0.287852    1.746924
   83.755248  112.406707    0.279364    1.667006
   83.756447  112.397499    0.339437    2.232075
   83.757645  112.388285    0.355855    2.386452
   83.758843  112.379070    0.278977    1.663168
   83.760040  112.369852    0.320783    2.056385
   83.761236  112.360631    0.159793    0.541832
   83.762430  112.351405    0.304377    1.901918
   83.763623  112.342172    0.338725    2.224972
   83.764815  112.332935    0.476809    3.523910
   83.766005  112.323695    0.262755    1.510164
   83.767194  112.314452    0.481010    3.563297
   83.768382  112.305205    0.398355    2.785672
   83.769570  112.295957    0.429657    3.080067
   83.770756  112.286712    0.200520    0.924439
   83.771942  112.277472    0.234194    1.241157
   83.773127  112.268253    0.278497    1.657859
   83.774311  112.259046    0.349663    2.327275
   83.775495  112.249839    0.101651    0.214586
   83.776678  112.240628    0.149638    0.445439
   83.777860  112.231398    0.102654    0.216704
   83.779041  112.222154    0.404616    2.843976
   83.780222  112.212906    0.241370    1.308198
   83.781403  112.203655    0.446963    3.242218
   83.782583  112.194409    0.168040    0.618231
   83.783764  112.185165    0.248896    1.378802
   83.786129  112.166677    0.061789    0.130437
   83.787315  112.157438    0.103692    0.218894
   83.788503  112.148200    0.131400    0.277385
   83.789693  112.138955    0.181915    0.748360
   83.790883  112.129702    0.250691    1.395287
   83.792074  112.120429    0.271554    1.591492
   83.793265  112.111140    0.369877    2.516380
   83.794456  112.101840    0.436665    3.144613
   83.795648  112.092530    0.329556    2.136931
   83.796839  112.083209    0.337616    2.212690
   83.798030  112.073879    0.352941    2.356790
   83.799221  112.064542    0.340818    2.242674
   83.800411  112.055201    0.411985    2.912105
   83.801601  112.045858    0.342955    2.262649
   83.802791  112.036513    0.276100    1.633653
   83.803980  112.027167    0.383807    2.646819
   83.805169  112.017819    0.401813    2.816148
   83.806357  112.008469    0.410338    2.896277
   83.807545  111.999119    0.373262    2.547421
   83.808731  111.989771    0.211035    1.021233
   83.809916  111.980427    0.122556    0.258715
   83.811097  111.971098    0.255464    1.439057
   83.813452  111.952456    0.079564    0.167961
   83.814628  111.943132    0.144398    0.394025
   83.815804  111.933789    0.317052    2.018176
   83.816979  111.924434    0.466007    3.419377
   83.818155  111.915078    0.382255    2.631429
   83.819331  111.905721    0.311222    1.963125
   83.820507  111.896380    0.362144    2.442103
   83.821684  111.887045    0.302947    1.885151
   83.822861  111.877707    0.240638    1.298921
   83.824039  111.868361    0.410946    2.901000
   83.825217  111.858992    0.245210    1.341803
   83.826397  111.849607    0.287227    1.737000
   83.827577  111.840213    0.293651    1.797365
   83.828758  111.830813    0.348806    2.316163
   83.829939  111.821411    0.288226    1.746200
   83.831121  111.812008    0.180759    0.735159
   83.832304  111.802600    0.105756    0.223250
   83.833488  111.793190    0.295850    1.817725
   83.834675  111.783778    0.248499    1.372211
   83.835862  111.774364    0.310923    1.959381
   83.837050  111.764947    0.214030    1.047809
   83.838238  111.755526    0.148359    0.429955
   83.839426  111.746101    0.271448    1.587823
   83.840613  111.736672    0.157280    0.513742
   83.842983  111.717800    0.149243    0.437999
   83.844164  111.708353    0.243370    1.323423
   83.845342  111.698901    0.426956    3.050411
   83.846519  111.689447    0.333028    2.166733
   83.847694  111.679992    0.470717    3.461947
   83.853565  111.632749    0.375171    2.562787
   83.854738  111.623277    0.378209    2.591294
   83.855912  111.613798    0.470147    3.456119
   83.857085  111.604315    0.463325    3.391879
   83.858256  111.594828    0.316621    2.011716
   83.859427  111.585338    0.472008    3.473432
   83.860597  111.575845    0.314080    1.987686
   83.861768  111.566349    0.354841    2.371072
   83.862940  111.556849    0.256833    1.449008
   83.864113  111.547347    0.159415    0.532496
   83.865287  111.537845    0.260496    1.483337
   83.866461  111.528343    0.323921    2.079933
   83.867637  111.518853    0.308563    1.935388
   83.868813  111.509366    0.630089    4.960022
   83.869989  111.499876    0.478006    3.529259
   83.871167  111.490378    0.243244    1.320709
   83.872344  111.480862    0.292874    1.787521
   83.873522  111.471331    0.270907    1.580804
   83.874701  111.461790    0.299721    1.851805
   83.879415  111.423534    0.044961    0.094913
   83.880594  111.413958    0.251968    1.402238
   83.881772  111.404389    0.411887    2.906585
   83.886482  111.366130    0.211309    1.019403
   83.887657  111.356566    0.337388    2.205404
   83.888831  111.346998    0.513655    3.863548
   83.890004  111.337425    0.397703    2.772674
   83.891177  111.327835    0.400697    2.800777
   83.892348  111.318237    0.334048    2.173716
   83.893518  111.308635    0.395305    2.749915
   83.894688  111.299031    0.225450    1.151966
   83.895857  111.289436    0.173760    0.665637
   83.897025  111.279844    0.464877    3.404207
   83.898192  111.270255    0.256095    1.440060
   83.900524  111.251083    0.285425    1.715839
   83.901689  111.241501    0.324835    2.086517
   83.902854  111.231913    0.360388    2.420911
   83.904019  111.222317    0.409142    2.879486
   83.905184  111.212700    0.296944    1.823937
   83.906349  111.203069    0.279851    1.663071
   83.907516  111.193430    0.214028    1.043784
   83.908684  111.183783    0.169065    0.620740
   83.909854  111.174139    0.281316    1.676649
   83.911027  111.164492    0.250150    1.383397
   83.912200  111.154839    0.113019    0.238584
   83.913376  111.145180    0.278357    1.648617
   83.914552  111.135510    0.297055    1.824448
   83.916908  111.116146    0.360777    2.423759
   83.918086  111.106454    0.370541    2.515544
   83.919262  111.096760    0.289510    1.753190
   83.921609  111.077356    0.368172    2.493057
   83.922782  111.067644    0.324313    2.080399
   83.923953  111.057913    0.343569    2.261472
   83.925124  111.048174    0.396219    2.756706
   83.926294  111.038435    0.365709    2.469617
   83.928633  111.018996    0.166014    0.590883
   83.929801  111.009306    0.256247    1.439667
   83.930969  110.999622    0.154792    0.485186
   83.932135  110.989938    0.322561    2.063373
   83.933298  110.980244    0.243551    1.320031
   83.934460  110.970544    0.359979    2.415241
   83.935620  110.960838    0.239640    1.283113
   83.936779  110.951128    0.237549    1.263370
   83.937938  110.941409    0.181238    0.733565
   83.939095  110.931684    0.303164    1.880503
   83.940253  110.921958    0.380920    2.611915
   83.941410  110.912232    0.248863    1.369539
   83.942569  110.902515    0.284211    1.701997
   83.943727  110.892803    0.577103    4.457264
   83.944887  110.883090    0.170562    0.632727
   83.946047  110.873377    0.206700    0.972621
   83.947209  110.863665    0.365012    2.461852
   83.948372  110.853948    0.217377    1.072928
   83.949536  110.844221    0.113251    0.239073
   83.950701  110.834480    0.156979    0.504608
   83.951867  110.824707    0.002613    0.005516
   83.953035  110.814912    0.109445    0.231039
   83.954202  110.805105    0.113436    0.239463
   83.955371  110.795288    0.300360    1.853161
   83.956540  110.785470    0.318520    2.023937
   83.957709  110.775651    0.286092    1.718801
   83.958878  110.765828    0.333207    2.161959
   83.960048  110.756004    0.418942    2.968431
   83.961219  110.746180    0.545892    4.162623
   83.962390  110.736357    0.301482    1.863303
   83.963560  110.726532    0.337648    2.203464
   83.964730  110.716702    0.306936    1.914476
   83.965898  110.706863    0.362319    2.435410
   83.967065  110.697019    0.321890    2.055013
   83.968230  110.687175    0.303722    1.884033
   83.969392  110.677334    0.119637    0.252554
   83.970551  110.667509    0.118932    0.251066
   83.971707  110.657693    0.136479    0.310512
   83.972861  110.647879    0.279618    1.657001
   83.974015  110.638066    0.389794    2.693394
   83.975169  110.628247    0.284035    1.698413
   83.976324  110.618423    0.276642    1.628803
   83.977478  110.608598    0.376630    2.569357
   83.978631  110.598769    0.350419    2.322711
   83.979783  110.588943    0.300015    1.848477
   83.980933  110.579115    0.348027    2.300068
   83.982084  110.569280    0.047099    0.099427
   83.983236  110.559437    0.382264    2.622015
   83.984388  110.549579    0.252343    1.399734
   83.985542  110.539708    0.254838    1.423136
   83.986697  110.529827    0.224021    1.133159
   83.987854  110.519935    0.287779    1.732891
   83.989013  110.510029    0.131796    0.278221
   83.990173  110.500113    0.163932    0.567680
   83.991335  110.490191    0.283370    1.691205
   83.992497  110.480264    0.156580    0.498382
   83.993661  110.470343    0.331452    2.143390
   83.994826  110.460421    0.530035    4.011461
   83.995990  110.450496    0.337376    2.198981
   83.997155  110.440564    0.376979    2.571465
   83.998319  110.430618    0.412374    2.904366
   83.999481  110.420664    0.289559    1.748935
   84.000643  110.410705    0.307415    1.916844
   84.001805  110.400744    0.372561    2.529633
   84.002965  110.390787    0.293932    1.789872
   84.004125  110.380831    0.368377    2.490131
   84.005283  110.370876    0.410111    2.882663
   84.006441  110.360923    0.358630    2.398296
   84.007597  110.350976    0.400737    2.794346
   84.009906  110.331085    0.451245    3.269350
   84.011058  110.321137    0.460773    3.358919
   84.012210  110.311183    0.365938    2.466702
   84.013361  110.301224    0.364629    2.454315
   84.014511  110.291262    0.301108    1.856688
   84.015660  110.281294    0.338207    2.205622
   84.017959  110.261342    0.366090    2.467791
   84.019108  110.251360    0.475886    3.500607
   84.021404  110.231397    0.306914    1.910892
   84.022551  110.221418    0.387525    2.669160
   84.023698  110.211435    0.419840    2.973095
   84.024845  110.201448    0.345457    2.273278
   84.025993  110.191451    0.222147    1.113193
   84.027141  110.181447    0.234914    1.233228
   84.028290  110.171436    0.401759    2.802726
   84.029439  110.161419    0.357038    2.381945
   84.030591  110.151399    0.388422    2.677120
   84.031743  110.141375    0.495314    3.682616
   84.032897  110.131343    0.190261    0.812817
   84.034052  110.121303    0.332600    2.151779
   84.035210  110.111250    0.325751    2.087276
   84.036370  110.101187    0.390248    2.693948
   84.037529  110.091115    0.344014    2.258940
   84.038689  110.081034    0.219370    1.086306
   84.039847  110.070937    0.400240    2.787736
   84.041003  110.060832    0.264658    1.512205
   84.042158  110.050726    0.340309    2.223806
   84.043313  110.040626    0.365465    2.460388
   84.044467  110.030550    0.335269    2.176259
   84.045620  110.020488    0.294430    1.792001
   84.046772  110.010429    0.442535    3.185204
   84.047924  110.000370    0.352631    2.339372
   84.049075  109.990300    0.330555    2.131628
   84.050225  109.980221    0.301622    1.859375
   84.051374  109.970137    0.334656    2.170070
   84.052521  109.960048    0.301688    1.859861
   84.053665  109.949951    0.316724    2.001241
   84.054806  109.939849    0.347510    2.290786
   84.055946  109.929745    0.334321    2.166646
   84.057085  109.919639    0.269946    1.560979
   84.058225  109.909543    0.058804    0.124135
   84.059367  109.899449    0.126584    0.267219
   84.060508  109.889353    0.267367    1.536512
   84.061650  109.879249    0.321705    2.047620
   84.062792  109.869130    0.281676    1.670982
   84.063934  109.858999    0.341551    2.234175
   84.065077  109.848861    0.359837    2.406137
   84.066221  109.838718    0.274145    1.599935
   84.068512  109.818432    0.339404    2.213709
   84.070806  109.798127    0.355929    2.369020
   84.071954  109.787962    0.338586    2.205804
   84.073104  109.777788    0.448142    3.236364
   84.074253  109.767606    0.276906    1.625422
   84.075403  109.757419    0.231619    1.199314
   84.076551  109.747224    0.190473    0.812172
   84.079994  109.716611    0.560997    4.297606
   84.081143  109.706408    0.257436    1.441840
   84.082292  109.696205    0.317515    2.006952
   84.083440  109.685997    0.289207    1.740576
   84.084589  109.675784    0.162823    0.551573
   84.085736  109.665557    0.442284    3.180487
   84.086883  109.655320    0.345010    2.265324
   84.088029  109.645077    0.273694    1.594360
   84.089173  109.634830    0.454518    3.295365
   84.090317  109.624579    0.358373    2.390828
   84.091459  109.614326    0.607637    4.735666
   84.092599  109.604072    0.311000    1.945040
   84.093739  109.593818    0.335924    2.179434
   84.094877  109.583570    0.402913    2.809555
   84.096013  109.573325    0.286093    1.710525
   84.097148  109.563081    0.279047    1.644169
   84.098283  109.552838    0.474150    3.479495
   84.099417  109.542595    0.211605    1.009576
   84.100550  109.532352    0.420139    2.971265
   84.101683  109.522107    0.166378    0.583983
   84.102817  109.511859    0.239925    1.275795
   84.103951  109.501611    0.099075    0.209148
   84.105086  109.491359    0.331644    2.138493
   84.106221  109.481099    0.286300    1.711852
   84.966556   99.584577    0.295183    1.734355
   84.974106   99.472280    0.361034    2.353201
   84.975051   99.458170    0.478009    3.453535
   84.975996   99.444041    0.207315    0.906952
   84.976943   99.429887    0.346575    2.216934
   84.977891   99.415712    0.263280    1.433268
   84.978839   99.401527    0.182152    0.669989
   84.979787   99.387335    0.297709    1.756993
   84.980734   99.373144    0.431541    3.015917
   84.981682   99.358954    0.476891    3.442458
   84.982628   99.344764    0.404431    2.760720
   84.983573   99.330576    0.340029    2.154787
   84.984516   99.316393    0.356229    2.307107
   84.985458   99.302213    0.274609    1.539196
   84.986399   99.288035    0.220695    1.031930
   84.987338   99.273855    0.311007    1.881446
   84.991090   99.217111    0.398073    2.700180
   84.994817   99.160561    0.018006    0.038012
   84.995747   99.146401    0.312165    1.891614
   84.996678   99.132225    0.344873    2.199234
   84.997609   99.118039    0.309606    1.867387
   84.998540   99.103844    0.256536    1.368056
   84.999473   99.089646    0.287276    1.657158
   85.000406   99.075441    0.073710    0.155602
   85.001341   99.061225    0.137861    0.291025
   85.002276   99.046998    0.277647    1.566332
   85.003211   99.032755    0.306261    1.835429
   85.004147   99.018495    0.022200    0.046864
   85.005084   99.004220    0.197614    0.813194
   85.006020   98.989929    0.303449    1.808733
   85.006957   98.975614    0.323137    1.993867
   85.007893   98.961281    0.334449    2.100199
   85.008830   98.946935    0.295336    1.732170
   85.009766   98.932582    0.257712    1.378144
   85.010702   98.918225    0.275366    1.544147
   85.011638   98.903866    0.133710    0.282261
   85.012573   98.889506    0.168802    0.541496
   85.013508   98.875148    0.297118    1.748533
   85.014440   98.860806    0.295706    1.735163
   85.015372   98.846469    0.294985    1.728298
   85.016303   98.832132    0.386986    2.593709
   85.017232   98.817790    0.193775    0.776021
   85.018162   98.803427    0.331755    2.073967
   85.019090   98.789052    0.264414    1.440389
   85.020018   98.774672    0.212262    0.949698
   85.020945   98.760291    0.227126    1.089441
   85.021871   98.745913    0.282469    1.609999
   85.022796   98.731538    0.229016    1.107067
   85.023720   98.717167    0.350614    2.250892
   85.024643   98.702800    0.317604    1.940283
   85.025566   98.688450    0.470365    3.377277
   85.026488   98.674107    0.368188    2.415983
   85.027411   98.659766    0.265655    1.451340
   85.028334   98.645423    0.259791    1.396095
   85.029258   98.631076    0.117596    0.248245
   85.030182   98.616722    0.213614    0.961527
   85.031106   98.602357    0.346711    2.213533
   85.032030   98.587978    0.420650    2.909028
   85.032952   98.573575    0.394870    2.666420
   85.033873   98.559152    0.339223    2.142853
   85.034795   98.544711    0.279232    1.578411
   85.035716   98.530254    0.389296    2.613744
   85.036641   98.515773    0.347548    2.220929
   85.037567   98.501276    0.357602    2.315427
   85.038493   98.486768    0.279358    1.579280
   85.039420   98.472254    0.197570    0.809788
   85.040346   98.457745    0.085675    0.180859
   85.041271   98.443235    0.318319    1.945555
   85.042197   98.428724    0.649552    5.061493
   85.043121   98.414208    0.206529    0.893741
   85.044045   98.399685    0.320418    1.965052
   85.044968   98.385158    0.318965    1.951304
   85.045891   98.370629    0.314338    1.907698
   85.046813   98.356100    0.259737    1.393962
   85.047734   98.341574    0.335757    2.109031
   85.048654   98.327050    0.327295    2.029346
   85.049572   98.312529    0.376403    2.491234
   85.050490   98.298010    0.358516    2.322884
   85.051405   98.283500    0.371661    2.446467
   85.052319   98.268993    0.333918    2.091327
   85.053232   98.254486    0.275305    1.539846
   85.054144   98.239976    0.261342    1.408415
   85.055058   98.225461    0.339580    2.144345
   85.055971   98.210938    0.323877    1.996540
   85.056885   98.196406    0.336241    2.112776
   85.057799   98.181862    0.315907    1.921401
   85.058714   98.167297    0.331946    2.072205
   85.059628   98.152716    0.284760    1.628228
   85.060543   98.138124    0.284726    1.627833
   85.061457   98.123523    0.362826    2.362465
   85.062369   98.108920    0.405857    2.767186
   85.063281   98.094312    0.418186    2.883094
   85.064193   98.079694    0.321808    1.976353
   85.065105   98.065068    0.285222    1.632093
   85.066937   98.035770    0.377630    2.501247
   85.067854   98.021108    0.528935    3.924539
   85.068770   98.006441    0.397213    2.685299
   85.069684   97.991775    0.375536    2.481300
   85.070597   97.977108    0.301327    1.783105
   85.071510   97.962440    0.348907    2.230629
   85.072422   97.947772    0.527459    3.910247
   85.073332   97.933106    0.390434    2.621124
   85.074242   97.918443    0.503559    3.685251
   85.075153   97.903775    0.313329    1.895610
   85.076063   97.889103    0.353546    2.273863
   85.076975   97.874424    0.350951    2.249367
   85.077887   97.859736    0.258957    1.383867
   85.078800   97.845041    0.173688    0.581633
   85.079711   97.830338    0.370637    2.434319
   85.080621   97.815618    0.231648    1.126719
   85.081530   97.800888    0.059186    0.124942
   85.082437   97.786151    0.228317    1.095217
   85.083344   97.771412    0.354881    2.285766
   85.084248   97.756676    0.304096    1.807930
   85.086055   97.727206    0.279432    1.575744
   85.086957   97.712468    0.271726    1.503166
   85.087859   97.697731    0.363204    2.363656
   85.088761   97.682991    0.271769    1.503407
   85.089663   97.668248    0.332289    2.072659
   85.090565   97.653500    0.127742    0.269663
   85.091468   97.638744    0.134373    0.283662
   85.092372   97.623981    0.306244    1.827401
   85.093276   97.609213    0.299113    1.760231
   85.094180   97.594439    0.390070    2.615814
   85.095083   97.579662    0.476926    3.432812
   85.095987   97.564879    0.311567    1.877146
   85.096890   97.550086    0.255271    1.347463
   85.097793   97.535283    0.288349    1.658559
   85.098695   97.520462    0.271480    1.499782
   85.099598   97.505627    0.331751    2.066690
   85.100501   97.490781    0.423400    2.928779
   85.101403   97.475925    0.406548    2.770163
   85.102307   97.461057    0.277081    1.552144
   85.103210   97.446182    0.366939    2.397381
   85.104114   97.431300    0.252941    1.324882
   85.105017   97.416413    0.272479    1.508596
   85.105919   97.401526    0.226043    1.071679
   85.106819   97.386637    0.235695    1.162397
   85.107720   97.371746    0.384068    2.558110
   85.108620   97.356852    0.254362    1.337836
   85.109520   97.341959    0.253947    1.333845
   85.110420   97.327065    0.164718    0.494355
   85.111320   97.312165    0.447751    3.156866
   85.112219   97.297260    0.396018    2.670105
   85.113116   97.282343    0.305703    1.820407
   85.114013   97.267416    0.263600    1.424245
   85.114908   97.252486    0.272600    1.508825
   85.115803   97.237552    0.358045    2.312552
   85.116697   97.222622    0.472631    3.390423
   85.117590   97.207693    0.528607    3.916921
   85.118483   97.192763    0.343907    2.179309
   85.119375   97.177835    0.271837    1.501238
   85.120267   97.162910    0.402888    2.733991
   85.121160   97.147986    0.246531    1.263012
   85.122051   97.133062    0.315201    1.908926
   85.122943   97.118135    0.293912    1.708575
   85.123833   97.103207    0.345468    2.193493
   85.124724   97.088274    0.317106    1.926603
   85.125614   97.073336    0.328137    2.030289
   85.126504   97.058391    0.383984    2.555575
   85.127394   97.043434    0.467812    3.344096
   85.128284   97.028468    0.333693    2.082308
   85.129175   97.013493    0.320817    1.961096
   85.130956   96.983520    0.366217    2.388024
   85.131847   96.968520    0.364628    2.372996
   85.132738   96.953509    0.309911    1.858176
   85.133630   96.938487    0.389194    2.603930
   85.134521   96.923449    0.221958    1.030606
   85.135412   96.908398    0.023066    0.048691
   85.136303   96.893334    0.053846    0.113669
   85.137194   96.878260    0.094897    0.200328
   85.138973   96.848081    0.530005    3.928098
   85.139862   96.832980    0.410921    2.807754
   85.140751   96.817871    0.359818    2.326926
   85.141640   96.802760    0.281242    1.587655
   85.142529   96.787645    0.388675    2.598228
   85.143417   96.772526    0.419711    2.890114
   85.144304   96.757405    0.315995    1.914344
   85.145191   96.742281    0.217463    0.987334
   85.146076   96.727156    0.314778    1.902729
   85.146961   96.712032    0.450646    3.180799
   85.147844   96.696909    0.501047    3.654864
   85.148727   96.681792    0.368878    2.411417
   85.149610   96.666679    0.332832    2.072242
   85.150491   96.651570    0.293678    1.703823
   85.151372   96.636464    0.355215    2.282640
   85.152250   96.621368    0.413802    2.833705
   85.153128   96.606275    0.273649    1.515158
   85.154005   96.591178    0.241384    1.211552
   85.154882   96.576077    0.307960    1.837777
   85.155760   96.560963    0.277738    1.553383
   85.156638   96.545838    0.280211    1.576565
   85.157517   96.530699    0.189650    0.724547
   85.158396   96.515544    0.348113    2.215178
   85.159277   96.500363    0.377508    2.491629
   85.160158   96.485162    0.311982    1.875120
   85.161040   96.469946    0.331088    2.054774
   85.161922   96.454719    0.365386    2.377343
   85.162803   96.439482    0.048777    0.102969
   85.163685   96.424238    0.321633    1.965575
   85.164566   96.408986    0.197516    0.797884
   85.165447   96.393727    0.163417    0.477021
   85.166328   96.378461    0.357369    2.301509
   85.167208   96.363191    0.400750    2.709529
   85.168089   96.347917    0.128571    0.271413
   85.168968   96.332642    0.099330    0.209686
   85.169847   96.317371    0.384551    2.556894
   85.170726   96.302101    0.175896    0.593925
   85.171603   96.286832    0.562568    4.231395
   85.172479   96.271562    0.196563    0.788182
   85.173354   96.256294    0.058591    0.123686
   85.174227   96.241025    0.301938    1.779315
   85.175970   96.210473    0.408988    2.786205
   85.176840   96.195182    0.397217    2.675393
   85.177708   96.179881    0.377586    2.490632
   85.178577   96.164574    0.382415    2.535979
   85.179445   96.149260    0.027636    0.058340
   85.180313   96.133938    0.284140    1.611308
   85.181182   96.118611    0.278622    1.559322
   85.182051   96.103281    0.147560    0.326290
   85.182919   96.087949    0.256149    1.347740
   85.183788   96.072626    0.353709    2.265442
   85.184657   96.057303    0.352574    2.254681
   85.185526   96.041975    0.344939    2.182778
   85.186395   96.026639    0.303388    1.791812
   85.187264   96.011285    0.284387    1.612980
   85.188133   95.995918    0.360980    2.333434
   85.189002   95.980539    0.317135    1.920884
   85.189871   95.965152    0.312542    1.877594
   85.190739   95.949755    0.406018    2.756875
   85.191608   95.934352    0.244208    1.234588
   85.192477   95.918940    0.394547    2.648794
   85.193346   95.903519    0.459121    3.256183
   85.194215   95.888092    0.431539    2.996631
   85.195085   95.872656    0.411099    2.804263
   85.195955   95.857214    0.437808    3.055439
   85.196825   95.841766    0.375849    2.472481
   85.197696   95.826306    0.307701    1.831315
   85.198566   95.810842    0.339297    2.128461
   85.199435   95.795375    0.442726    3.101366
   85.200302   95.779910    0.359342    2.316866
   85.201167   95.764457    0.391351    2.617905
   85.202029   95.749008    0.409509    2.788641
   85.202890   95.733563    0.408342    2.777582
   85.203750   95.718119    0.306159    1.816227
   85.204609   95.702675    0.365682    2.376095
   85.205468   95.687231    0.395269    2.654354
   85.206326   95.671784    0.301498    1.772138
   85.207184   95.656336    0.351609    2.243462
   85.208042   95.640883    0.345668    2.187492
   85.208900   95.625427    0.239208    1.185904
   85.209758   95.609965    0.451377    3.181767
   85.210615   95.594496    0.310099    1.852632
   85.211470   95.579023    0.387050    2.576456
   85.212323   95.563541    0.312020    1.870543
   85.213176   95.548046    0.191134    0.733244
   85.214030   95.532537    0.279901    1.568229
   85.214885   95.516994    0.393378    2.635660
   85.215742   95.501432    0.288372    1.647748
   85.216600   95.485857    0.390041    2.604107
   85.217458   95.470274    0.300088    1.757799
   85.218317   95.454697    0.252176    1.306996
   85.219176   95.439120    0.385508    2.561213
   85.220036   95.423539    0.346456    2.193748
   85.220895   95.407952    0.066892    0.141208
   85.221753   95.392359    0.349944    2.226392
   85.222611   95.376760    0.376573    2.476819
   85.223468   95.361153    0.336979    2.104263
   85.224325   95.345541    0.280112    1.569206
   85.225181   95.329914    0.288658    1.649519
   85.226038   95.314282    0.274704    1.518162
   85.226893   95.298650    0.296980    1.727636
   85.227748   95.283024    0.321508    1.958296
   85.228601   95.267424    0.315336    1.900153
   85.229453   95.251838    0.221077    1.013344
   85.230304   95.236255    0.215267    0.958602
   85.231154   95.220669    0.462521    3.284518
   85.232005   95.205067    0.367401    2.389608
   85.232855   95.189453    0.240392    1.194712
   85.233705   95.173832    0.420499    2.888955
   85.234554   95.158203    0.341180    2.142685
   85.236247   95.126923    0.450609    3.171960
   85.237092   95.111273    0.425332    2.934083
   85.237937   95.095615    0.417403    2.859408
   85.238782   95.079952    0.223299    1.033324
   85.239627   95.064281    0.266091    1.435802
   85.240473   95.048601    0.192639    0.744730
   85.241318   95.032911    0.146149    0.308521
   85.242163   95.017204    0.077817    0.164272
   85.243855   94.985759    0.261275    1.390075
   85.244702   94.970023    0.325651    1.995601
   85.245549   94.954284    0.323737    1.977509
   85.246396   94.938539    0.321403    1.955468
   85.247243   94.922787    0.203956    0.850525
   85.248935   94.891261    0.342400    2.152745
   85.249780   94.875487    0.303703    1.788623
   85.250625   94.859702    0.323797    1.977574
   85.251469   94.843906    0.376478    2.473074
   85.252315   94.828091    0.313305    1.878696
   85.253161   94.812263    0.324423    1.983209
   85.254007   94.796428    0.298352    1.737866
   85.254853   94.780588    0.229704    1.091984
   85.255697   94.764755    0.344678    2.173501
   85.256540   94.748924    0.316799    1.911146
   85.257382   94.733091    0.325872    1.996420
   85.258223   94.717260    0.314408    1.888481
   85.259063   94.701427    0.351822    2.240366
   85.259902   94.685595    0.297350    1.727846
   85.260741   94.669762    0.327064    2.007297
   85.261578   94.653929    0.003884    0.008199
   85.262414   94.638102    0.349149    2.214884
   85.263250   94.622274    0.352497    2.246303
   85.264084   94.606442    0.244517    1.230411
   85.264919   94.590600    0.315493    1.898024
   85.265753   94.574736    0.352747    2.248399
   85.266587   94.558858    0.308844    1.835307
   85.268254   94.527075    0.000000    0.000000
   85.269088   94.511178    0.355383    2.272860
   85.269922   94.495276    0.399057    2.683630
   85.270756   94.479372    0.262302    1.397054
   85.271590   94.463466    0.153472    0.373162
   85.272422   94.447565    0.387404    2.573755
   85.273255   94.431664    0.343030    2.156232
   85.274087   94.415758    0.313519    1.878526
   85.274920   94.399846    0.328554    2.019883
   85.275753   94.383921    0.137994    0.291306
   85.277421   94.352041    0.340950    2.136245
   85.278254   94.336086    0.349537    2.216946
   85.279085   94.320117    0.442127    3.087886
   85.279916   94.304138    0.327561    2.010039
   85.280747   94.288155    0.325776    1.993162
   85.281577   94.272171    0.352504    2.244520
   85.282407   94.256199    0.491214    3.549323
   85.283237   94.240232    0.373760    2.444311
   85.284067   94.224259    0.234376    1.132995
   85.284897   94.208277    0.278820    1.551007
   85.285727   94.192268    0.313527    1.877425
   85.286557   94.176242    0.370719    2.415364
   85.287386   94.160205    0.344338    2.167106
   85.288215   94.144159    0.452836    3.187694
   85.289042   94.128112    0.245787    1.239832
   85.289868   94.112062    0.351552    2.234719
   85.290694   94.096007    0.217400    0.972619
   85.291519   94.079949    0.177349    0.595767
   85.292344   94.063891    0.147782    0.317529
   85.293168   94.047833    0.270725    1.474013
   85.293991   94.031771    0.351490    2.233710
   85.294814   94.015706    0.361819    2.330797
   85.296457   93.983553    0.302359    1.771273
   85.297277   93.967473    0.400127    2.690925
   85.298916   93.935316    0.326203    1.995327
   85.299735   93.919243    0.193488    0.746746
   85.300553   93.903166    0.194512    0.756295
   85.301371   93.887084    0.302565    1.772701
   85.302190   93.870990    0.366987    2.378661
   85.303008   93.854886    0.428726    2.959378
   85.303827   93.838773    0.376365    2.466713
   85.304647   93.822648    0.382531    2.524637
   85.305467   93.806512    0.387060    2.567151
   85.306288   93.790364    0.389477    2.589808
   85.309568   93.725706    0.304423    1.789338
   85.310387   93.709529    0.286737    1.622873
   85.311205   93.693344    0.382289    2.521683
   85.312023   93.677150    0.371770    2.422642
   85.312841   93.660948    0.362042    2.331039
   85.313659   93.644741    0.167257    0.498545
   85.314476   93.628528    0.228707    1.076548
   85.315293   93.612306    0.054598    0.115257
   85.316109   93.596080    0.365062    2.359116
   85.316924   93.579853    0.412659    2.806786
   85.317738   93.563627    0.514649    3.766160
   85.318551   93.547414    0.168438    0.509148
   85.319364   93.531207    0.365734    2.365096
   85.320175   93.515000    0.360716    2.317803
   85.320986   93.498788    0.322871    1.961704
   85.321796   93.482566    0.360019    2.311085
   85.323413   93.450097    0.380972    2.508029
   85.324221   93.433851    0.360950    2.319582
   85.325029   93.417597    0.376588    2.466610
   85.325836   93.401334    0.361315    2.322853
   85.327451   93.368779    0.430516    2.973682
   85.328259   93.352486    0.388898    2.582078
   85.329068   93.336182    0.378886    2.487815
   85.329877   93.319867    0.392082    2.611865
   85.330686   93.303540    0.365571    2.362382
   85.331495   93.287195    0.428182    2.951302
   85.332305   93.270838    0.327814    2.007023
   85.333114   93.254473    0.180085    0.617198
   85.333923   93.238103    0.265913    1.424522
   85.334731   93.221737    0.332536    2.051185
   85.335538   93.205369    0.459144    3.242145
   85.336345   93.188996    0.282528    1.580577
   85.337152   93.172615    0.138739    0.292878
   85.337959   93.156216    0.009746    0.020574
   85.338766   93.139806    0.248470    1.259924
   85.339572   93.123389    0.440721    3.068409
   85.340379   93.106969    0.461451    3.263341
   85.341185   93.090548    0.371721    2.419131
   85.341992   93.074128    0.374298    2.443293
   85.342797   93.057710    0.369522    2.398276
   85.343602   93.041295    0.465789    3.303807
   85.344404   93.024893    0.226060    1.048508
   85.345205   93.008498    0.501314    3.637830
   85.346005   92.992105    0.832109    6.749653
   85.346803   92.975712    0.443890    3.097458
   85.348396   92.942900    0.397006    2.656232
   85.349191   92.926491    0.457829    3.228328
   85.349985   92.910085    0.310502    1.842283
   85.350778   92.893696    0.342774    2.145796
   85.351572   92.877312    0.361387    2.320810
   85.352365   92.860924    0.402988    2.712081
   85.353158   92.844525    0.661924    5.147891
   85.353952   92.828103    0.234179    1.123862
   85.354746   92.811661    0.481684    3.452140
   85.355541   92.795200    0.364053    2.345459
   85.356336   92.778723    0.431924    2.983862
   85.357130   92.762224    0.384470    2.537360
   85.357925   92.745707    0.380846    2.503185
   85.358719   92.729175    0.307054    1.808908
   85.359514   92.712628    0.233853    1.120195
   85.360310   92.696069    0.382545    2.518905
   85.361107   92.679499    0.240233    1.180038
   85.361904   92.662918    0.302698    1.767588
   85.362700   92.646328    0.191989    0.726024
   85.363496   92.629728    0.137373    0.289994
   85.364292   92.613121    0.149983    0.330680
   85.365882   92.579892    0.099173    0.209355
   85.366676   92.563276    0.212803    0.921391
   85.367471   92.546660    0.336100    2.081203
   85.368265   92.530045    0.373643    2.434293
   85.369058   92.513431    0.217199    0.962485
   85.369850   92.496824    0.332517    2.047239
   85.370640   92.480221    0.458651    3.233735
   85.371429   92.463621    0.347839    2.191206
   85.372217   92.447025    0.359965    2.305192
   85.373004   92.430433    0.342319    2.139106
   85.374573   92.397263    0.389468    2.582481
   85.375357   92.380685    0.373224    2.429583
   85.376140   92.364125    0.401254    2.693181
   85.376923   92.347570    0.334908    2.068951
   85.377705   92.331011    0.412324    2.797145
   85.378488   92.314442    0.382180    2.513485
   85.379269   92.297846    0.456964    3.216917
   85.380051   92.281229    0.411800    2.791959
   85.380833   92.264595    0.310600    1.839850
   85.381615   92.247946    0.267581    1.435070
   85.382397   92.231280    0.507454    3.691554
   85.383180   92.214597    0.230457    1.085664
   85.383963   92.197902    0.387259    2.560661
   85.385527   92.164471    0.483487    3.465744
   85.386309   92.147739    0.326187    1.985883
   85.387089   92.130995    0.312169    1.853924
   85.387870   92.114240    0.368309    2.381965
   85.389433   92.080676    0.437423    3.031968
   85.390215   92.063886    0.271240    1.468546
   85.391777   92.030331    0.381971    2.510054
   85.392558   92.013576    0.328898    2.010692
   85.393338   91.996822    0.222403    1.008775
   85.394117   91.980065    0.342508    2.138550
   85.394896   91.963290    0.282665    1.575506
   85.395673   91.946504    0.321732    1.942930
   85.397227   91.912917    0.336182    2.078699
   85.398779   91.879317    0.332442    2.043335
   85.399555   91.862519    0.021593    0.045583
   85.400329   91.845727    0.308126    1.814416
   85.401101   91.828957    0.433182    2.990776
   85.401873   91.812197    0.353244    2.238686
   85.402643   91.795437    0.224416    1.026670
   85.403413   91.778672    0.238150    1.155785
   85.404183   91.761882    0.287409    1.619096
   85.404953   91.745078    0.310085    1.832331
   85.405722   91.728265    0.242275    1.194329
   85.406491   91.711445    0.298811    1.726096
   85.407260   91.694626    0.343123    2.142869
   85.408027   91.677802    0.409806    2.770096
   85.408795   91.660973    0.226409    1.044726
   85.410328   91.627295    0.317562    1.902064
   85.411095   91.610445    0.248226    1.249710
   85.411862   91.593579    0.294409    1.684079
   85.412629   91.576696    0.294863    1.688267
   85.413398   91.559777    0.315256    1.880026
   85.414168   91.542833    0.340830    2.120518
   85.414938   91.525874    0.309934    1.829785
   85.415709   91.508902    0.394404    2.624338
   85.416479   91.491931    0.193986    0.738849
   85.417248   91.474956    0.112584    0.237666
   85.418017   91.457973    0.221751    0.999866
   85.418786   91.440983    0.247200    1.239194
   85.419552   91.423977    0.280865    1.555796
   85.420318   91.406964    0.143637    0.303218
   85.421849   91.372935    0.230667    1.083312
   85.422614   91.355937    0.314388    1.870819
   85.423379   91.338947    0.357827    2.279373
   85.424144   91.321961    0.238345    1.155280
   85.424907   91.304977    0.277615    1.524620
   85.425669   91.287995    0.240084    1.171466
   85.426429   91.271012    0.203543    0.827627
   85.427188   91.254025    0.033092    0.069858
   85.427947   91.237036    0.033851    0.071459
   85.428705   91.220033    0.166119    0.475301
   85.429463   91.203022    0.204416    0.835495
   85.430220   91.186009    0.232209    1.096866
   85.430976   91.168995    0.287787    1.619618
   85.432488   91.134994    0.189524    0.695054
   85.433243   91.117994    0.146723    0.309732
   85.433998   91.100993    0.227413    1.051311
   85.434752   91.083988    0.202492    0.816787
   85.435506   91.066977    0.224406    1.022853
   85.436260   91.049957    0.124534    0.262892
   85.437014   91.032925    0.136207    0.287533
   85.437767   91.015869    0.274197    1.490997
   85.438521   90.998795    0.339351    2.103829
   85.439274   90.981710    0.321461    1.935453
   85.440027   90.964614    0.428498    2.942297
   85.440779   90.947520    0.307778    1.806554
   85.441532   90.930420    0.270469    1.455493
   85.442285   90.913306    0.397188    2.647495
   85.443039   90.896176    0.248568    1.249290
   85.443795   90.879013    0.219752    0.978120
   85.444552   90.861826    0.227890    1.054583
   85.445309   90.844624    0.599851    4.553660
   85.446065   90.827406    0.431628    2.971045
   85.446820   90.810171    0.273796    1.486180
   85.447574   90.792928    0.000000    0.000000
   85.448326   90.775682    0.236604    1.136123
   85.449077   90.758439    0.416954    2.832654
   85.449827   90.741215    0.292674    1.663418
   85.450576   90.724004    0.409294    2.760419
   85.451323   90.706800    0.361947    2.314923
   85.452071   90.689600    0.305936    1.787919
   85.452818   90.672398    0.227868    1.053417
   85.453565   90.655197    0.356975    2.267887
   85.454311   90.638003    0.340553    2.113317
   85.455057   90.620816    0.296905    1.702615
   85.455799   90.603645    0.243431    1.199482
   85.456540   90.586486    0.228941    1.063076
   85.457280   90.569331    0.534099    3.933715
   85.458019   90.552178    0.288853    1.626525
   85.458757   90.535028    0.317130    1.892449
   85.459495   90.517873    0.258996    1.345471
   85.460233   90.500711    0.122282    0.258137
   85.460971   90.483535    0.390593    2.583275
   85.461711   90.466330    0.348053    2.183003
   85.462451   90.449104    0.365941    2.351191
   85.463192   90.431861    0.579164    4.356970
   85.463933   90.414604    0.302630    1.755436
   85.464675   90.397342    0.297879    1.710646
   85.465418   90.380069    0.348116    2.183160
   85.466160   90.362780    0.168724    0.495473
   85.466902   90.345474    0.373457    2.421371
   85.467644   90.328141    0.405281    2.720661
   85.468385   90.310786    0.311269    1.836175
   85.469125   90.293417    0.408384    2.749673
   85.469866   90.276035    0.336643    2.074697
   85.470606   90.258639    0.346971    2.171769
   85.471346   90.241235    0.392611    2.601033
   85.472086   90.223827    0.359387    2.288386
   85.472825   90.206418    0.328959    2.002057
   85.473564   90.189017    0.349507    2.195271
   85.474303   90.171622    0.462711    3.260129
   85.475041   90.154231    0.330593    2.017158
   85.475777   90.136844    0.309143    1.815285
   85.476512   90.119463    0.370041    2.388083
   85.477246   90.102088    0.507207    3.678362
   85.477978   90.084717    0.248872    1.248025
   85.478710   90.067351    0.393758    2.610929
   85.479441   90.049991    0.285422    1.591693
   85.480171   90.032636    0.223216    1.006406
   85.480900   90.015283    0.250625    1.264168
   85.483811   89.945887    0.363765    2.328158
   85.484537   89.928519    0.196286    0.752546
   85.485264   89.911117    0.331560    2.025025
   85.485991   89.893693    0.355501    2.250158
   85.488897   89.823901    0.210574    0.886419
   85.489623   89.806438    0.181972    0.617270
   85.516936   89.138458    0.645712    4.976452
   85.517650   89.120704    0.597420    4.522063
   85.518364   89.102943    0.468504    3.309222
