Converting ICESat/GLAS binary freeboard vector data to ASCII
Wed Feb 12 09:57:02 2014

write_fb:
  file_in:       laser3k0049002.dat
  laser_period:  3k
  track:         0049
  cycle:         002
  file_out:      laser3k0049002.txt
  non_zero_only:        0
  nan_replace:       -999

read_fb:
  Year:                  2008
  Month:                   10
  Day:                     12
  Hour:                    15
  Minute:                  21
  Doy:                    286
  record_count:          2020
  non_zero_count:        2011
  nan_count:                0

    Latitude   Longitude   Freeboard   Thickness
   78.411967  253.463785    0.567471    3.515395
   78.413428  253.461018    1.075014    8.290004
   78.414888  253.458250    0.832614    6.009641
   78.420721  253.447173    0.126140    0.266281
   78.422176  253.444398    0.085487    0.180464
   78.430883  253.427734    0.967262    7.276078
   78.432330  253.424962    0.604514    3.863562
   78.433774  253.422197    0.701834    4.779057
   78.439544  253.411153    0.699482    4.756847
   78.440988  253.408386    0.750217    5.234104
   78.442432  253.405619    0.642722    4.222845
   78.443877  253.402851    0.663219    4.415647
   78.448217  253.394558    0.954184    7.152787
   78.449666  253.391792    0.854129    6.211507
   78.451117  253.389022    0.835394    6.035241
   78.452569  253.386250    0.779108    5.505713
   78.454023  253.383474    0.585284    3.682328
   78.455479  253.380695    1.084327    8.376971
   78.468611  253.355518    0.122072    0.257695
   78.470070  253.352707    0.166911    0.352350
   78.471527  253.349897    0.318948    1.176548
   78.472984  253.347090    0.730976    5.052608
   78.480228  253.333126    0.707866    4.835102
   78.481670  253.330320    0.733378    5.075074
   78.490317  253.313530    0.064292    0.135721
   78.497535  253.299620    0.206345    0.435594
   78.498984  253.296820    0.188166    0.397219
   78.500434  253.294015    0.367573    1.633549
   78.501885  253.291207    0.098796    0.208559
   78.514995  253.265952    0.703008    4.788898
   78.516452  253.263144    0.704167    4.799781
   78.517908  253.260332    0.757394    5.300487
   78.522271  253.251869    0.818145    5.871930
   78.523723  253.249042    0.905598    6.694612
   78.525174  253.246215    0.648851    4.279283
   78.528071  253.240574    0.205581    0.433982
   78.529518  253.237758    0.273217    0.745516
   78.530964  253.234942    0.064702    0.136586
   78.532411  253.232128    0.066164    0.139672
   78.533857  253.229314    0.042141    0.088961
   78.535302  253.226501    0.042650    0.090033
   78.539633  253.218065    0.208850    0.440883
   78.541075  253.215253    0.165930    0.350279
   78.542519  253.212438    0.125508    0.264947
   78.543963  253.209617    0.062129    0.131154
   78.545408  253.206793    0.118744    0.250670
   78.546855  253.203968    0.125810    0.265584
   78.548302  253.201142    0.184056    0.388544
   78.549750  253.198320    0.033598    0.070926
   78.551200  253.195500    0.137289    0.289818
   78.552650  253.192680    0.069506    0.146727
   78.554101  253.189861    0.129156    0.272648
   78.555553  253.187041    0.169261    0.357311
   78.557005  253.184220    0.142596    0.301020
   78.558458  253.181397    0.145306    0.306742
   78.559912  253.178571    0.091847    0.193890
   78.561367  253.175737    0.083303    0.175852
   78.562823  253.172897    0.516045    3.029450
   78.564281  253.170053    0.670116    4.478825
   78.565738  253.167208    0.511256    2.984363
   78.567196  253.164363    0.694583    4.708962
   78.568654  253.161518    0.593602    3.758975
   78.570112  253.158673    0.880960    6.462236
   78.571569  253.155827    0.652086    4.309119
   78.573023  253.152983    0.583097    3.660095
   78.574476  253.150140    0.580997    3.640329
   78.575926  253.147297    0.640168    4.196950
   78.577376  253.144453    0.480481    2.694695
   78.578823  253.141607    0.736451    5.102674
   78.580269  253.138759    0.809569    5.790503
   78.581713  253.135910    0.772383    5.440664
   78.583156  253.133063    0.042109    0.088892
   78.584597  253.130218    0.195186    0.412038
   78.586036  253.127376    1.017320    7.744817
   78.587475  253.124536    0.948615    7.098470
   78.588914  253.121698    0.375700    1.708845
   78.590354  253.118864    0.538344    3.238877
   78.591795  253.116033    0.465221    2.550961
   78.593237  253.113202    0.504160    2.917253
   78.594680  253.110371    0.505442    2.929295
   78.596125  253.107536    0.710611    4.859370
   78.597571  253.104697    0.618790    3.995568
   78.599018  253.101854    1.158075    9.068782
   78.600466  253.099007    0.974676    7.343467
   78.601915  253.096151    0.628536    4.087192
   78.603364  253.093289    0.839171    6.068685
   78.604813  253.090424    1.006800    7.645618
   78.606264  253.087558    0.677011    4.543155
   78.607717  253.084697    0.611916    3.930767
   78.609171  253.081840    0.881094    6.463003
   78.610626  253.078983    0.937357    6.992264
   78.612082  253.076127    0.639485    4.190068
   78.613537  253.073269    0.290191    0.904122
   78.614993  253.070411    0.932779    6.949142
   78.616448  253.067551    0.046429    0.098011
   78.619358  253.061826    0.328510    1.264524
   78.622266  253.056090    0.165048    0.348416
   78.625170  253.050339    0.160792    0.339432
   78.626620  253.047455    0.759299    5.317008
   78.628069  253.044572    0.796868    5.670420
   78.629516  253.041690    0.619741    4.004108
   78.630959  253.038817    0.604905    3.864520
   78.633838  253.033087    0.172785    0.364749
   78.635276  253.030227    0.151692    0.320222
   78.636714  253.027371    0.731599    5.056303
   78.638153  253.024517    0.737476    5.111574
   78.639592  253.021664    0.876466    6.419086
   78.641031  253.018811    0.453414    2.439274
   78.643914  253.013094    0.695066    4.712534
   78.645356  253.010232    0.701055    4.768857
   78.646800  253.007369    0.042108    0.088889
   78.649691  253.001641    0.235356    0.496838
   78.651139  252.998774    0.676071    4.533753
   78.652588  252.995905    0.926795    6.892377
   78.654038  252.993031    0.771309    5.429658
   78.655490  252.990154    0.687618    4.642330
   78.656943  252.987274    0.819565    5.883581
   78.658397  252.984392    0.781775    5.528053
   78.659852  252.981507    0.814559    5.836452
   78.661307  252.978621    0.458848    2.490136
   78.662763  252.975732    0.550055    3.348136
   78.664219  252.972842    0.840353    6.079044
   78.665675  252.969948    0.645803    4.248833
   78.667131  252.967052    0.768560    5.403630
   78.668587  252.964155    0.231390    0.488464
   78.670041  252.961257    0.799901    5.698427
   78.671493  252.958359    0.742921    5.162379
   78.672944  252.955460    0.631075    4.110193
   78.674392  252.952563    0.747977    5.209912
   78.675838  252.949668    0.969728    7.295979
   78.677282  252.946782    0.619588    4.002072
   78.678722  252.943902    0.706348    4.818240
   78.680161  252.941021    0.822988    5.915495
   78.681598  252.938138    0.557747    3.420266
   78.683036  252.935243    0.501949    2.895339
   78.684473  252.932339    0.535608    3.211959
   78.685910  252.929433    0.543829    3.289279
   78.687348  252.926527    0.549155    3.339367
   78.688785  252.923629    0.801636    5.714523
   78.690224  252.920736    0.674419    4.517737
   78.691663  252.917845    0.877220    6.425532
   78.693104  252.914955    0.594647    3.767258
   78.694545  252.912065    0.714725    4.896851
   78.695988  252.909173    0.653691    4.322670
   78.697433  252.906280    0.764329    5.363460
   78.698880  252.903386    0.626319    4.065129
   78.700329  252.900484    0.682380    4.592498
   78.701780  252.897579    0.750725    5.235425
   78.703232  252.894673    0.680793    4.577528
   78.704685  252.891767    0.571907    3.553182
   78.706138  252.888866    0.816312    5.852371
   78.707591  252.885969    0.603388    3.849302
   78.709043  252.883072    0.657078    4.354359
   78.710497  252.880175    0.576329    3.594706
   78.711950  252.877277    0.671083    4.486077
   78.713404  252.874375    0.580126    3.630391
   78.714858  252.871471    0.752219    5.249307
   78.716312  252.868564    0.421106    2.134403
   78.717764  252.865650    0.482251    2.709591
   78.719216  252.862731    0.510049    2.971079
   78.720667  252.859810    0.583783    3.664696
   78.722117  252.856887    0.515060    3.018182
   78.723566  252.853965    0.650885    4.295911
   78.725014  252.851044    0.654548    4.330357
   78.726461  252.848123    0.468118    2.576527
   78.727907  252.845204    0.490222    2.784445
   78.729351  252.842286    0.281554    0.821418
   78.730794  252.839371    0.127261    0.268649
   78.732235  252.836456    0.589827    3.721413
   78.733675  252.833541    0.702882    4.784940
   78.735114  252.830626    0.519218    3.057132
   78.736552  252.827709    0.965519    7.255616
   78.737990  252.824794    0.943328    7.046846
   78.739428  252.821880    1.358393   10.951484
   78.740867  252.818970    1.177191    9.246836
   78.742305  252.816063    0.511005    2.979777
   78.743745  252.813157    0.190684    0.402534
   78.745185  252.810251    0.209788    0.442863
   78.746626  252.807344    0.728646    5.027143
   78.748070  252.804436    0.219446    0.463250
   78.749514  252.801526    0.400682    1.941845
   78.750959  252.798615    0.669066    4.466602
   78.752406  252.795702    0.940163    7.016887
   78.753853  252.792786    0.638437    4.178426
   78.755302  252.789868    0.437748    2.290462
   78.756751  252.786946    0.533835    3.194366
   78.758202  252.784018    0.661934    4.399417
   78.759654  252.781085    0.583844    3.664779
   78.761106  252.778151    0.587705    3.701082
   78.762559  252.775216    0.587424    3.698424
   78.764014  252.772284    0.692131    4.683421
   78.765469  252.769355    0.466373    2.559620
   78.766924  252.766425    0.600611    3.822419
   78.768378  252.763493    0.569286    3.527713
   78.769829  252.760557    0.467655    2.571624
   78.771277  252.757617    0.579810    3.626682
   78.772723  252.754674    0.489378    2.775945
   78.774168  252.751730    0.653968    4.324274
   78.775612  252.748782    0.778196    5.492916
   78.777055  252.745831    0.813857    5.828372
   78.778497  252.742882    0.630937    4.107558
   78.779937  252.739936    0.774013    5.453511
   78.781375  252.737000    0.504717    2.920135
   78.782811  252.734070    0.492915    2.809093
   78.784246  252.731142    0.660002    4.380919
   78.787118  252.725281    0.451390    2.418395
   78.788556  252.722343    0.502989    2.903784
   78.789994  252.719403    0.530673    3.164202
   78.791433  252.716462    0.549914    3.345190
   78.792873  252.713521    0.490874    2.789766
   78.794314  252.710579    0.667364    4.450047
   78.795756  252.707636    0.737875    5.113351
   78.797199  252.704692    0.705215    4.806088
   78.798644  252.701743    0.555208    3.394901
   78.800091  252.698791    0.778887    5.499111
   78.801538  252.695839    0.745896    5.188738
   78.802987  252.692886    0.522941    3.091306
   78.804437  252.689935    0.491058    2.791351
   78.805888  252.686985    0.536918    3.222754
   78.807339  252.684035    0.631353    4.111117
   78.808792  252.681085    0.580983    3.637255
   78.810246  252.678136    0.565558    3.492125
   78.811702  252.675185    0.487346    2.756337
   78.813157  252.672233    0.510220    2.971504
   78.814612  252.669279    0.505987    2.931663
   78.816066  252.666319    0.481583    2.702071
   78.817517  252.663357    0.863422    6.294137
   78.818967  252.660391    0.578832    3.616891
   78.820416  252.657424    0.403721    1.969542
   78.821864  252.654455    0.401909    1.952479
   78.823311  252.651485    0.497861    2.855111
   78.824756  252.648516    0.566894    3.504511
   78.827639  252.642586    0.490374    2.784633
   78.829076  252.639628    0.521229    3.074873
   78.830511  252.636671    0.386560    1.807979
   78.831945  252.633713    0.409924    2.027760
   78.833378  252.630750    0.632379    4.120452
   78.834812  252.627783    0.463813    2.534680
   78.836246  252.624816    0.613948    3.947034
   78.837680  252.621849    0.521619    3.078453
   78.839116  252.618888    0.445741    2.364622
   78.840552  252.615931    0.153027    0.323041
   78.841990  252.612974    0.052360    0.110533
   78.843428  252.610015    0.089335    0.188586
   78.844868  252.607052    0.070686    0.149218
   78.846309  252.604084    0.000000    0.000000
   78.847752  252.601115    0.147057    0.310437
   78.849197  252.598143    0.074700    0.157692
   78.850645  252.595172    0.126219    0.266448
   78.859361  252.577277    0.000000    0.000000
   78.860815  252.574282    0.087305    0.184301
   78.862269  252.571290    0.117897    0.248880
   78.863722  252.568300    0.203482    0.429551
   78.865174  252.565311    0.360490    1.562367
   78.866625  252.562323    0.363962    1.595013
   78.868074  252.559338    0.275769    0.765340
   78.869521  252.556354    0.374132    1.690661
   78.870966  252.553372    0.186326    0.393335
   78.872409  252.550390    0.125614    0.265172
   78.873849  252.547408    0.214975    0.453812
   78.875285  252.544427    0.507757    2.947653
   78.876720  252.541445    0.419583    2.118158
   78.878154  252.538462    0.437262    2.284461
   78.879588  252.535478    0.476324    2.651908
   78.881021  252.532493    0.373431    1.683949
   78.882454  252.529506    0.334779    1.320325
   78.883888  252.526517    0.376276    1.710686
   78.885323  252.523527    0.259579    0.612859
   78.886760  252.520534    0.066351    0.140068
   78.888197  252.517540    0.645167    4.240187
   78.889635  252.514546    0.419729    2.119401
   78.891074  252.511552    0.478780    2.674901
   78.892513  252.508559    0.509631    2.965109
   78.893953  252.505565    0.484441    2.728127
   78.895394  252.502570    0.770513    5.419286
   78.896837  252.499576    0.545624    3.303663
   78.898282  252.496582    0.518650    3.049901
   78.899728  252.493586    0.663531    4.412829
   78.901175  252.490589    0.547795    3.324045
   78.902625  252.487588    0.663373    4.411313
   78.904075  252.484583    0.717616    4.921584
   78.905526  252.481577    0.721954    4.962379
   78.906978  252.478570    0.532891    3.183783
   78.908428  252.475561    0.680472    4.572106
   78.909878  252.472553    0.617313    3.977935
   78.911328  252.469544    0.449809    2.402155
   78.912778  252.466534    0.466500    2.559157
   78.915676  252.460515    0.771135    5.424936
   78.917125  252.457505    0.520081    3.063170
   78.918572  252.454495    0.542323    3.272388
   78.920016  252.451485    0.593713    3.755821
   78.921459  252.448475    0.558249    3.422186
   78.922901  252.445464    0.482227    2.707009
   78.924341  252.442451    0.571371    3.545599
   78.925782  252.439437    0.468454    2.577407
   78.927222  252.436422    0.556937    3.409781
   78.928662  252.433405    0.692510    4.685149
   78.930100  252.430387    0.618369    3.987670
   78.931536  252.427367    0.604954    3.861452
   78.932970  252.424346    1.132134    8.820803
   78.934404  252.421325    0.495546    2.832194
   78.935837  252.418304    0.495537    2.832093
   78.937270  252.415284    0.520803    3.069764
   78.938704  252.412265    0.571411    3.545835
   78.940139  252.409246    0.420373    2.124956
   78.941574  252.406228    0.744709    5.176081
   78.943011  252.403211    0.773001    5.442223
   78.944451  252.400194    0.627785    4.076106
   78.945891  252.397176    0.565936    3.494257
   78.947333  252.394157    0.460651    2.503792
   78.948777  252.391133    0.524081    3.100486
   78.950221  252.388106    0.511000    2.977419
   78.951667  252.385077    0.734307    5.078131
   78.953115  252.382045    0.519477    3.057135
   78.954565  252.379010    0.761835    5.337064
   78.956018  252.375974    0.692946    4.688991
   78.957471  252.372936    0.177308    0.374298
   78.958924  252.369898    0.551019    3.353806
   78.960377  252.366861    0.616076    3.965803
   78.961830  252.363825    0.690329    4.664308
   78.963281  252.360788    0.685088    4.614987
   78.964731  252.357750    0.481237    2.697284
   78.966178  252.354706    0.432045    2.234504
   78.967622  252.351659    0.389136    1.830828
   78.969064  252.348612    0.717034    4.915465
   78.970505  252.345567    0.664084    4.417334
   78.971944  252.342529    0.619386    3.996830
   78.973383  252.339496    0.402641    1.957818
   78.974820  252.336464    0.611877    3.926156
   78.976256  252.333432    0.630094    4.097521
   78.977689  252.330396    0.612397    3.931017
   78.979121  252.327357    0.881542    6.462941
   78.980552  252.324317    0.660248    4.381144
   78.981984  252.321274    0.808799    5.778600
   78.983417  252.318230    0.876264    6.413251
   78.984852  252.315185    0.884915    6.494620
   78.986287  252.312140    0.781934    5.525827
   78.987722  252.309096    0.819857    5.882565
   78.989159  252.306055    1.011609    7.686427
   78.990597  252.303016    0.827815    5.957403
   78.992034  252.299977    0.842817    6.098512
   78.993473  252.296939    1.013012    7.699581
   78.994909  252.293899    0.842370    6.094275
   78.996346  252.290858    1.122467    8.729233
   78.997784  252.287816    1.089982    8.423618
   78.999224  252.284772    0.817720    5.862341
   79.000668  252.281727    0.690997    4.670199
   79.002115  252.278681    0.841062    6.081895
   79.003565  252.275632    0.746487    5.192181
   79.005015  252.272580    0.911077    6.740524
   79.006466  252.269524    0.656242    4.343194
   79.007918  252.266464    0.713546    4.882252
   79.009369  252.263402    0.793769    5.636926
   79.010819  252.260337    0.702796    4.781090
   79.012269  252.257274    0.824392    5.924975
   79.013717  252.254211    0.554287    3.383985
   79.015164  252.251145    0.726548    5.004494
   79.016610  252.248077    0.666993    4.444221
   79.018054  252.245003    0.813564    5.823047
   79.019496  252.241924    0.669898    4.471519
   79.020937  252.238843    0.605603    3.866659
   79.022377  252.235763    0.608258    3.891622
   79.023814  252.232686    0.729858    5.035541
   79.025250  252.229612    0.563069    3.466483
   79.026685  252.226540    0.800048    5.695817
   79.028118  252.223471    0.783886    5.543761
   79.029551  252.220410    1.051227    8.058713
   79.030982  252.217352    0.718428    4.927947
   79.032413  252.214295    0.680702    4.573027
   79.033843  252.211237    0.873346    6.385284
   79.035274  252.208172    0.821362    5.896240
   79.036705  252.205101    0.629959    4.095628
   79.038137  252.202029    1.045110    8.001086
   79.039569  252.198957    0.712887    4.875733
   79.041001  252.195889    0.654123    4.322909
   79.042434  252.192825    0.778279    5.490867
   79.043870  252.189761    0.568141    3.514017
   79.045307  252.186698    0.698061    4.736203
   79.046749  252.183635    0.843903    6.108169
   79.048194  252.180570    0.775171    5.461568
   79.049642  252.177504    0.800821    5.702859
   79.051092  252.174434    0.738587    5.117384
   79.052542  252.171358    0.544780    3.294158
   79.053994  252.168276    0.670445    4.476320
   79.055445  252.165191    0.840120    6.072495
   79.056897  252.162102    0.618637    3.988912
   79.058348  252.159010    0.779871    5.505687
   79.059797  252.155915    0.702570    4.778471
   79.061245  252.152818    0.606721    3.876773
   79.062693  252.149721    0.550505    3.347917
   79.064140  252.146628    0.651292    4.296034
   79.065586  252.143536    0.650608    4.289587
   79.067030  252.140444    0.722579    4.966626
   79.068472  252.137351    0.953696    7.140807
   79.069911  252.134251    0.700963    4.763254
   79.071345  252.131148    0.583160    3.655026
   79.072778  252.128045    0.657514    4.354490
   79.074210  252.124943    0.626581    4.063474
   79.075640  252.121848    0.751717    5.240656
   79.077069  252.118759    0.782499    5.530222
   79.078498  252.115670    0.753767    5.259919
   79.079926  252.112581    0.476367    2.650302
   79.081356  252.109486    0.642859    4.216540
   79.082787  252.106387    0.551107    3.353386
   79.084218  252.103287    0.629923    4.094821
   79.085650  252.100185    0.626354    4.061224
   79.087083  252.097082    0.062402    0.131732
   79.088516  252.093980    0.467193    2.563922
   79.089951  252.090878    0.669150    4.463782
   79.091387  252.087775    0.742689    5.155581
   79.092825  252.084671    0.618293    3.985328
   79.094265  252.081567    0.706089    4.811236
   79.095706  252.078463    0.540871    3.256959
   79.097148  252.075358    0.630570    4.100781
   79.098592  252.072253    0.568786    3.519538
   79.100037  252.069148    0.923566    6.857059
   79.101484  252.066043    0.818035    5.864282
   79.102930  252.062941    0.737303    5.104797
   79.104378  252.059846    0.712175    4.868392
   79.105825  252.056756    0.740405    5.133946
   79.107272  252.053664    0.496028    2.834996
   79.108719  252.050568    0.683110    4.594921
   79.110163  252.047458    0.632706    4.120736
   79.111606  252.044339    0.801256    5.706331
   79.113048  252.041214    0.596078    3.776141
   79.114489  252.038088    0.729212    5.028567
   79.115929  252.034963    0.398989    1.922033
   79.117368  252.031839    0.531269    3.166419
   79.118807  252.028717    0.474396    2.631384
   79.120245  252.025596    0.589082    3.710260
   79.121682  252.022481    0.575834    3.585611
   79.123119  252.019368    0.660148    4.378775
   79.124555  252.016257    0.644405    4.230662
   79.125990  252.013144    0.484383    2.725259
   79.127423  252.010029    0.603651    3.847244
   79.128854  252.006911    0.086320    0.182222
   79.130284  252.003790    0.373870    1.685591
   79.131714  252.000667    0.897106    6.607835
   79.133145  251.997540    0.231994    0.489741
   79.138870  251.985016    0.268530    0.694543
   79.140302  251.981888    0.467816    2.569277
   79.141736  251.978761    0.567058    3.502869
   79.143171  251.975635    0.510680    2.972486
   79.144610  251.972508    0.698179    4.736334
   79.146051  251.969382    0.425116    2.167531
   79.147494  251.966256    0.420705    2.126020
   79.148938  251.963130    0.426313    2.178763
   79.150383  251.960005    0.616901    3.971667
   79.151828  251.956879    0.516815    3.030118
   79.153274  251.953750    0.466480    2.556583
   79.154721  251.950619    0.445512    2.359311
   79.156169  251.947478    0.564122    3.475106
   79.157617  251.944330    0.596197    3.776830
   79.159065  251.941180    0.617019    3.972699
   79.160512  251.938029    0.870591    6.358121
   79.161957  251.934882    0.499162    2.863958
   79.163400  251.931736    0.711718    4.863532
   79.164842  251.928592    0.759743    5.315304
   79.166282  251.925448    0.677594    4.542494
   79.167721  251.922305    0.523681    3.094569
   79.169159  251.919163    0.541206    3.259421
   79.170596  251.916021    0.753056    5.252357
   79.172031  251.912876    0.698615    4.740201
   79.173463  251.909726    0.521132    3.070542
   79.174894  251.906573    0.540627    3.253929
   79.176323  251.903418    0.450403    2.405158
   79.177752  251.900263    0.658403    4.361866
   79.179181  251.897111    0.526659    3.122499
   79.180610  251.893961    0.846892    6.135034
   79.182039  251.890811    0.453415    2.433444
   79.183469  251.887663    0.566858    3.500631
   79.184898  251.884517    0.905727    6.688479
   79.186329  251.881371    0.567919    3.510590
   79.187760  251.878225    0.787071    5.572223
   79.189192  251.875077    0.610961    3.915483
   79.190623  251.871925    0.432957    2.240927
   79.193489  251.865613    0.344390    1.407729
   79.194924  251.862457    0.106614    0.225063
   79.197800  251.856154    0.104031    0.219610
   79.199240  251.853005    0.193500    0.408479
   79.200682  251.849857    0.276176    0.765957
   79.202127  251.846710    0.145849    0.307888
   79.203574  251.843563    0.075445    0.159264
   79.206471  251.837260    0.020130    0.042495
   79.209366  251.830927    0.880093    6.447145
   79.210812  251.827752    0.589887    3.717065
   79.212258  251.824573    0.770531    5.416437
   79.213702  251.821391    0.802036    5.712805
   79.215144  251.818205    0.471838    2.606508
   79.216585  251.815019    0.306680    1.052799
   79.218023  251.811833    0.535327    3.203748
   79.219459  251.808651    0.694589    4.701975
   79.220892  251.805473    0.751943    5.241512
   79.222323  251.802295    0.599573    3.808100
   79.223753  251.799118    0.628971    4.084648
   79.225181  251.795940    1.246102    9.890203
   79.226608  251.792760    0.099863    0.210811
   79.228035  251.789580    0.400109    1.931635
   79.229460  251.786402    0.675300    4.520442
   79.230886  251.783225    0.826343    5.941347
   79.232311  251.780050    0.900121    6.635391
   79.233737  251.776876    0.802310    5.715235
   79.235162  251.773702    1.128759    8.786246
   79.236588  251.770528    1.090485    8.426177
   79.238015  251.767353    0.783320    5.536564
   79.239443  251.764178    0.844580    6.112845
   79.240873  251.761001    0.480255    2.685504
   79.242306  251.757821    0.496936    2.842422
   79.243742  251.754638    0.811774    5.804199
   79.245179  251.751452    0.858135    6.240318
   79.246619  251.748263    0.633269    4.124923
   79.248062  251.745066    0.608248    3.889526
   79.249507  251.741865    0.477261    2.657275
   79.250953  251.738663    0.748813    5.211846
   79.252399  251.735462    0.869992    6.351814
   79.253846  251.732267    0.819054    5.872610
   79.255292  251.729077    0.638432    4.173429
   79.256737  251.725888    0.599015    3.802602
   79.258182  251.722699    1.033728    7.892085
   79.259626  251.719509    0.955946    7.160355
   79.261068  251.716316    0.498004    2.852329
   79.262509  251.713121    0.834260    6.015585
   79.263948  251.709923    0.864021    6.295547
   79.265386  251.706721    0.776819    5.475201
   79.266821  251.703515    0.386046    1.799053
   79.268255  251.700306    0.672266    4.491613
   79.269687  251.697096    0.681606    4.579461
   79.271117  251.693883    0.873074    6.380654
   79.272546  251.690670    0.841774    6.086197
   79.273974  251.687455    0.630880    4.102231
   79.275401  251.684239    0.684419    4.605880
   79.276828  251.681021    0.593512    3.750683
   79.278256  251.677801    0.677557    4.541311
   79.279684  251.674581    0.600519    3.816578
   79.281112  251.671362    0.598747    3.799895
   79.282540  251.668146    0.625472    4.051293
   79.283968  251.664933    0.635100    4.141864
   79.285397  251.661720    0.547982    3.322300
   79.286827  251.658508    0.569071    3.520682
   79.288258  251.655294    0.813478    5.819891
   79.289691  251.652080    0.896886    6.604527
   79.291126  251.648866    0.878993    6.436190
   79.292562  251.645652    0.572547    3.553338
   79.293999  251.642440    0.559786    3.433283
   79.295439  251.639229    0.787878    5.579008
   79.296880  251.636019    0.903548    6.667137
   79.298321  251.632810    0.547512    3.317782
   79.299763  251.629603    0.971493    7.306297
   79.301204  251.626398    0.705702    4.805903
   79.302646  251.623193    0.622056    4.019008
   79.304089  251.619988    0.536593    3.215017
   79.305532  251.616786    0.742328    5.150418
   79.306975  251.613585    0.671825    4.487167
   79.308418  251.610380    0.660599    4.381547
   79.309861  251.607171    0.535935    3.208779
   79.311302  251.603951    0.556657    3.403708
   79.312743  251.600722    0.909983    6.727549
   79.314182  251.597489    0.654670    4.325728
   79.315620  251.594256    1.031159    7.867473
   79.317057  251.591027    0.870970    6.360514
   79.318492  251.587801    0.521457    3.072509
   79.319926  251.584576    1.321567   10.599407
   79.322786  251.578119    0.575746    3.583191
   79.324213  251.574886    0.497479    2.846899
   79.325637  251.571652    0.669978    4.469642
   79.327061  251.568417    1.239468    9.827021
   79.328485  251.565181    0.570869    3.537274
   79.329908  251.561946    0.839331    6.062772
   79.331331  251.558710    0.622539    4.023326
   79.332755  251.555477    0.617950    3.980149
   79.334181  251.552245    1.129513    8.792581
   79.335608  251.549017    0.787930    5.579185
   79.337037  251.545789    0.531561    3.167429
   79.338468  251.542563    0.955136    7.152134
   79.339900  251.539340    0.782118    5.524478
   79.341334  251.536118    0.650683    4.288014
   79.342770  251.532894    0.762917    5.343830
   79.344207  251.529667    0.477387    2.657742
   79.345645  251.526429    0.815279    5.836391
   79.347085  251.523184    0.541243    3.258437
   79.348527  251.519935    0.728617    5.021108
   79.349969  251.516684    0.651078    4.291666
   79.351412  251.513433    0.404835    1.975164
   79.352856  251.510181    0.580738    3.629928
   79.354301  251.506931    0.695191    4.706618
   79.355745  251.503682    0.901657    6.648900
   79.357187  251.500441    0.414629    2.067257
   79.358629  251.497203    0.491211    2.787676
   79.360070  251.493965    0.516959    3.029889
   79.361509  251.490724    0.505862    2.925482
   79.362947  251.487476    0.248470    0.524522
   79.364384  251.484221    0.528801    3.141251
   79.365820  251.480962    0.190840    0.402863
   79.368687  251.474431    0.136272    0.287671
   79.370118  251.471159    0.353355    1.490729
   79.371548  251.467887    0.827119    5.947579
   79.372976  251.464615    0.257228    0.586417
   79.374403  251.461350    0.608670    3.892538
   79.375828  251.458089    0.392612    1.859991
   79.377252  251.454830    1.124344    8.743639
   79.378675  251.451572    0.192782    0.406964
   79.380099  251.448313    0.000000    0.000000
   79.382946  251.441791    0.000000    0.000000
   79.385796  251.435257    0.030270    0.063901
   79.388649  251.428707    0.000000    0.000000
   79.397253  251.409060    0.063430    0.133901
   79.398695  251.405798    0.036013    0.076025
   79.400137  251.402535    0.155138    0.327496
   79.401580  251.399271    0.107159    0.226213
   79.404466  251.392717    0.376018    1.703687
   79.405909  251.389434    0.695282    4.707102
   79.407351  251.386148    0.517071    3.030591
   79.408791  251.382862    0.894034    6.576804
   79.410231  251.379575    0.546806    3.310302
   79.411670  251.376288    0.914927    6.773326
   79.413108  251.373003    0.773699    5.444738
   79.414545  251.369722    0.943073    7.038088
   79.415980  251.366445    0.638345    4.171398
   79.417414  251.363167    0.650711    4.287719
   79.418846  251.359890    0.574580    3.571521
   79.420275  251.356609    0.677159    4.536501
   79.421701  251.353325    0.618832    3.987789
   79.423126  251.350039    0.669203    4.461642
   79.424549  251.346752    0.805384    5.742735
   79.425970  251.343461    0.826040    5.937039
   79.427390  251.340169    0.705897    4.806801
   79.428809  251.336875    0.470366    2.591074
   79.430228  251.333581    0.649253    4.273920
   79.431648  251.330289    0.658592    4.361763
   79.433071  251.326998    0.596894    3.781333
   79.434494  251.323707    0.866334    6.316036
   79.435920  251.320415    0.758374    5.300415
   79.437348  251.317121    0.856152    6.220235
   79.438778  251.313824    0.619689    3.995740
   79.440211  251.310526    0.715460    4.896675
   79.441645  251.307224    0.908505    6.712705
   79.443081  251.303917    0.962060    7.216509
   79.444519  251.300605    0.535322    3.202027
   79.445958  251.297291    0.589559    3.712248
   79.447399  251.293975    0.841329    6.080723
   79.448839  251.290656    0.668588    4.455678
   79.450281  251.287337    0.746363    5.187326
   79.451722  251.284019    0.528016    3.133246
   79.453163  251.280705    1.003942    7.610438
   79.454604  251.277403    0.606782    3.874203
   79.456044  251.274108    0.614391    3.945774
   79.457484  251.270815    0.728570    5.019887
   79.458922  251.267522    0.637067    4.159077
   79.460358  251.264223    0.760065    5.316151
   79.461792  251.260919    0.784671    5.547616
   79.463224  251.257612    0.761179    5.326607
   79.464655  251.254303    0.711775    4.861838
   79.466084  251.250992    0.751985    5.240097
   79.467512  251.247678    0.806479    5.752735
   79.468939  251.244363    0.650599    4.286311
   79.470365  251.241047    0.664397    4.416097
   79.471789  251.237732    0.813745    5.821053
   79.473212  251.234417    0.728355    5.017756
   79.474635  251.231102    0.722589    4.963499
   79.476056  251.227785    0.569537    3.523682
   79.477478  251.224468    0.653921    4.317501
   79.478899  251.221149    0.668358    4.453307
   79.480321  251.217827    0.601259    3.822075
   79.481744  251.214500    1.084188    8.365137
   79.483169  251.211165    1.032911    7.882756
   79.484596  251.207822    0.818789    5.868432
   79.486024  251.204477    1.487169   12.156098
   79.487453  251.201130    0.756913    5.286323
   79.488883  251.197784    0.716625    4.907320
   79.490313  251.194440    0.767719    5.387966
   79.491745  251.191099    0.546166    3.303737
   79.493177  251.187760    0.757423    5.291094
   79.494611  251.184430    0.735725    5.086970
   79.496047  251.181105    0.491835    2.792606
   79.497483  251.177782    0.643871    4.222858
   79.498921  251.174458    0.753717    5.256204
   79.500359  251.171128    0.640875    4.194656
   79.501798  251.167794    0.620802    4.005812
   79.503238  251.164456    0.644350    4.227327
   79.504677  251.161115    0.616212    3.962620
   79.506117  251.157768    0.672444    4.491605
   79.507556  251.154418    0.816575    5.847484
   79.508995  251.151067    0.827226    5.947676
   79.510432  251.147719    0.275214    0.754707
   79.511866  251.144379    0.121215    0.255886
   79.513298  251.141046    0.208435    0.440006
   79.514728  251.137714    0.115500    0.243821
   79.516156  251.134383    0.135835    0.286749
   79.517582  251.131049    0.093732    0.197868
   79.519006  251.127712    0.044787    0.094546
   79.520428  251.124372    0.114158    0.240987
   79.533202  251.094196    0.116188    0.245273
   79.534626  251.090840    0.696737    4.720009
   79.536053  251.087485    0.211666    0.446828
   79.537482  251.084131    0.065957    0.139235
   79.538913  251.080776    0.839716    6.065037
   79.540345  251.077425    0.823801    5.915305
   79.541778  251.074073    0.509832    2.961688
   79.543213  251.070720    0.438880    2.294214
   79.544648  251.067363    0.223333    0.471456
   79.546083  251.063995    0.709560    4.840570
   79.547519  251.060620    0.606451    3.870588
   79.548955  251.057244    0.428686    2.198283
   79.550392  251.053869    0.422709    2.142050
   79.551830  251.050506    0.209100    0.441411
   79.553270  251.047152    0.214831    0.453509
   79.554709  251.043800    0.195363    0.412411
   79.556147  251.040449    0.574901    3.573731
   79.557583  251.037097    0.511730    2.979454
   79.559016  251.033743    1.396561   11.303357
   79.560448  251.030386    0.768356    5.393607
   79.561878  251.027026    1.041668    7.964742
   79.563307  251.023657    0.355352    1.508328
   79.564735  251.020284    0.222359    0.469400
   79.566161  251.016906    0.227187    0.479593
   79.567587  251.013527    0.683011    4.590698
   79.569012  251.010148    0.680075    4.563076
   79.570436  251.006770    0.637980    4.167065
   79.571859  251.003390    0.702678    4.775691
   79.573281  251.000009    0.911411    6.739309
   79.574701  250.996624    0.811372    5.798206
   79.576120  250.993237    0.680454    4.566609
   79.577538  250.989849    0.768486    5.394742
   79.578956  250.986461    0.563721    3.468440
   79.580375  250.983077    0.653044    4.308728
   79.581795  250.979693    0.725206    4.987573
   79.583215  250.976310    0.664222    4.413869
   79.584637  250.972925    0.622729    4.023526
   79.586060  250.969536    0.700978    4.759629
   79.587483  250.966144    0.741134    5.137384
   79.588909  250.962750    0.692447    4.679366
   79.590336  250.959355    0.646079    4.243158
   79.591767  250.955960    1.369452   11.048167
   79.593202  250.952565    0.817671    5.857370
   79.594638  250.949171    0.553566    3.372838
   79.596077  250.945778    0.755039    5.268156
   79.597517  250.942386    0.540924    3.253895
   79.598959  250.938997    1.026903    7.825655
   79.600401  250.935607    0.310629    1.087413
   79.601843  250.932217    0.320313    1.178508
   79.603281  250.928824    0.876643    6.412082
   79.604718  250.925429    0.176634    0.372875
   79.606153  250.922033    0.739228    5.119358
   79.607587  250.918635    0.456463    2.459287
   79.609020  250.915233    0.707674    4.822502
   79.610451  250.911830    0.835420    6.024251
   79.611882  250.908426    0.819969    5.878890
   79.613310  250.905023    0.558747    3.421476
   79.614736  250.901628    0.529437    3.145744
   79.616160  250.898236    0.627048    4.063995
   79.617582  250.894841    0.861344    6.268085
   79.619001  250.891441    0.569579    3.523351
   79.620416  250.888025    0.572130    3.547337
   79.621827  250.884597    0.816064    5.842100
   79.623238  250.881164    0.669311    4.461543
   79.624650  250.877729    0.760436    5.318777
   79.626063  250.874297    0.714856    4.889984
   79.627479  250.870867    0.486230    2.739218
   79.630316  250.864012    0.523257    3.087532
   79.631738  250.860593    0.536821    3.215131
   79.633163  250.857178    0.689807    4.654308
   79.634589  250.853763    0.705525    4.802168
   79.636018  250.850347    0.940018    7.008116
   79.637449  250.846926    0.523406    3.088902
   79.638881  250.843501    0.657264    4.348137
   79.640315  250.840072    0.511519    2.977058
   79.641750  250.836639    0.728374    5.017082
   79.643184  250.833197    0.738404    5.111434
   79.644619  250.829750    0.649387    4.274009
   79.646054  250.826304    0.471972    2.604998
   79.647489  250.822859    0.592247    3.736460
   79.648925  250.819425    0.500278    2.871273
   79.650361  250.815999    0.488378    2.759316
   79.651797  250.812577    0.897458    6.607667
   79.653233  250.809157    0.529702    3.148052
   79.654667  250.805743    0.488984    2.764998
   79.656099  250.802329    0.467047    2.558617
   79.657530  250.798914    0.298797    0.975826
   79.663237  250.785167    0.340200    1.365295
   79.664660  250.781719    0.375692    1.699169
   79.666083  250.778280    0.459588    2.488404
   79.667505  250.774847    0.622364    4.019684
   79.668927  250.771414    0.341893    1.381190
   79.670347  250.767980    0.192244    0.405827
   79.671767  250.764538    0.222903    0.470550
   79.674606  250.757640    0.233983    0.493939
   79.677445  250.750727    0.751053    5.230260
   79.678865  250.747265    0.702805    4.776366
   79.680286  250.743801    0.682310    4.583559
   79.681707  250.740335    0.584943    3.667593
   79.683130  250.736867    0.529359    3.144688
   79.684553  250.733398    0.845793    6.121486
   79.685978  250.729930    0.793181    5.626537
   79.687405  250.726464    0.685090    4.609684
   79.688833  250.723005    0.672138    4.487830
   79.690262  250.719551    0.952901    7.129055
   79.691693  250.716100    0.648792    4.268192
   79.693125  250.712650    0.779921    5.501761
   79.694558  250.709202    0.761223    5.325861
   79.695992  250.705754    0.937159    6.980940
   79.697426  250.702304    0.249699    0.527114
   79.698860  250.698850    0.219919    0.464249
   79.700296  250.695380    0.091254    0.192637
   79.701732  250.691901    0.190877    0.402941
   79.703167  250.688421    0.167418    0.353420
   79.704600  250.684945    0.134683    0.284317
   79.706032  250.681489    0.639854    4.184042
   79.707460  250.678046    0.604725    3.853570
   79.710312  250.671165    0.103498    0.218483
   79.713156  250.664260    0.751976    5.238777
   79.714575  250.660799    0.677918    4.542085
   79.715993  250.657332    0.653076    4.308382
   79.717410  250.653854    0.504881    2.914253
   79.718827  250.650369    0.665745    4.427556
   79.720242  250.646881    0.646541    4.246889
   79.721657  250.643392    0.660116    4.374591
   79.723071  250.639909    0.491551    2.788836
   79.724485  250.636431    0.667043    4.439740
   79.725900  250.632952    0.621995    4.015951
   79.727316  250.629472    0.676160    4.525494
   79.728734  250.625986    0.368012    1.626632
   79.730154  250.622497    0.716067    4.900904
   79.731575  250.619004    0.844806    6.111989
   79.732999  250.615509    0.719214    4.930490
   79.734425  250.612010    0.549718    3.335981
   79.735853  250.608509    0.572032    3.545891
   79.737282  250.605007    0.766325    5.373664
   79.738712  250.601503    0.652010    4.298258
   79.740143  250.598000    0.967831    7.269289
   79.741574  250.594497    0.603851    3.845195
   79.743005  250.590995    0.677011    4.533431
   79.744437  250.587494    0.822705    5.904023
   79.745870  250.583997    0.837647    6.044579
   79.747304  250.580502    0.726495    4.998924
   79.748738  250.577009    0.702136    4.769768
   79.750171  250.573517    0.535979    3.206665
   79.751605  250.570028    0.496704    2.837187
   79.754469  250.563052    0.756497    5.281132
   79.755899  250.559561    0.105432    0.222567
   79.757327  250.556063    0.668453    4.452864
   79.758753  250.552560    0.719060    4.928935
   79.760177  250.549054    0.497084    2.840720
   79.761599  250.545547    0.205990    0.434844
   79.763020  250.542039    0.107401    0.226724
   79.764440  250.538531    0.125932    0.265842
   79.765858  250.535025    0.499956    2.867717
   79.767275  250.531521    0.691933    4.673702
   79.768690  250.528028    0.622045    4.016239
   79.770104  250.524541    0.719858    4.936391
   79.771517  250.521054    0.507131    2.935191
   79.772929  250.517561    0.623889    4.033567
   79.774342  250.514053    0.629696    4.088192
   79.775754  250.510532    0.831621    5.987762
   79.777167  250.507005    1.007412    7.641488
   79.778581  250.503475    0.555125    3.386661
   79.779995  250.499942    0.800852    5.698296
   79.781411  250.496409    0.553571    3.372037
   79.782829  250.492876    0.662656    4.398223
   79.784250  250.489345    0.548577    3.325045
   79.785675  250.485821    0.538135    3.226807
   79.787103  250.482302    0.593098    3.743851
   79.788534  250.478785    0.610369    3.906324
   79.789967  250.475269    0.604014    3.846530
   79.791402  250.471753    0.610030    3.903118
   79.792839  250.468235    0.569605    3.522826
   79.794277  250.464715    0.552438    3.361318
   79.795714  250.461191    0.529988    3.150121
   79.797150  250.457656    0.648301    4.263123
   79.798585  250.454114    0.655055    4.326653
   79.800019  250.450570    0.663672    4.407707
   79.801451  250.447026    0.613375    3.934541
   79.802883  250.443487    0.539600    3.240514
   79.804313  250.439952    0.728889    5.021214
   79.805741  250.436421    0.538870    3.233638
   79.807166  250.432893    0.763543    5.347211
   79.808588  250.429373    0.751354    5.232543
   79.810007  250.425858    0.607235    3.876761
   79.811423  250.422344    0.540033    3.244561
   79.812837  250.418830    0.473372    2.617462
   79.814249  250.415312    0.576460    3.587244
   79.815659  250.411791    0.614709    3.947059
   79.817068  250.408267    0.688043    4.636933
   79.818476  250.404739    0.496035    2.830646
   79.819884  250.401204    0.334911    1.314888
   79.821291  250.397664    0.440693    2.310014
   79.822699  250.394120    0.433332    2.240767
   79.824109  250.390574    0.551207    3.349652
   79.825520  250.387026    0.578301    3.604527
   79.829773  250.376370    0.714625    4.886967
   79.831202  250.372808    0.476217    2.644176
   79.832636  250.369242    0.670153    4.468600
   79.834072  250.365672    0.682096    4.580943
   79.835509  250.362099    1.179397    9.259223
   79.836943  250.358525    0.631175    4.101902
   79.838374  250.354950    0.756072    5.276850
   79.839804  250.351375    0.452019    2.416512
   79.841235  250.347801    0.692011    4.674194
   79.842665  250.344231    0.849386    6.154672
   79.844097  250.340665    0.595504    3.766320
   79.845528  250.337101    0.616497    3.963796
   79.846959  250.333540    0.506078    2.925052
   79.848389  250.329984    0.782832    5.528565
   79.849820  250.326432    0.662616    4.397643
   79.851248  250.322881    0.886282    6.501744
   79.852676  250.319329    0.547648    3.316097
   79.854099  250.315773    0.561471    3.446124
   79.855521  250.312212    0.410040    2.021561
   79.856940  250.308650    0.522032    3.075108
   79.858357  250.305087    0.578098    3.602534
   79.859772  250.301522    0.523449    3.088426
   79.861185  250.297958    0.596357    3.774291
   79.862597  250.294394    0.603637    3.842781
   79.864009  250.290833    0.573845    3.562514
   79.865420  250.287282    0.468535    2.571819
   79.866831  250.283736    0.521765    3.072569
   79.868242  250.280189    0.564100    3.470823
   79.869653  250.276638    0.440852    2.311390
   79.871064  250.273074    0.438770    2.291799
   79.872475  250.269499    0.461273    2.503488
   79.873886  250.265919    0.675286    4.516780
   79.875299  250.262334    0.504872    2.913630
   79.876714  250.258748    0.722984    4.965485
   79.878131  250.255161    0.559587    3.428345
   79.879549  250.251572    0.522790    3.082180
   79.880969  250.247983    0.620153    3.998106
   79.882391  250.244396    0.599669    3.805406
   79.883815  250.240808    0.537547    3.220999
   79.885241  250.237221    0.729690    5.028551
   79.886668  250.233633    0.569254    3.519268
   79.888098  250.230044    0.534057    3.188155
   79.889531  250.226454    0.539286    3.237344
   79.890964  250.222862    0.642875    4.211834
   79.892398  250.219267    0.469924    2.584826
   79.893832  250.215666    0.482201    2.700318
   79.895266  250.212060    0.480682    2.686017
   79.896700  250.208452    0.585164    3.668915
   79.898132  250.204843    0.140039    0.295622
   79.899562  250.201233    0.154869    0.326929
   79.900989  250.197622    0.436370    2.269148
   79.902415  250.194015    0.587539    3.691243
   79.903839  250.190411    0.653511    4.311859
   79.905261  250.186819    0.180807    0.381684
   79.906681  250.183234    0.470188    2.587273
   79.908098  250.179653    0.428567    2.195727
   79.909514  250.176073    0.461866    2.508976
   79.910927  250.172491    0.485824    2.734355
   79.912339  250.168907    0.521968    3.074366
   79.913749  250.165320    0.540222    3.246093
   79.915158  250.161728    0.252125    0.535861
   79.916566  250.158125    0.380180    1.740514
   79.917973  250.154515    0.135106    0.285208
   79.919380  250.150902    0.496514    2.834900
   79.920787  250.147288    0.369210    1.637307
   79.922197  250.143680    0.498212    2.850874
   79.923609  250.140074    0.425893    2.170542
   79.925022  250.136469    0.663365    4.404512
   79.926436  250.132862    0.330950    1.277373
   79.927851  250.129256    0.206104    0.435086
   79.929267  250.125647    0.596635    3.776756
   79.930684  250.122034    0.669481    4.462036
   79.932103  250.118416    0.392730    1.858545
   79.933524  250.114786    0.943981    7.044349
   79.934947  250.111147    0.499404    2.862059
   79.936371  250.107506    0.683734    4.596112
   79.937796  250.103865    0.392588    1.857194
   79.939222  250.100232    0.833883    6.008608
   79.940650  250.096605    0.616170    3.960502
   79.942078  250.092980    0.495093    2.821484
   79.943506  250.089358    0.620566    4.001847
   79.944935  250.085737    0.437948    2.283897
   79.946365  250.082117    0.477896    2.659699
   79.947794  250.078497    0.666574    4.434650
   79.949221  250.074875    0.498266    2.851324
   79.950646  250.071247    0.388962    1.823053
   79.952069  250.067614    0.559428    3.426686
   79.953490  250.063981    0.491990    2.792272
   79.954909  250.060346    0.428334    2.193431
   79.956328  250.056713    0.373219    1.674949
   79.957746  250.053082    0.503046    2.896269
   79.959163  250.049452    0.133675    0.282189
   79.960577  250.045821    0.413686    2.055627
   79.961989  250.042192    0.578282    3.604030
   79.963399  250.038564    0.518413    3.040825
   79.964807  250.034934    0.348730    1.444551
   79.966214  250.031304    0.452683    2.422473
   79.967621  250.027671    0.596519    3.775585
   79.969028  250.024036    0.587845    3.693985
   79.970436  250.020399    0.234951    0.495983
   79.971844  250.016757    0.255954    0.571767
   79.973253  250.013107    0.510424    2.965649
   79.974663  250.009452    0.456744    2.460657
   79.976075  250.005794    0.501438    2.881111
   79.977489  250.002135    0.584379    3.661361
   79.978905  249.998478    0.438629    2.290237
   79.980325  249.994822    0.539167    3.236036
   79.981746  249.991166    0.516112    3.019140
   79.983170  249.987508    0.304614    1.029511
   79.984596  249.983849    0.558387    3.416831
   79.986024  249.980188    0.353844    1.492624
   79.987453  249.976525    0.357661    1.528528
   79.988883  249.972858    0.563178    3.461896
   79.990311  249.969185    0.297679    0.964248
   79.991739  249.965507    0.222444    0.469581
   79.993167  249.961827    0.373890    1.681187
   79.994595  249.958146    0.672573    4.491002
   79.996024  249.954464    0.444477    2.345218
   79.997452  249.950782    0.478765    2.667775
   79.998879  249.947102    0.541087    3.254059
   80.000305  249.943427    0.484930    2.725770
   80.001729  249.939762    0.604805    3.853467
   80.003151  249.936104    0.394663    1.876585
   80.004571  249.932450    0.444209    2.342679
   80.005988  249.928797    0.413121    2.050229
   80.007400  249.925144    0.372140    1.664697
   80.008809  249.921488    0.263609    0.643710
   80.010216  249.917831    0.121279    0.256021
   80.011622  249.914172    0.232375    0.490545
   80.013029  249.910504    0.529592    3.145894
   80.014436  249.906832    0.888460    6.521883
   80.015844  249.903159    1.069591    8.225846
   80.017251  249.899488    0.306946    1.051384
   80.018658  249.895827    0.318514    1.160203
   80.020065  249.892173    0.257972    0.590663
   80.021473  249.888518    0.545136    3.292108
   80.022883  249.884861    0.392230    1.853673
   80.024295  249.881193    0.494746    2.818070
   80.025709  249.877516    0.582796    3.646384
   80.027125  249.873832    0.532280    3.171161
   80.028542  249.870142    0.468377    2.569998
   80.029961  249.866441    0.633845    4.126614
   80.031382  249.862732    0.548571    3.324406
   80.032804  249.859022    0.637762    4.163453
   80.034227  249.855313    0.371854    1.661969
   80.035652  249.851616    0.130128    0.274701
   80.037077  249.847928    0.314545    1.122835
   80.038504  249.844241    0.674428    4.508370
   80.039931  249.840554    0.544258    3.283818
   80.041359  249.836861    0.497519    2.844129
   80.042788  249.833163    0.533660    3.184113
   80.044215  249.829462    0.427923    2.189404
   80.045641  249.825760    0.432860    2.235848
   80.047063  249.822057    0.422477    2.138166
   80.048482  249.818352    0.625331    4.046481
   80.049899  249.814647    0.748373    5.203978
   80.051314  249.810944    0.868525    6.334285
   80.052728  249.807242    0.965545    7.246984
   80.054141  249.803543    1.191632    9.373857
   80.055554  249.799846    1.155942    9.038114
   80.056965  249.796151    1.606889   13.280316
   80.058376  249.792460    1.032386    7.875774
   80.059786  249.788773    0.590855    3.722141
   80.061196  249.785085    0.409651    2.017494
   80.062604  249.781395    0.430703    2.215533
   80.064011  249.777699    0.418375    2.099560
   80.065417  249.773998    0.395119    1.880779
   80.066823  249.770293    0.713853    4.879210
   80.068229  249.766585    0.352541    1.480230
   80.069637  249.762872    0.461039    2.500905
   80.071046  249.759156    0.458101    2.473264
   80.072456  249.755438    0.593283    3.744963
   80.073868  249.751720    0.558102    3.414006
   80.075281  249.748008    0.576697    3.588928
   80.078111  249.740590    0.079736    0.168322
   80.079529  249.736878    0.348164    1.439035
   80.080950  249.733160    0.513725    2.996523
   80.082373  249.729435    0.573068    3.554781
   80.083798  249.725705    0.510534    2.966502
   80.085224  249.721969    0.455205    2.446002
   80.086652  249.718219    0.296214    0.950314
   80.088081  249.714461    0.477833    2.658866
   80.089509  249.710701    0.527568    3.126738
   80.090938  249.706942    0.444045    2.341004
   80.092364  249.703194    0.609016    3.892936
   80.093789  249.699455    0.366070    1.607460
   80.095212  249.695720    0.494339    2.814122
   80.096634  249.691988    0.411416    2.034042
   80.098054  249.688258    0.483124    2.708617
   80.099472  249.684530    0.399522    1.922137
   80.100888  249.680802    0.405506    1.978434
   80.102303  249.677073    0.518225    3.038810
   80.103717  249.673337    0.485090    2.727099
   80.106540  249.665856    0.419146    2.106738
   80.107950  249.662116    0.350544    1.461376
   80.109356  249.658382    0.561642    3.447242
   80.110761  249.654652    0.402008    1.945503
   80.112165  249.650922    0.455966    2.453104
   80.114973  249.643457    0.522704    3.080925
   80.116379  249.639718    0.587908    3.694318
   80.117786  249.635979    0.208366    0.439862
   80.119193  249.632238    0.483866    2.715556
   80.120602  249.628501    0.638391    4.169227
   80.122011  249.624764    0.361992    1.569039
   80.123422  249.621025    0.660147    4.373884
   80.124833  249.617282    0.518063    3.037248
   80.126245  249.613530    0.470246    2.587419
   80.127658  249.609771    0.448316    2.381119
   80.130489  249.602245    0.540468    3.248028
   80.131908  249.598485    0.365639    1.603351
   80.133329  249.594726    0.509044    2.952410
   80.134751  249.590967    0.682359    4.582845
   80.136175  249.587207    0.480184    2.680914
   80.137601  249.583446    0.908660    6.711732
   80.139027  249.579684    0.517391    3.030926
   80.140453  249.575918    0.506847    2.931740
   80.141880  249.572149    0.621750    4.012665
   80.143304  249.568369    0.810866    5.791744
   80.144728  249.564584    0.793917    5.632299
   80.146150  249.560796    0.628218    4.073515
   80.147571  249.557008    0.275409    0.754524
   80.148989  249.553226    0.328039    1.249630
   80.150406  249.549448    0.606540    3.869582
   80.151820  249.545674    0.372434    1.667272
   80.153233  249.541902    0.641033    4.194068
   80.154644  249.538135    0.820219    5.879740
   80.156052  249.534371    0.366863    1.614864
   80.157459  249.530609    0.462921    2.518515
   80.158865  249.526849    0.713153    4.872535
   80.160267  249.523087    0.583475    3.652611
   80.161667  249.519324    0.498655    2.854680
   80.163067  249.515562    0.354323    1.496894
   80.164466  249.511798    0.337402    1.337721
   80.167268  249.504267    0.327291    1.242600
   80.168671  249.500501    0.699191    4.741188
   80.170076  249.496734    0.812162    5.803945
   80.171482  249.492970    0.435314    2.258807
   80.172890  249.489207    0.559404    3.426163
   80.174300  249.485440    0.450087    2.397789
   80.175712  249.481668    0.429232    2.201593
   80.177127  249.477884    0.526792    3.119375
   80.178544  249.474090    0.315107    1.127982
   80.179963  249.470289    0.182078    0.384368
   80.181383  249.466481    0.504277    2.907573
   80.182804  249.462663    0.503638    2.901556
   80.184225  249.458839    0.234133    0.494256
   80.185647  249.455014    0.456282    2.456064
   80.187070  249.451191    0.291748    0.908241
   80.188493  249.447379    0.496073    2.830393
   80.189917  249.443576    0.320295    1.176793
   80.191340  249.439776    0.348271    1.439968
   80.192763  249.435977    0.340097    1.363075
   80.194186  249.432176    0.430373    2.212330
   80.195607  249.428373    0.492881    2.800370
   80.197027  249.424569    0.518760    3.043824
   80.198444  249.420763    0.410673    2.027007
   80.199857  249.416952    0.433869    2.245220
   80.201265  249.413139    0.825281    5.927372
   80.202672  249.409326    0.459531    2.486636
   80.204077  249.405515    0.273524    0.736809
   80.205481  249.401713    0.520486    3.060063
   80.206884  249.397918    0.706120    4.806387
   80.208287  249.394124    0.607928    3.882657
   80.209690  249.390329    0.551455    3.351396
   80.211092  249.386529    0.444809    2.348145
   80.212495  249.382726    0.295835    0.946700
   80.213898  249.378919    0.073143    0.154405
   80.215301  249.375108    0.404854    1.972280
   80.216705  249.371290    0.511848    2.978809
   80.218110  249.367468    0.429404    2.203229
   80.219515  249.363644    0.676571    4.528411
   80.220922  249.359817    0.548691    3.325409
   80.223745  249.352164    0.818886    5.867224
   80.225160  249.348337    0.524475    3.097595
   80.226575  249.344510    0.351354    1.468988
   80.227991  249.340683    0.534173    3.188837
   80.229407  249.336856    0.410002    2.020714
   80.230825  249.333027    0.554297    3.378145
   80.232243  249.329195    0.702683    4.774065
   80.233662  249.325358    0.434838    2.254358
   80.235081  249.321515    0.450420    2.400946
   80.236501  249.317669    0.504436    2.909086
   80.237922  249.313821    0.579613    3.616302
   80.239342  249.309971    0.411071    2.030777
   80.240763  249.306120    0.348324    1.440489
   80.242183  249.302268    0.295372    0.942356
   80.243603  249.298418    0.011256    0.023761
   80.245020  249.294574    0.004550    0.009605
   80.246437  249.290733    0.000000    0.000000
   80.247851  249.286893    0.273634    0.737862
   80.249264  249.283052    0.279563    0.793644
   80.250674  249.279208    0.270428    0.707707
   80.252082  249.275361    0.333034    1.296662
   80.256298  249.263813    0.430036    2.209193
   80.257700  249.259962    0.302366    1.008166
   80.259101  249.256113    0.315654    1.133170
   80.260502  249.252267    0.279868    0.796520
   80.261902  249.248429    0.452273    2.418389
   80.263301  249.244597    0.478386    2.664051
   80.264701  249.240767    0.368900    1.634078
   80.266101  249.236937    0.362038    1.569526
   80.267504  249.233106    0.555827    3.392564
   80.268909  249.229271    0.550711    3.344436
   80.270315  249.225433    0.454614    2.440417
   80.271722  249.221589    0.464865    2.536857
   80.273130  249.217737    0.522750    3.081396
   80.274538  249.213876    0.445490    2.354587
   80.275949  249.210008    0.448989    2.387507
   80.277364  249.206133    0.365960    1.606430
   80.278787  249.202246    0.333296    1.299145
   80.280215  249.198350    0.373749    1.679703
   80.281645  249.194453    0.865765    6.308264
   80.283075  249.190556    0.530618    3.155424
   80.284500  249.186671    0.559546    3.427562
   80.285922  249.182794    0.616655    3.964809
   80.287341  249.178919    0.499586    2.863500
   80.288758  249.175042    0.574425    3.567533
   80.290173  249.171158    0.519091    3.046995
   80.291586  249.167268    0.463890    2.527697
   80.292997  249.163376    0.189111    0.399213
   80.294407  249.159483    0.301131    0.996570
   80.295819  249.155590    0.740466    5.129544
   80.297231  249.151698    0.977617    7.360509
   80.298641  249.147808    0.617871    3.976257
   80.300050  249.143920    0.367252    1.618604
   80.301455  249.140038    0.472710    2.610677
   80.302857  249.136161    1.082875    8.350709
   80.304258  249.132285    0.506886    2.932188
   80.305657  249.128409    0.481017    2.688833
   80.307056  249.124533    0.537635    3.221454
   80.308454  249.120654    0.304320    1.026584
   80.309852  249.116775    0.375155    1.692959
   80.311250  249.112893    0.392090    1.852273
   80.312649  249.109006    0.378906    1.728249
   80.314048  249.105115    0.441793    2.319849
   80.315448  249.101223    0.430082    2.209679
   80.316848  249.097332    0.351226    1.467856
   80.318249  249.093446    0.518223    3.038851
   80.319651  249.089563    0.577829    3.599591
   80.321054  249.085680    0.691321    4.667253
   80.322460  249.081797    0.458222    2.474408
   80.323871  249.077913    0.449010    2.387754
   80.325285  249.074027    0.366695    1.613384
   80.326702  249.070136    0.367948    1.625172
   80.328120  249.066240    0.294746    0.936540
   80.329539  249.062334    0.308021    1.061421
   80.330958  249.058420    0.425155    2.163344
   80.332378  249.054500    0.433017    2.237305
   80.333798  249.050575    0.390001    1.832638
   80.335217  249.046645    0.496630    2.835737
   80.338052  249.038774    0.412833    2.047434
   80.339469  249.034837    0.467984    2.566260
   80.340886  249.030901    0.686946    4.626114
   80.342302  249.026966    0.541986    3.262420
   80.343716  249.023034    0.943769    7.042134
   80.345127  249.019104    0.714475    4.885092
   80.346534  249.015181    0.620469    4.000746
   80.347937  249.011261    0.606754    3.871727
   80.349337  249.007345    0.259574    0.605692
   80.350736  249.003429    0.892016    6.555285
   80.352134  248.999513    0.353892    1.492977
   80.353532  248.995596    0.397951    1.907452
   80.354929  248.991679    0.151203    0.319190
   80.356325  248.987762    0.399982    1.926565
   80.357721  248.983843    0.364035    1.588404
   80.359115  248.979924    0.382767    1.764619
   80.360510  248.976005    0.411313    2.033165
   80.361906  248.972089    0.360649    1.556548
   80.363303  248.968180    0.267910    0.684130
   80.364702  248.964276    0.229023    0.483469
   80.366103  248.960371    0.442307    2.324739
   80.367507  248.956462    0.502999    2.895689
   80.368913  248.952542    0.232514    0.490837
   80.370322  248.948613    0.310256    1.082490
   80.371733  248.944679    0.347253    1.430534
   80.373146  248.940740    0.317233    1.148128
   80.374560  248.936797    0.316035    1.136864
   80.375976  248.932852    0.394490    1.874917
   80.377394  248.928904    0.393257    1.863319
   80.378812  248.924953    0.205426    0.433655
   80.380231  248.921000    0.528937    3.139704
   80.381650  248.917044    0.468168    2.568031
   80.383070  248.913087    0.269629    0.700309
   80.384488  248.909130    0.225148    0.475288
   80.385905  248.905175    0.637769    4.163527
   80.387321  248.901220    0.393121    1.862043
   80.388734  248.897264    0.808580    5.770401
   80.390146  248.893308    0.434495    2.251265
   80.391554  248.889348    0.373952    1.681713
   80.392960  248.885385    0.468735    2.573369
   80.394364  248.881420    0.691009    4.664380
   80.395766  248.877455    0.348836    1.445445
   80.397168  248.873486    0.190818    0.402816
   80.398569  248.869516    0.308306    1.064161
   80.401369  248.861579    0.391889    1.850457
   80.402766  248.857619    0.441048    2.312917
   80.404164  248.853665    0.380175    1.740268
   80.405560  248.849712    0.644816    4.229836
   80.406957  248.845759    0.560806    3.439529
   80.408353  248.841801    0.538085    3.225780
   80.409749  248.837841    0.208627    0.440412
   80.413946  248.825945    0.507240    2.935617
   80.415350  248.821975    0.332594    1.292662
   80.416756  248.818004    0.000000    0.000000
   80.418164  248.814032    0.546495    3.304904
   80.419572  248.810063    0.520452    3.059914
   80.420982  248.806094    0.456764    2.460778
   80.422393  248.802124    0.289762    0.889732
   80.423805  248.798151    0.461553    2.505832
   80.425219  248.794172    0.343708    1.397224
   80.426633  248.790188    0.071401    0.150728
   80.428048  248.786200    0.374262    1.684661
   80.429463  248.782209    0.277847    0.777649
   80.430878  248.778212    0.378178    1.721504
   80.432293  248.774212    0.367233    1.618535
   80.433707  248.770211    0.313443    1.112520
   80.435119  248.766209    0.704455    4.790907
   80.436528  248.762212    0.721196    4.948393
   80.437934  248.758219    0.373571    1.678170
   80.439339  248.754224    0.766444    5.374057
   80.440744  248.750227    0.384184    1.778013
   80.442148  248.746221    0.370080    1.645339
   80.443553  248.742209    0.085440    0.180363
   80.444957  248.738195    0.397966    1.907678
   80.446360  248.734181    0.580492    3.624761
   80.447759  248.730168    0.606440    3.868871
   80.449157  248.726158    0.391327    1.845235
   80.450552  248.722149    0.419159    2.107062
   80.451947  248.718144    0.154118    0.325344
   80.453342  248.714146    0.456086    2.454456
   80.454737  248.710152    0.396666    1.895477
   80.456131  248.706161    0.208555    0.440260
   80.458920  248.698179    0.583969    3.657512
   80.460314  248.694186    0.231781    0.489291
   80.461710  248.690191    0.071225    0.150355
   80.463107  248.686193    0.430499    2.213779
   80.464508  248.682190    0.525631    3.108723
   80.465911  248.678181    0.467073    2.557850
   80.467317  248.674168    0.413309    2.052086
   80.468725  248.670151    0.738519    5.111451
   80.470135  248.666131    0.765806    5.368146
   80.471548  248.662107    0.501073    2.877717
   80.472963  248.658079    0.400608    1.932618
   80.474379  248.654047    0.370435    1.648768
   80.475796  248.650010    0.671478    4.480793
   80.477215  248.645968    0.311077    1.090376
   80.478634  248.641926    0.361689    1.566506
   80.480052  248.637885    0.307061    1.052608
   80.481467  248.633853    0.477165    2.652837
   80.482880  248.629826    0.676958    4.532363
   80.484292  248.625799    0.640233    4.186884
   80.485702  248.621771    0.224872    0.474704
   80.487111  248.617735    0.324083    1.212762
   80.488519  248.613693    0.761168    5.324568
   80.489924  248.609648    0.354142    1.495543
   80.491329  248.605602    0.363344    1.582113
   80.492730  248.601556    0.423480    2.147837
   80.494129  248.597509    0.308537    1.066534
   80.495526  248.593463    0.294926    0.938501
   80.496922  248.589417    0.103439    0.218360
   80.498316  248.585371    0.418321    2.099329
   80.499709  248.581326    0.477732    2.658226
   80.501102  248.577282    0.401284    1.939061
   80.502495  248.573239    0.597738    3.787181
   80.503889  248.569199    0.428362    2.193800
   80.505284  248.565160    0.401578    1.941844
   80.506679  248.561122    0.381558    1.753510
   80.508074  248.557084    0.670234    4.469187
   80.509471  248.553046    0.599159    3.800569
   80.510868  248.549006    0.414432    2.062787
   80.512266  248.544965    0.294100    0.930783
   80.513667  248.540921    0.149802    0.316232
   80.515070  248.536874    0.410960    2.030132
   80.516476  248.532823    0.395469    1.884412
   80.517884  248.528769    0.467447    2.561534
   80.519293  248.524711    0.588383    3.699223
   80.520704  248.520650    0.507639    2.939648
   80.522116  248.516584    0.461410    2.504755
   80.523529  248.512516    0.414254    2.061150
   80.524943  248.508445    0.366472    1.611654
   80.526358  248.504372    0.314773    1.125307
   80.527772  248.500297    0.332203    1.289277
   80.529186  248.496219    0.333769    1.304016
   80.530600  248.492137    0.433874    2.245745
   80.532012  248.488047    0.407030    1.993216
   80.533424  248.483953    0.349129    1.448530
   80.534833  248.479857    0.420031    2.115532
   80.537647  248.471668    0.329807    1.266774
   80.539050  248.467579    0.553331    3.369544
   80.540450  248.463492    0.486931    2.744902
   80.541849  248.459408    0.445104    2.351429
   80.543246  248.455327    0.511107    2.972344
   80.544640  248.451250    0.638884    4.174392
   80.546033  248.447173    0.183492    0.387353
   80.547424  248.443096    0.296547    0.953915
   80.548815  248.439013    0.257368    0.585353
   80.550206  248.434927    0.733032    5.060094
   80.551596  248.430840    0.191500    0.404258
   80.552987  248.426754    0.155370    0.327987
   80.554377  248.422671    0.348819    1.445689
   80.557160  248.414512    0.564932    3.478745
   80.558555  248.410432    0.371316    1.657339
   80.559952  248.406350    0.597079    3.781170
   80.561353  248.402265    0.575842    3.581391
   80.562756  248.398178    0.351286    1.468920
   80.564162  248.394091    0.296913    0.957421
   80.565570  248.390003    0.935050    6.960602
   80.566980  248.385915    0.396730    1.896441
   80.568392  248.381824    0.300575    0.991888
   80.569804  248.377731    0.526081    3.113302
   80.571216  248.373631    0.520121    3.057235
   80.572628  248.369528    0.344885    1.408741
   80.574040  248.365423    0.359802    1.549076
   80.575452  248.361318    0.763487    5.346681
   80.576865  248.357215    0.502297    2.889583
   80.578278  248.353114    0.563315    3.463599
   80.579690  248.349012    0.455797    2.452153
   80.582506  248.340805    0.372321    1.666875
   80.583908  248.336699    0.539943    3.243756
   80.585307  248.332591    0.505155    2.916497
   80.586705  248.328482    0.756694    5.282813
   80.588102  248.324374    0.472705    2.611239
   80.589498  248.320264    0.408749    2.009585
   80.590894  248.316151    0.529839    3.148728
   80.592289  248.312034    0.419733    2.112931
   80.593682  248.307908    0.767698    5.386355
   80.595075  248.303774    0.387584    1.810500
   80.596467  248.299636    0.485849    2.734919
   80.597859  248.295497    0.466185    2.549944
   80.599249  248.291359    0.427134    2.182578
   80.600639  248.287223    0.401337    1.939908
   80.602029  248.283088    0.626123    4.054547
   80.603421  248.278953    0.708948    4.833715
   80.604815  248.274822    0.598967    3.799090
   80.606213  248.270693    0.462049    2.511062
   80.607612  248.266565    0.737786    5.105022
   80.609012  248.262436    0.821709    5.894522
   80.610414  248.258305    0.421750    2.131978
   80.611816  248.254172    0.369536    1.640782
   80.613220  248.250038    0.242271    0.511435
   80.614625  248.245903    0.880268    6.445420
   80.616032  248.241769    0.731846    5.049172
   80.617439  248.237635    0.732389    5.054289
   80.618848  248.233498    0.435005    2.256699
   80.620257  248.229357    0.395326    1.883435
   80.621666  248.225205    0.474855    2.631593
   80.623075  248.221046    0.531878    3.168033
   80.624485  248.216884    0.355453    1.508344
   80.625893  248.212721    0.725591    4.990363
   80.627300  248.208560    0.249245    0.526157
   80.630108  248.200244    0.504780    2.913137
   80.631511  248.196086    0.573022    3.555116
   80.632913  248.191926    0.602225    3.829849
   80.634313  248.187766    0.260586    0.615935
   80.635712  248.183605    0.583408    3.652839
   80.637109  248.179443    0.488274    2.757889
   80.638503  248.175282    0.474770    2.630856
   80.639895  248.171120    0.367231    1.619207
   80.641285  248.166959    0.644545    4.228002
   80.642673  248.162797    0.383760    1.774705
   80.644061  248.158636    0.495340    2.824388
   80.645447  248.154475    0.657809    4.352790
   80.646834  248.150314    0.602314    3.830734
   80.648221  248.146152    0.696251    4.714440
   80.649610  248.141989    0.376255    1.704135
   80.651001  248.137826    0.574678    3.570771
   80.652393  248.133662    0.721690    4.953761
   80.653787  248.129498    0.452850    2.424701
   80.655181  248.125336    0.560825    3.440459
   80.656576  248.121174    0.307468    1.057050
   80.657973  248.117010    0.784780    5.547296
   80.659372  248.112845    0.578289    3.604768
   80.660774  248.108677    0.388050    1.815127
   80.662179  248.104505    0.481718    2.696303
   80.663585  248.100329    0.419899    2.114748
   80.664993  248.096147    0.492941    2.801882
   80.666401  248.091954    0.412539    2.045518
   80.667810  248.087753    0.468460    2.571592
   80.669219  248.083548    0.416338    2.081268
   80.670627  248.079342    0.450201    2.399831
   80.672035  248.075140    0.568455    3.512295
   80.673441  248.070941    0.327459    1.245166
   80.674847  248.066743    0.445893    2.359323
   80.676250  248.062546    0.419989    2.115643
   80.677652  248.058350    0.201057    0.424431
   80.679052  248.054156    0.266858    0.675097
   80.680450  248.049961    0.420096    2.116661
   80.681845  248.045766    0.155788    0.328868
   80.683237  248.041566    0.058168    0.122792
   80.684626  248.037364    0.451639    2.413411
   80.686013  248.033161    0.415051    2.069222
   80.687399  248.028957    0.428033    2.191355
   80.688785  248.024755    0.401776    1.944349
   80.690169  248.020552    0.656728    4.342770
   80.691554  248.016349    0.419896    2.114819
   80.692940  248.012146    0.399152    1.919683
   80.694328  248.007941    0.551058    3.348717
   80.695718  248.003734    1.077497    8.301111
   80.697109  247.999526    0.530492    3.155259
   80.698502  247.995317    0.564054    3.470984
   80.699895  247.991107    0.505588    2.920985
   80.701288  247.986897    0.395840    1.888552
   80.704080  247.978466    0.362019    1.570397
   80.705478  247.974241    0.504436    2.910168
   80.706878  247.970010    0.487594    2.751737
   80.708280  247.965777    0.425056    2.163422
   80.709682  247.961543    0.739318    5.119792
   80.711086  247.957310    0.484713    2.724649
   80.712491  247.953080    0.442591    2.328391
   80.713897  247.948850    0.375772    1.699812
   80.715303  247.944622    0.267328    0.679649
   80.716710  247.940399    0.462355    2.514334
   80.718118  247.936177    0.413621    2.055881
   80.719525  247.931954    0.301729    1.003283
   80.722337  247.923484    0.080832    0.170636
   80.723741  247.919232    0.186727    0.394182
   80.725142  247.914980    0.093903    0.198229
   80.726542  247.910731    0.007284    0.015377
   80.727939  247.906500    0.428549    2.196352
   80.729332  247.902282    0.513029    2.991088
   80.730724  247.898069    0.483207    2.710548
   80.733500  247.889637    0.137910    0.291128
   80.734886  247.885414    0.028072    0.059260
   80.736270  247.881187    0.078380    0.165460
   80.737653  247.876957    0.041685    0.087996
   80.739037  247.872721    0.296352    0.952768
   80.740420  247.868481    0.085640    0.180786
   80.743190  247.859991    0.000000    0.000000
   80.744575  247.855742    0.056095    0.118418
   80.747351  247.847236    0.173348    0.365938
   80.748742  247.842977    0.342629    1.388156
   80.750137  247.838713    0.240534    0.507767
   80.751535  247.834443    0.381117    1.750234
   80.752935  247.830170    0.355770    1.511788
   80.754336  247.825894    0.414769    2.066819
   80.755739  247.821615    0.419060    2.107198
   80.757143  247.817333    0.384309    1.780286
   80.758548  247.813051    1.222521    9.665637
   80.759954  247.808768    0.401709    1.943988
   80.761360  247.804485    1.371288   11.065159
   80.762766  247.800203    0.311497    1.095351
   80.764172  247.795922    0.569857    3.525843
   80.765577  247.791642    0.493717    2.809568
   80.766983  247.787364    0.569726    3.524620
   80.768388  247.783088    0.381010    1.749313
   80.769792  247.778815    0.535701    3.204550
   80.771193  247.774547    0.476915    2.651544
   80.772590  247.770291    0.331017    1.279040
   80.773982  247.766041    0.598620    3.796476
   80.775372  247.761793    0.777270    5.477106
   80.776761  247.757543    0.882975    6.471522
   80.778148  247.753282    0.424583    2.159281
   80.779534  247.749013    0.480317    2.683589
   80.780919  247.744742    0.341050    1.373467
   80.782303  247.740469    0.450903    2.406900
   80.783688  247.736199    0.351545    1.472220
   80.785073  247.731931    0.329704    1.266756
   80.786457  247.727662    0.538195    3.228119
   80.787842  247.723389    0.403755    1.963403
   80.789227  247.719113    0.326205    1.233871
   80.790612  247.714832    0.332492    1.293021
   80.791998  247.710544    0.539182    3.237430
   80.793385  247.706249    0.366499    1.612950
   80.794776  247.701941    0.413222    2.052505
   80.796168  247.697622    0.317087    1.148140
   80.797563  247.693298    0.259117    0.602802
   80.798958  247.688970    0.247516    0.522506
   80.800355  247.684642    0.332546    1.293592
   80.803151  247.675989    0.342959    1.391567
   80.804550  247.671666    0.454097    2.437086
   80.805951  247.667350    0.872530    6.373435
   80.807352  247.663040    0.692305    4.678005
   80.808754  247.658731    0.266442    0.671781
   80.810157  247.654421    0.323757    1.210963
   80.811561  247.650107    0.350543    1.462962
   80.812965  247.645790    0.000000    0.000000
   80.814368  247.641470    0.313797    1.117292
   80.815771  247.637147    0.519247    3.050037
   80.817171  247.632817    0.562101    3.453192
   80.818571  247.628484    0.351833    1.475135
   80.819968  247.624151    0.436416    2.270850
   80.821364  247.619818    0.634984    4.138848
   80.822757  247.615493    0.604583    3.852872
   80.824148  247.611172    0.595756    3.769835
   80.825537  247.606854    0.653157    4.309834
   80.826925  247.602538    0.641049    4.195942
   80.828311  247.598222    0.537657    3.223311
   80.829696  247.593907    0.602723    3.835411
   80.831079  247.589592    0.499627    2.865563
   80.832462  247.585277    0.298123    0.969960
   80.836600  247.572331    0.448011    2.380033
   80.837979  247.568008    0.369481    1.641278
   80.839359  247.563673    0.323873    1.212243
   80.840741  247.559329    0.473979    2.624347
   80.842124  247.554980    0.416966    2.088014
   80.843509  247.550628    0.479225    2.673715
   80.844896  247.546279    0.511288    2.975353
   80.846287  247.541931    0.368725    1.634226
   80.847679  247.537579    0.391313    1.846724
   80.849073  247.533220    0.259169    0.603608
   80.850470  247.528847    0.494172    2.814371
   80.851869  247.524464    0.619064    3.989283
   80.853270  247.520076    1.081141    8.336207
   80.854672  247.515687    0.191466    0.404185
   80.856075  247.511301    0.291659    0.909301
   80.857479  247.506919    0.471660    2.602637
   80.858883  247.502539    0.391489    1.848453
   80.860287  247.498163    0.379976    1.740150
   80.861691  247.493793    0.402388    1.951003
   80.863092  247.489428    0.639998    4.186285
   80.864493  247.485065    0.408263    2.006281
   80.865892  247.480702    0.525020    3.104666
   80.867287  247.476336    0.519124    3.049209
   80.868680  247.471967    0.203130    0.428808
   80.870071  247.467598    0.489919    2.774483
   80.871459  247.463230    0.551578    3.354544
   80.872845  247.458862    0.710912    4.853464
   80.874229  247.454496    0.477969    2.662098
   80.875612  247.450134    0.838189    6.050815
   80.876992  247.445777    0.684136    4.601593
   80.878372  247.441435    0.464594    2.536303
   80.879751  247.437102    0.385803    1.795094
   80.881129  247.432771    0.503054    2.898124
   80.882507  247.428436    0.413818    2.058657
   80.883887  247.424089    0.652367    4.302781
   80.885267  247.419732    0.264552    0.654477
   80.886648  247.415366    0.213766    0.451261
   80.888030  247.410993    0.524571    3.100582
   80.889413  247.406609    1.016629    7.729549
   80.890797  247.402217    0.619072    3.989610
   80.892184  247.397819    0.442045    2.324260
   80.893572  247.393417    0.316644    1.144588
   80.894964  247.389018    0.299793    0.986072
   80.896359  247.384619    0.439681    2.302056
   80.897757  247.380218    0.434639    2.254627
   80.899156  247.375816    0.428485    2.196743
   80.900558  247.371409    0.603283    3.841135
   80.901962  247.367000    0.775211    5.458533
   80.903366  247.362589    0.580082    3.622894
   80.904771  247.358177    0.392511    1.858364
   80.906175  247.353764    0.396877    1.899445
   80.907578  247.349352    0.629231    4.085282
   80.908979  247.344939    0.498710    2.857440
   80.910380  247.340528    0.752972    5.249372
   80.911777  247.336119    0.430711    2.217766
   80.913173  247.331712    0.683619    4.596961
   80.914566  247.327307    0.666226    4.433355
   80.915958  247.322904    0.445408    2.356053
   80.917347  247.318504    0.458525    2.479454
   80.918734  247.314107    0.389426    1.829430
   80.920120  247.309713    0.423543    2.150379
   80.921503  247.305322    0.499699    2.866813
   80.922883  247.300941    0.611698    3.920435
   80.924261  247.296564    0.627448    4.068608
   80.925637  247.292187    0.468813    2.576287
   80.927012  247.287806    0.379928    1.740124
   80.928387  247.283415    0.719887    4.938239
   80.929762  247.279013    0.475429    2.638551
   80.931137  247.274608    0.385521    1.792766
   80.932513  247.270199    0.412226    2.043995
   80.933889  247.265792    0.481368    2.694446
   80.935267  247.261384    0.401173    1.940030
   80.936647  247.256972    0.413629    2.057218
   80.938030  247.252555    0.418818    2.106040
   80.939418  247.248128    0.631299    4.104932
   80.940811  247.243692    0.420641    2.123207
   80.942206  247.239249    0.543834    3.282134
   80.943604  247.234798    0.177661    0.375044
   80.945002  247.230337    0.089998    0.189986
   80.946401  247.225869    0.329519    1.266032
   80.947800  247.221397    0.531905    3.169946
   80.949200  247.216923    0.360342    1.556009
   80.950599  247.212450    0.402916    1.956525
   80.951998  247.207978    0.367979    1.627869
   80.953397  247.203508    0.336036    1.327377
   80.954796  247.199040    0.461490    2.507576
   80.956196  247.194574    0.599577    3.806618
   80.957596  247.190111    0.161539    0.341009
   80.958994  247.185653    0.492500    2.799318
   80.960391  247.181199    0.512268    2.985296
   80.961784  247.176757    0.443618    2.339485
   80.963173  247.172323    0.401857    1.946636
   80.964559  247.167891    0.421349    2.130012
   80.965942  247.163460    0.260881    0.620446
   80.967324  247.159022    0.384290    1.781402
   80.968703  247.154578    0.367330    1.621862
   80.970080  247.150133    0.438852    2.294706
   80.971456  247.145688    0.599597    3.806893
   80.972832  247.141246    0.516759    3.027623
   80.974206  247.136805    0.570055    3.529007
   80.975580  247.132364    0.393031    1.863687
   80.976955  247.127923    0.379374    1.735223
   80.978329  247.123484    0.359870    1.551747
   80.979705  247.119044    0.436071    2.268609
   80.981082  247.114600    0.445024    2.352834
   80.982460  247.110152    0.364342    1.593843
   80.983842  247.105692    0.309173    1.074856
   80.985227  247.101223    0.351574    1.473751
   80.986613  247.096748    0.437478    2.281889
   80.988002  247.092269    0.317306    1.151394
   80.989392  247.087789    0.574408    3.570047
   80.990784  247.083307    0.534873    3.198143
   80.992177  247.078820    0.426806    2.181524
   80.993571  247.074327    0.389287    1.828579
   80.994966  247.069823    0.313638    1.116929
   80.996360  247.065312    0.329987    1.270740
   80.997755  247.060797    0.425716    2.171310
   80.999151  247.056279    0.665084    4.423134
   81.000548  247.051761    0.367496    1.623626
   81.001946  247.047245    0.290914    0.903204
   81.003343  247.042731    0.348510    1.445040
   81.004740  247.038219    0.286341    0.860201
   81.006135  247.033718    0.491298    2.788312
   81.007529  247.029222    0.398876    1.918872
   81.014476  247.006771    0.273201    0.736653
   81.015860  247.002278    0.551793    3.357466
   81.017240  246.997775    0.432490    2.235158
   81.018617  246.993266    0.336007    1.327514
   81.019992  246.988759    0.457662    2.471975
   81.021366  246.984256    0.926207    6.879744
   81.022738  246.979767    0.309892    1.081875
   81.025481  246.970815    0.475606    2.640820
   81.026853  246.966343    0.495219    2.825335
   81.028225  246.961872    0.905737    6.687224
   81.029599  246.957400    0.798710    5.680396
   81.036491  246.934891    0.247927    0.523375
   81.037876  246.930355    0.106545    0.224916
   81.039265  246.925807    0.399542    1.925348
   81.040657  246.921252    0.311988    1.101707
   81.042051  246.916691    0.267040    0.678873
   81.043447  246.912128    0.349153    1.451354
   81.046246  246.903005    0.427251    2.186067
   81.047646  246.898446    0.662951    4.403384
   81.049046  246.893889    0.484387    2.723583
   81.050444  246.889337    0.308658    1.070444
   81.051840  246.884789    0.264604    0.656021
   81.053234  246.880242    0.260896    0.621153
   81.054626  246.875695    0.206361    0.435629
   81.056017  246.871142    0.352997    1.487594
   81.057406  246.866587    0.266752    0.676267
   81.058793  246.862031    0.691711    4.674014
   81.061560  246.852928    0.412137    2.043981
   81.062939  246.848383    0.185004    0.390544
   81.064316  246.843843    0.104527    0.220658
   81.065692  246.839309    0.390604    1.841445
   81.067066  246.834790    0.256776    0.582484
   81.068438  246.830280    0.602956    3.839127
   81.069811  246.825769    0.261990    0.631561
   81.071182  246.821253    0.356105    1.516945
   81.072555  246.816713    0.469672    2.585314
   81.073929  246.812157    0.446675    2.368992
   81.075303  246.807593    0.376019    1.704321
   81.076677  246.803025    0.607360    3.880637
   81.078051  246.798459    0.461671    2.510099
   81.079424  246.793894    0.592847    3.744133
   81.080800  246.789329    0.778442    5.490098
   81.082177  246.784763    0.525130    3.107119
   81.083559  246.780200    0.523309    3.089995
   81.084945  246.775636    0.491912    2.794651
   81.086333  246.771069    0.412547    2.048048
   81.087723  246.766497    0.441726    2.322559
   81.089114  246.761913    0.399412    1.924504
   81.090506  246.757319    0.341899    1.383474
   81.093291  246.748110    0.396328    1.895528
   81.094686  246.743490    0.353108    1.488962
   81.096080  246.738864    0.526535    3.120456
   81.097475  246.734238    0.245156    0.517525
   81.098868  246.729616    0.290309    0.898219
   81.103038  246.715838    0.413975    2.061625
   84.197848  135.418400    0.326357    1.888786
   84.196719  135.407738    0.221500    0.902518
   84.195590  135.397083    0.353011    2.139840
   84.194461  135.386441    0.339555    2.013409
   84.193334  135.375824    0.389009    2.478794
   84.192208  135.365226    0.301505    1.655773
   84.191082  135.354641    0.353266    2.142860
   84.189956  135.344067    0.423177    2.800692
   84.188828  135.333497    0.366588    2.268494
   84.187700  135.322935    0.359719    2.204038
   84.186572  135.312382    0.263301    1.297158
   84.185444  135.301840    0.361354    2.219730
   84.184316  135.291310    0.489904    3.429202
   84.183188  135.280792    0.404908    2.629763
   84.182061  135.270285    0.349144    2.105336
   84.180933  135.259791    0.448253    3.037843
   84.179805  135.249318    0.410515    2.682980
   84.178677  135.238858    0.469679    3.239710
   84.177549  135.228402    0.188881    0.598306
   84.176420  135.217946    0.165122    0.374952
   84.175291  135.207470    0.191991    0.627870
   84.174161  135.196985    0.190813    0.616945
   84.173030  135.186498    0.188448    0.594854
   84.171900  135.176013    0.228837    0.974961
   84.170771  135.165546    0.290265    1.552992
   84.169642  135.155088    0.263726    1.303488
   84.168512  135.144628    0.317573    1.810200
   84.167382  135.134162    0.288364    1.535575
   84.166249  135.123677    0.300461    1.649530
   84.165116  135.113176    0.219484    0.887917
   84.163981  135.102667    0.178058    0.498365
   84.162847  135.092150    0.229316    0.980716
   84.161713  135.081622    0.271141    1.374340
   84.160581  135.071089    0.156889    0.331193
   84.159448  135.060556    0.432297    2.890705
   84.158315  135.050027    0.544789    3.949110
   84.157181  135.039511    0.302922    1.673940
   84.156046  135.029005    0.334716    1.973194
   84.154911  135.018509    0.244843    1.127887
   84.153777  135.008025    0.241589    1.097430
   84.152643  134.997554    0.455439    3.109347
   84.151510  134.987097    0.323337    1.866774
   84.150377  134.976650    0.333265    1.960329
   84.149243  134.966215    0.385224    2.449284
   84.148108  134.955786    0.309215    1.734410
   84.146972  134.945368    0.318723    1.824013
   84.145836  134.934961    0.318295    1.820140
   84.144700  134.924567    0.379705    2.398004
   84.143564  134.914194    0.308863    1.731734
   84.142429  134.903836    0.325706    1.890337
   84.140158  134.883143    0.311347    1.755577
   84.139023  134.872794    0.274108    1.405416
   84.137887  134.862444    0.266919    1.337948
   84.136751  134.852096    0.351514    2.133921
   84.135615  134.841753    0.321503    1.851754
   84.134480  134.831424    0.189539    0.610481
   84.133345  134.821102    0.349541    2.115836
   84.129938  134.790101    0.469494    3.244748
   84.128801  134.779740    0.221564    0.912549
   84.127664  134.769376    0.302073    1.670078
   84.126527  134.759013    0.353721    2.156109
   84.125390  134.748664    0.276560    1.430387
   84.124253  134.738325    0.195164    0.664832
   84.123115  134.727988    0.314691    1.789419
   84.121977  134.717653    0.288106    1.539483
   84.120839  134.707320    0.302216    1.672383
   84.119701  134.696985    0.212596    0.829452
   84.118562  134.686648    0.309841    1.744437
   84.117423  134.676308    0.299775    1.649900
   84.116283  134.665951    0.271124    1.380530
   84.115142  134.655588    0.232811    1.020262
   84.114002  134.645228    0.206305    0.771075
   84.112862  134.634877    0.186446    0.584413
   84.111723  134.624549    0.144605    0.305262
   84.110585  134.614238    0.168356    0.414551
   84.109446  134.603940    0.078008    0.164674
   84.108306  134.593652    0.288420    1.544359
   84.107164  134.583373    0.190646    0.624724
   84.106020  134.573102    0.111354    0.235068
   84.104876  134.562838    0.056099    0.118426
   84.103731  134.552583    0.331684    1.951993
   84.101444  134.532083    0.504242    3.575622
   84.100301  134.521847    0.448592    3.052269
   84.099158  134.511626    0.339691    2.027961
   84.098017  134.501436    0.279775    1.464465
   84.095737  134.481099    0.346252    2.090157
   84.094596  134.470932    0.288950    1.551254
   84.093454  134.460744    0.099400    0.209833
   84.084308  134.379087    0.199442    0.710665
   84.083163  134.368866    0.204218    0.755747
   84.082018  134.358642    0.036096    0.076198
   84.080872  134.348415    0.322101    1.865039
   84.079724  134.338178    0.258841    1.270087
   84.078574  134.327940    0.630780    4.769202
   84.077423  134.317706    0.169609    0.430970
   84.076273  134.307481    0.278506    1.455564
   84.073979  134.287096    0.040980    0.086510
   84.065956  134.215969    0.486561    3.414252
   84.064814  134.205869    0.397468    2.576281
   84.063671  134.195783    0.328645    1.929001
   84.062527  134.185707    0.402526    2.624182
   84.061381  134.175640    0.295281    1.615452
   84.060234  134.165577    0.340344    2.039535
   84.059085  134.155516    0.298216    1.643381
   84.057937  134.145455    0.328927    1.932452
   84.056789  134.135385    0.561357    4.119153
   84.055641  134.125309    0.342546    2.060890
   84.054493  134.115228    0.361115    2.235731
   84.053345  134.105141    0.242872    1.123543
   84.052196  134.095044    0.352551    2.155486
   84.051047  134.084940    0.472584    3.284842
   84.049898  134.074833    0.718850    5.601704
   84.048748  134.064726    0.370158    2.321608
   84.047595  134.054622    0.269476    1.374614
   84.046442  134.044522    0.462444    3.190090
   84.045289  134.034423    0.292926    1.595540
   84.044135  134.024329    0.356574    2.194459
   84.042982  134.014236    0.391360    2.521862
   84.041829  134.004146    0.198757    0.710141
   84.040676  133.994063    0.142920    0.301704
   84.039525  133.983988    0.359902    2.226403
   84.038374  133.973931    0.266167    1.344769
   84.037224  133.963885    0.343037    2.068076
   84.036075  133.953841    0.468934    3.252591
   84.034925  133.943798    0.338395    2.024724
   84.033775  133.933732    0.441735    2.997041
   84.032623  133.923658    0.363096    2.257413
   84.031472  133.913589    0.361392    2.241542
   84.030320  133.903531    0.429336    2.880877
   84.029168  133.893507    0.433097    2.916418
   84.028016  133.883505    0.423416    2.825511
   84.026863  133.873515    0.355203    2.183964
   84.025711  133.863533    0.370996    2.332700
   84.024558  133.853546    0.315947    1.814987
   84.023404  133.843560    0.492821    3.479064
   84.022251  133.833578    0.339676    2.038542
   84.021097  133.823601    0.338745    2.029936
   84.019942  133.813630    0.298493    1.651437
   84.018787  133.803665    0.277461    1.453742
   84.017631  133.793705    0.354724    2.180738
   84.016475  133.783749    0.457788    3.150460
   84.015319  133.773799    0.200845    0.733474
   84.014161  133.763852    0.304540    1.709123
   84.013004  133.753905    0.219641    0.910607
   84.011846  133.743956    0.142276    0.300345
   84.010689  133.733998    0.104586    0.220782
   84.008374  133.714068    0.300488    1.671812
   84.003736  133.674178    0.210142    0.822542
   84.002576  133.664211    0.035230    0.074371
   84.001418  133.654262    0.074689    0.157669
   83.996789  133.614519    0.636294    4.832455
   83.995631  133.604574    0.271165    1.397725
   83.994473  133.594635    0.413138    2.733469
   83.993316  133.584705    0.435866    2.947436
   83.992162  133.574796    0.337415    2.021440
   83.991010  133.564904    0.406301    2.669628
   83.989858  133.555023    0.301829    1.686982
   83.988705  133.545154    0.126629    0.267314
   83.987551  133.535298    0.400868    2.619002
   83.986395  133.525452    0.394422    2.558522
   83.985237  133.515611    0.275860    1.443322
   83.984079  133.505775    0.352056    2.160282
   83.982920  133.495934    0.293439    1.609012
   83.981759  133.486091    0.174500    0.490272
   83.980598  133.476251    0.101572    0.214418
   83.974788  133.427148    0.222442    0.942239
   83.973623  133.417297    0.215403    0.876186
   83.972457  133.407431    0.254619    1.245258
   83.971290  133.397561    0.316862    1.830966
   83.970124  133.387692    0.125751    0.265462
   83.968959  133.377840    0.146452    0.309161
   83.967795  133.367999    0.028898    0.061004
   83.964304  133.338526    0.089163    0.188224
   83.963140  133.328719    0.295910    1.634980
   83.961976  133.318914    0.077143    0.162849
   83.960813  133.309110    0.304891    1.719792
   83.959651  133.299299    0.416346    2.768445
   83.958490  133.289483    0.553849    4.062145
   83.957330  133.279668    0.221000    0.931078
   83.956169  133.269854    0.321786    1.879365
   83.955008  133.260042    0.231531    1.030464
   83.953846  133.250234    0.206577    0.795876
   83.952683  133.240432    0.392527    2.545334
   83.951521  133.230639    0.435172    2.946668
   83.950358  133.220860    0.458498    3.166264
   83.949195  133.211094    0.266337    1.358706
   83.948032  133.201340    0.343078    2.080786
   83.946868  133.191597    0.289897    1.580653
   83.945704  133.181871    0.328350    1.942560
   83.944540  133.172158    0.409228    2.703567
   83.943376  133.162453    0.325080    1.912118
   83.942212  133.152756    0.251823    1.223120
   83.941048  133.143061    0.303417    1.708646
   83.939885  133.133370    0.394903    2.569443
   83.938722  133.123681    0.398317    2.601724
   83.937558  133.113994    0.266563    1.362426
   83.936393  133.104306    0.297925    1.657616
   83.935226  133.094617    0.362899    2.269009
   83.934059  133.084927    0.176809    0.518559
   83.930550  133.055848    0.606529    4.561564
   83.925861  133.017045    0.447266    3.063962
   83.924688  133.007340    0.345605    2.107769
   83.923514  132.997633    0.408690    2.701392
   83.922340  132.987917    0.205900    0.793837
   83.921165  132.978199    0.356319    2.209043
   83.919991  132.968486    0.282493    1.514697
   83.918818  132.958782    0.510808    3.662688
   83.917647  132.949101    0.239074    1.106555
   83.916479  132.939436    0.375348    2.388691
   83.915312  132.929782    0.397633    2.598499
   83.914146  132.920136    0.387934    2.507415
   83.912980  132.910490    0.168903    0.447080
   83.911814  132.900848    0.144279    0.304573
   83.909484  132.881594    0.328892    1.952632
   83.908318  132.871990    0.354551    2.194176
   83.907152  132.862401    0.387155    2.501049
   83.905986  132.852822    0.311094    1.785680
   83.904819  132.843251    0.369768    2.337803
   83.903653  132.833690    0.399195    2.614789
   83.902485  132.824133    0.177381    0.528277
   83.901317  132.814577    0.594555    4.452939
   83.900148  132.805016    0.459874    3.186108
   83.898976  132.795437    0.314974    1.823144
   83.897802  132.785846    0.292323    1.610227
   83.896627  132.776251    0.249687    1.209297
   83.895452  132.766655    0.288369    1.573358
   83.894275  132.757065    0.426476    2.872736
   83.893098  132.747481    0.229897    1.023622
   83.891921  132.737898    0.371377    2.354732
   83.890742  132.728316    0.503725    3.599944
   83.889562  132.718738    0.206681    0.805706
   83.888381  132.709161    0.251330    1.225900
   83.887200  132.699583    0.273346    1.433183
   83.886019  132.690002    0.324869    1.918038
   83.884839  132.680409    0.179641    0.551994
   83.883659  132.670811    0.369201    2.335415
   83.882481  132.661214    0.273923    1.439265
   83.881303  132.651622    0.334785    2.011974
   83.880126  132.642043    0.239605    1.116754
   83.878950  132.632473    0.325528    1.925226
   83.877775  132.622913    0.262883    1.336067
   83.876600  132.613362    0.426791    2.878161
   83.875424  132.603822    0.368315    2.328228
   83.873072  132.584767    0.338177    2.045033
   83.869550  132.556228    0.183072    0.586397
   83.868378  132.546727    0.305143    1.734931
   83.867207  132.537235    0.356409    2.217364
   83.866037  132.527761    0.401694    2.643543
   83.864869  132.518297    0.430696    2.916540
   83.863700  132.508841    0.377846    2.419524
   83.862531  132.499389    0.484521    3.423214
   83.861360  132.489929    0.481623    3.396116
   83.860187  132.480468    0.343072    2.092880
   83.859013  132.471012    0.331653    1.985622
