Converting ICESat/GLAS binary freeboard vector data to ASCII
Wed Feb 12 09:58:05 2014

write_fb:
  file_in:       laser3k0110002.dat
  laser_period:  3k
  track:         0110
  cycle:         002
  file_out:      laser3k0110002.txt
  non_zero_only:        0
  nan_replace:       -999

read_fb:
  Year:                  2008
  Month:                   10
  Day:                     16
  Hour:                    17
  Minute:                  37
  Doy:                    290
  record_count:          1894
  non_zero_count:        1886
  nan_count:                0

    Latitude   Longitude   Freeboard   Thickness
   78.009162  218.308866    0.370388    2.064757
   78.010634  218.306238    0.288479    1.294102
   78.012104  218.303612    0.379249    2.147895
   78.013574  218.300990    0.283399    1.246090
   78.015041  218.298375    0.315170    1.544867
   78.016504  218.295779    0.333977    1.721685
   78.017965  218.293191    0.349266    1.865404
   78.020878  218.288026    0.014465    0.031076
   78.022329  218.285439    0.131557    0.282628
   78.023777  218.282852    0.454194    2.852061
   78.025224  218.280265    0.211249    0.566490
   78.026670  218.277678    0.361518    1.980021
   78.028118  218.275090    0.527624    3.542530
   78.029565  218.272502    0.371382    2.072595
   78.031012  218.269915    0.244005    0.874208
   78.032460  218.267328    0.448607    2.798861
   78.033906  218.264746    0.635400    4.555986
   78.035353  218.262165    0.529044    3.555349
   78.036801  218.259583    0.516807    3.440122
   78.038251  218.256999    0.362746    1.990714
   78.039705  218.254411    0.180683    0.388167
   78.041160  218.251820    0.671148    4.891744
   78.042618  218.249227    0.268705    1.105710
   78.044077  218.246634    0.363548    1.997823
   78.045537  218.244045    0.351994    1.889027
   78.046998  218.241455    0.211137    0.563833
   78.048461  218.238860    0.331622    1.697167
   78.049924  218.236260    0.444272    2.756788
   78.051389  218.233647    0.453945    2.847685
   78.052855  218.231026    0.535160    3.611594
   78.054322  218.228400    0.249891    0.927861
   78.055790  218.225768    0.472151    3.018625
   78.057259  218.223132    0.438573    2.702636
   78.058729  218.220493    0.786645    5.976958
   78.060200  218.217853    0.215855    0.607236
   78.061669  218.215213    0.303202    1.428834
   78.063136  218.212579    0.266386    1.082384
   78.064603  218.209945    0.328196    1.663737
   78.066067  218.207314    0.663484    4.817804
   78.067530  218.204683    0.480198    3.093456
   78.068990  218.202050    0.214263    0.591610
   78.070449  218.199419    0.222965    0.673365
   78.071905  218.196790    0.130603    0.280579
   78.073359  218.194164    0.222582    0.669547
   78.074808  218.191544    0.127355    0.273601
   78.076256  218.188929    0.203788    0.492534
   78.077702  218.186317    0.079884    0.171617
   78.079146  218.183710    0.223430    0.677101
   78.080591  218.181107    0.318960    1.575670
   78.082035  218.178508    0.289777    1.301037
   78.083478  218.175911    0.135415    0.290917
   78.084922  218.173316    0.228934    0.728450
   78.086367  218.170722    0.493185    3.214245
   78.087811  218.168128    0.228859    0.727527
   78.089257  218.165533    0.153871    0.330566
   78.090705  218.162937    0.373452    2.087547
   78.092154  218.160336    0.195396    0.419777
   78.093605  218.157732    0.290012    1.302386
   78.095058  218.155124    0.370605    2.060449
   78.096514  218.152511    0.496036    3.240310
   78.097975  218.149896    0.113854    0.244598
   78.099438  218.147274    0.147932    0.317809
   78.100904  218.144645    0.058531    0.125743
   78.102372  218.142007    0.240571    0.836635
   78.103841  218.139350    0.177812    0.381999
   78.105311  218.136685    0.179475    0.385573
   78.106781  218.134014    0.211256    0.560530
   78.108251  218.131340    0.243909    0.867597
   78.111192  218.125991    0.202313    0.476079
   78.112661  218.123320    0.234859    0.782139
   78.114128  218.120653    0.273897    1.149273
   78.115593  218.117998    0.089434    0.192135
   78.117055  218.115350    0.093160    0.200138
   78.118515  218.112707    0.194158    0.417117
   78.119973  218.110068    0.234425    0.777519
   78.122878  218.104799    0.242624    0.854437
   78.124328  218.102169    0.234228    0.775341
   78.125775  218.099541    0.219849    0.639966
   78.127221  218.096914    0.191614    0.411651
   78.128665  218.094289    0.356105    1.921560
   78.130109  218.091664    0.137874    0.296201
   78.131552  218.089041    0.272067    1.130774
   78.132995  218.086418    0.299076    1.384754
   78.134438  218.083795    0.288149    1.281850
   78.135883  218.081174    0.180105    0.386925
   78.137329  218.078553    0.090480    0.194381
   78.138778  218.075940    0.083871    0.180182
   78.140228  218.073325    0.012894    0.027700
   78.141680  218.070708    0.298629    1.379905
   78.143134  218.068086    0.109861    0.236017
   78.144589  218.065447    0.140799    0.302484
   78.146046  218.062801    0.395668    2.292458
   78.147505  218.060149    0.080269    0.172446
   78.148965  218.057493    0.185793    0.399146
   78.150429  218.054838    0.099917    0.214655
   78.151894  218.052181    0.126884    0.272589
   78.153361  218.049521    0.089304    0.191855
   78.154829  218.046857    0.078108    0.167801
   78.156298  218.044188    0.320969    1.588984
   78.157768  218.041516    0.277738    1.182189
   78.162176  218.033480    0.038514    0.082742
   78.163645  218.030795    0.105874    0.227453
   78.165112  218.028111    0.084919    0.182436
   78.166577  218.025428    0.072911    0.156637
   78.168038  218.022752    0.362686    1.980565
   78.169497  218.020080    0.450577    2.807281
   78.170954  218.017411    0.143459    0.308197
   78.172407  218.014745    0.074670    0.160416
   78.173855  218.012080    0.141702    0.304423
   78.175301  218.009417    0.083425    0.179225
   78.176744  218.006758    0.100239    0.215346
   78.178187  218.004102    0.229343    0.725418
   78.179630  218.001450    0.327959    1.653019
   78.191193  217.980297    0.136265    0.292742
   78.192647  217.977650    0.026293    0.056486
   78.194103  217.975001    0.052858    0.113558
   78.195562  217.972349    0.231122    0.740904
   78.197023  217.969696    0.000000    0.000000
   78.211690  217.942933    0.195627    0.420273
   78.213155  217.940235    0.304591    1.430800
   78.214615  217.937533    0.172877    0.371397
   78.216073  217.934830    0.328643    1.656858
   78.217529  217.932129    0.284217    1.238825
   78.218982  217.929430    0.130601    0.280574
   78.220434  217.926743    0.219504    0.629841
   78.221884  217.924060    0.043558    0.093577
   78.223333  217.921379    0.295967    1.348954
   78.224781  217.918701    0.307564    1.457950
   78.226230  217.916019    0.239568    0.818184
   78.227678  217.913337    0.424631    2.559033
   78.229126  217.910658    0.320386    1.578261
   78.230573  217.907980    0.216170    0.597766
   78.232018  217.905311    0.315246    1.529701
   78.233463  217.902643    0.378249    2.122288
   78.234908  217.899977    0.215916    0.595069
   78.236354  217.897309    0.300598    1.391592
   78.237802  217.894635    0.399574    2.322588
   78.239252  217.891959    0.431983    2.627371
   78.240702  217.889282    0.338314    1.746094
   78.242154  217.886604    0.250058    0.915738
   78.243608  217.883927    0.347972    1.836744
   78.245062  217.881251    0.314092    1.517921
   78.246519  217.878574    0.175291    0.376584
   78.247976  217.875898    0.235920    0.782325
   78.249435  217.873223    0.260292    1.011495
   78.250894  217.870547    0.264342    1.049490
   78.252356  217.867869    0.233506    0.759299
   78.253819  217.865188    0.261610    1.023581
   78.255285  217.862504    0.258763    0.996697
   78.256752  217.859814    0.212978    0.565873
   78.258219  217.857120    0.214360    0.578772
   78.259686  217.854420    0.297155    1.357552
   78.261149  217.851707    0.235951    0.781683
   78.262611  217.848989    0.148850    0.319780
   78.264071  217.846268    0.218487    0.617184
   78.266989  217.840825    0.210331    0.540251
   78.268447  217.838107    0.179022    0.384598
   78.269903  217.835389    0.188853    0.405721
   78.272809  217.829957    0.182603    0.392293
   78.274258  217.827243    0.270430    1.105108
   78.275706  217.824531    0.242378    0.841112
   78.277152  217.821823    0.310309    1.480053
   78.278597  217.819122    0.288137    1.271371
   78.280042  217.816424    0.264015    1.044349
   78.281485  217.813728    0.298339    1.367141
   78.282929  217.811032    0.180554    0.387892
   78.284371  217.808330    0.282850    1.221230
   78.285813  217.805628    0.204575    0.484769
   78.287256  217.802928    0.138411    0.297353
   78.288701  217.800232    0.405224    2.372136
   78.290148  217.797547    0.225081    0.677364
   78.291598  217.794867    0.356647    1.914954
   78.293050  217.792187    0.202329    0.463128
   78.294504  217.789507    0.270816    1.107301
   78.295960  217.786823    0.340215    1.760062
   78.297418  217.784135    0.251472    0.925124
   78.298877  217.781443    0.458105    2.868880
   78.300338  217.778746    0.200316    0.443670
   78.301799  217.776040    0.238635    0.804053
   78.303260  217.773328    0.469422    2.975032
   78.304723  217.770611    0.194753    0.418396
   78.306186  217.767891    0.237339    0.791549
   78.307650  217.765167    0.167007    0.358788
   78.309115  217.762441    0.257359    0.979668
   78.310579  217.759714    0.181406    0.389721
   78.312042  217.756986    0.250791    0.917682
   78.313503  217.754264    0.270534    1.103308
   78.314963  217.751542    0.310662    1.480694
   78.316421  217.748818    0.229344    0.715612
   78.317877  217.746089    0.172652    0.370915
   78.319329  217.743348    0.491084    3.177677
   78.320780  217.740602    0.179531    0.385694
   78.322229  217.737853    0.354229    1.890036
   78.323677  217.735102    0.262013    1.022421
   78.325125  217.732349    0.236559    0.782869
   78.326572  217.729598    0.265221    1.052399
   78.328018  217.726852    0.452236    2.811610
   78.329464  217.724113    0.280471    1.195659
   78.330908  217.721393    0.292538    1.309075
   78.332353  217.718681    0.181745    0.390449
   78.333797  217.715975    0.297038    1.351196
   78.335242  217.713273    0.255716    0.962365
   78.336689  217.710572    0.193925    0.416616
   78.338137  217.707871    0.361510    1.957399
   78.339585  217.705169    0.461250    2.895589
   78.341034  217.702465    0.347667    1.826970
   78.342482  217.699751    0.269997    1.096197
   78.343930  217.697033    0.109740    0.235759
   78.345380  217.694313    0.175488    0.377007
   78.346833  217.691592    0.237575    0.790889
   78.348291  217.688873    0.168756    0.362545
   78.351215  217.683434    0.105938    0.227591
   78.352679  217.680714    0.324888    1.611862
   78.354142  217.678004    0.354794    1.893093
   78.355605  217.675291    0.252851    0.933972
   78.357068  217.672572    0.213928    0.567712
   78.358531  217.669844    0.270821    1.102817
   78.359993  217.667089    0.338308    1.737589
   78.361455  217.664322    0.215752    0.584557
   78.362917  217.661547    0.283478    1.221572
   78.364377  217.658769    0.299039    1.367854
   78.365835  217.655989    0.362779    1.967377
   78.367292  217.653211    0.131740    0.283021
   78.368747  217.650436    0.227452    0.694103
   78.370200  217.647666    0.262988    1.028301
   78.371648  217.644916    0.145866    0.313370
   78.373094  217.642173    0.044626    0.095873
   78.374538  217.639433    0.279056    1.179149
   78.375982  217.636693    0.300669    1.382370
   78.377426  217.633940    0.169224    0.363550
   78.378870  217.631184    0.288084    1.263778
   78.380314  217.628427    0.310879    1.478119
   78.381756  217.625669    0.139155    0.298952
   78.383196  217.622911    0.217529    0.599733
   78.384635  217.620155    0.230042    0.717347
   78.386075  217.617402    0.285372    1.237760
   78.387516  217.614654    0.256229    0.963492
   78.388962  217.611920    0.258256    0.982459
   78.390410  217.609192    0.171195    0.367784
   78.391861  217.606467    0.217847    0.602114
   78.394770  217.601012    0.272889    1.119712
   78.396229  217.598280    0.193705    0.416143
   78.397689  217.595546    0.322044    1.581924
   78.399150  217.592809    0.163058    0.350303
   78.400611  217.590069    0.247558    0.880997
   78.402073  217.587325    0.196045    0.421170
   78.403535  217.584578    0.252024    0.922808
   78.404997  217.581827    0.306039    1.430849
   78.406458  217.579070    0.229116    0.707106
   78.407919  217.576310    0.292315    1.301539
   78.409379  217.573548    0.317953    1.542627
   78.410839  217.570785    0.240715    0.815922
   78.412297  217.568026    0.125777    0.270212
   78.413754  217.565266    0.231882    0.732628
   78.415210  217.562503    0.219034    0.611667
   78.416664  217.559736    0.362729    1.963356
   78.418115  217.556958    0.282368    1.207269
   78.419564  217.554175    0.275939    1.146697
   78.421011  217.551388    0.134318    0.288560
   78.422457  217.548599    0.114019    0.244951
   78.423902  217.545810    0.145904    0.313450
   78.425346  217.543021    0.148420    0.318856
   78.426790  217.540233    0.269349    1.084213
   78.428234  217.537445    0.400258    2.315615
   78.429678  217.534659    0.128092    0.275185
   78.431122  217.531876    0.246128    0.865471
   78.432567  217.529094    0.154901    0.332780
   78.434013  217.526314    0.327594    1.631648
   78.435459  217.523535    0.471234    2.982824
   78.436907  217.520759    0.124236    0.266900
   78.438355  217.517985    0.273917    1.126397
   78.439804  217.515214    0.394918    2.264602
   78.441254  217.512447    0.353244    1.872462
   78.442705  217.509682    0.238507    0.792994
   78.444156  217.506920    0.468809    2.959418
   78.445609  217.504159    0.306850    1.435721
   78.447062  217.501401    0.266283    1.053992
   78.448516  217.498645    0.175299    0.376601
   78.449971  217.495888    0.185915    0.399408
   78.451426  217.493130    0.114610    0.246222
   78.452883  217.490370    0.238851    0.795530
   78.454340  217.487606    0.251464    0.914092
   78.455797  217.484838    0.183407    0.394020
   78.457256  217.482065    0.483736    3.098952
   78.463089  217.470899    0.274251    1.127865
   78.464542  217.468089    0.127698    0.274339
   78.465993  217.465276    0.173617    0.372989
   78.467444  217.462460    0.085477    0.183633
   78.468892  217.459645    0.318663    1.545269
   78.470341  217.456838    0.216025    0.579622
   78.471789  217.454033    0.142853    0.306896
   78.474683  217.448428    0.263765    1.028431
   78.476130  217.445627    0.060848    0.130722
   78.477576  217.442826    0.310936    1.471988
   78.479022  217.440024    0.254357    0.939635
   78.480467  217.437223    0.369541    2.023104
   78.481909  217.434418    0.260391    0.996201
   78.483351  217.431613    0.192519    0.413595
   78.484793  217.428810    0.277520    1.157146
   78.486236  217.426008    0.210619    0.527688
   78.487681  217.423213    0.282593    1.204668
   78.489128  217.420422    0.102581    0.220379
   78.490576  217.417633    0.127880    0.274730
   78.492026  217.414848    0.157396    0.338139
   78.493478  217.412068    0.070314    0.151057
   78.494931  217.409291    0.041136    0.088375
   78.496385  217.406514    0.143258    0.307766
   78.497840  217.403736    0.102302    0.219778
   78.499297  217.400954    0.066269    0.142367
   78.500755  217.398169    0.057396    0.123306
   78.502214  217.395382    0.094053    0.202057
   78.503673  217.392592    0.037158    0.079828
   78.505132  217.389798    0.093950    0.201836
   78.506592  217.387002    0.102477    0.220154
   78.508050  217.384204    0.098166    0.210893
   78.509508  217.381404    0.081110    0.174251
   78.510964  217.378605    0.185649    0.398836
   78.512418  217.375804    0.142557    0.306261
   78.513872  217.373000    0.241782    0.818969
   78.515325  217.370193    0.156342    0.335874
   78.516777  217.367379    0.195543    0.420092
   78.518229  217.364560    0.132678    0.285037
   78.519680  217.361737    0.072707    0.156198
   78.521129  217.358911    0.062927    0.135189
   78.522575  217.356080    0.007211    0.015492
   78.524019  217.353246    0.204295    0.465632
   78.525462  217.350410    0.228595    0.694126
   78.526905  217.347573    0.236600    0.769334
   78.538455  217.324983    0.186118    0.399844
   78.539900  217.322175    0.035067    0.075335
   78.541346  217.319367    0.481830    3.075323
   78.545691  217.310941    0.220032    0.612208
   78.547141  217.308130    0.362027    1.947903
   78.548593  217.305319    0.166191    0.357034
   78.550046  217.302508    0.427407    2.562760
   78.551503  217.299702    0.177073    0.380412
   78.552961  217.296895    0.155293    0.333622
   78.558799  217.285633    0.047591    0.102241
   78.560257  217.282805    0.135066    0.290168
   78.561714  217.279973    0.281144    1.186021
   78.563169  217.277135    0.262410    1.009683
   78.564621  217.274293    0.142006    0.305077
   78.573301  217.257232    0.134307    0.288538
   78.574742  217.254398    0.295287    1.318188
   78.576181  217.251564    0.318067    1.532385
   78.577619  217.248728    0.066349    0.142540
   78.579058  217.245888    0.106074    0.227882
   78.580497  217.243029    0.102133    0.219415
   78.581937  217.240165    0.178556    0.383597
   78.583378  217.237300    0.130060    0.279412
   78.586264  217.231588    0.188476    0.404909
   78.587709  217.228744    0.150569    0.323473
   78.589156  217.225905    0.349852    1.830518
   78.590605  217.223068    0.343473    1.770415
   78.592056  217.220232    0.160516    0.344842
   78.593509  217.217399    0.260871    0.993149
   78.594964  217.214565    0.447344    2.747268
   78.596420  217.211732    0.267063    1.051208
   78.597878  217.208897    0.286458    1.233562
   78.599336  217.206061    0.283990    1.210245
   78.600796  217.203224    0.326516    1.610201
   78.602255  217.200386    0.271503    1.092581
   78.603713  217.197547    0.307564    1.431715
   78.605171  217.194706    0.202957    0.447550
   78.606629  217.191865    0.245170    0.844557
   78.608085  217.189024    0.220392    0.611371
   78.609540  217.186185    0.484090    3.091966
   78.610993  217.183345    0.268076    1.059745
   78.612445  217.180504    0.323992    1.585669
   78.613896  217.177659    0.207318    0.487979
   78.615346  217.174811    0.199160    0.427863
   78.616794  217.171958    0.125794    0.270248
   78.618241  217.169099    0.109435    0.235102
   78.619686  217.166234    0.118601    0.254795
   78.624014  217.157579    0.269417    1.071491
   78.625456  217.154688    0.234177    0.739880
   78.626896  217.151800    0.116485    0.250248
   78.628337  217.148913    0.305970    1.415082
   78.629777  217.146028    0.115977    0.249157
   78.631219  217.143145    0.392232    2.226384
   78.632663  217.140269    0.292200    1.285259
   78.634107  217.137396    0.124050    0.266501
   78.635553  217.134524    0.088926    0.191044
   78.636999  217.131653    0.103281    0.221882
   78.638446  217.128776    0.419604    2.483419
   78.639893  217.125899    0.331974    1.658956
   78.645687  217.114400    0.266542    1.043040
   78.647138  217.111530    0.284857    1.215239
   79.433468  215.431961    0.347605    1.757951
   79.434904  215.428671    0.277583    1.099143
   79.436342  215.425373    0.168609    0.362228
   79.437782  215.422067    0.454126    2.759784
   79.446469  215.402093    0.385954    2.117981
   79.447919  215.398766    0.631450    4.427365
   79.449367  215.395439    0.473987    2.945983
   79.450811  215.392111    0.395914    2.211436
   79.452252  215.388783    0.434259    2.572085
   79.453690  215.385454    0.555589    3.713392
   79.455126  215.382124    0.579554    3.938769
   79.456558  215.378790    0.600316    4.133996
   79.457987  215.375457    0.484258    3.042127
   79.463679  215.362137    0.497853    3.169703
   79.465097  215.358815    0.510400    3.287651
   79.466514  215.355497    0.509821    3.282134
   79.467930  215.352187    0.411320    2.355422
   79.469346  215.348882    0.493565    3.129044
   79.470762  215.345581    0.354609    1.821763
   79.472178  215.342282    0.525212    3.426601
   79.473596  215.338989    0.577771    3.920965
   79.475014  215.335696    0.456113    2.776406
   79.476434  215.332401    0.371971    1.984778
   79.477856  215.329102    0.418884    2.426026
   79.480708  215.322466    0.142568    0.306284
   79.483569  215.315819    0.081809    0.175754
   79.489325  215.302567    0.203918    0.438085
   79.490770  215.299231    0.178716    0.383942
   79.492216  215.295887    0.452336    2.739915
   79.496555  215.285807    0.141971    0.305002
   79.498000  215.282433    0.141354    0.303676
   79.499444  215.279056    0.184908    0.397245
   79.500886  215.275678    0.131769    0.283084
   79.503766  215.268925    0.183646    0.394534
   79.505202  215.265552    0.135180    0.290412
   79.510918  215.252144    0.324925    1.540336
   79.512340  215.248804    0.360712    1.876917
   79.513758  215.245462    0.393881    2.188874
   79.515175  215.242119    0.247056    0.807573
   79.516589  215.238778    0.670720    4.793045
   79.518003  215.235438    0.123985    0.266361
   79.519415  215.232096    0.150823    0.324018
   79.520827  215.228756    0.105994    0.227711
   79.522239  215.225418    0.201128    0.432090
   79.523653  215.222083    0.234037    0.684648
   79.525069  215.218753    0.209552    0.454238
   79.526488  215.215427    0.198870    0.427240
   79.527910  215.212102    0.201818    0.433572
   79.529335  215.208780    0.190466    0.409184
   79.530764  215.205468    0.146256    0.314208
   79.532196  215.202154    0.146087    0.313844
   79.535068  215.195508    0.197344    0.423962
   79.536507  215.192158    0.170412    0.366102
   79.537948  215.188797    0.201803    0.433541
   79.539390  215.185426    0.284605    1.159525
   79.540834  215.182047    0.170558    0.366416
   79.542280  215.178658    0.276195    1.080253
   79.543726  215.175266    0.146979    0.315760
   79.545173  215.171871    0.109439    0.235111
   79.546618  215.168477    0.137374    0.295126
   79.548060  215.165096    0.077389    0.166258
   79.549500  215.161717    0.000000    0.000000
   79.562334  215.131234    0.024197    0.051984
   79.563751  215.127845    0.133615    0.287050
   79.565166  215.124467    0.136151    0.292499
   79.566581  215.121095    0.149155    0.320436
   79.567996  215.117727    0.178563    0.383613
   79.569412  215.114362    0.127969    0.274919
   79.570828  215.111004    0.119415    0.256543
   79.572246  215.107648    0.030380    0.065267
   79.573665  215.104291    0.055691    0.119642
   79.575086  215.100933    0.026939    0.057873
   79.576509  215.097563    0.075668    0.162560
   79.577934  215.094191    0.079754    0.171339
   79.579361  215.090815    0.043670    0.093817
   79.583657  215.080682    0.190154    0.408514
   79.585094  215.077304    0.094253    0.202486
   79.586532  215.073925    0.053060    0.113990
   79.587972  215.070548    0.086741    0.186348
   79.609488  215.019463    0.320880    1.497087
   79.610907  215.016053    0.223188    0.577992
   79.612325  215.012643    0.323544    1.521994
   79.613741  215.009234    0.373234    1.989371
   79.615156  215.005824    0.264336    0.964854
   79.622231  214.988793    0.257221    0.897554
   79.623648  214.985407    0.340236    1.678429
   79.625067  214.982024    0.505265    3.230837
   79.626488  214.978643    0.277999    1.092794
   79.627911  214.975267    0.506084    3.238389
   79.629336  214.971890    0.409356    2.328361
   79.630764  214.968510    0.528774    3.451692
   79.632194  214.965122    0.429046    2.513443
   79.633630  214.961714    0.467094    2.871295
   79.635068  214.958297    0.416107    2.391566
   79.636508  214.954874    0.406204    2.298335
   79.637949  214.951446    0.436445    2.582742
   79.639388  214.948018    0.419242    2.420833
   79.640828  214.944588    0.298292    1.282943
   79.642267  214.941156    0.494118    3.125067
   79.643706  214.937724    0.485500    3.043921
   79.645145  214.934297    0.489501    3.081486
   79.646583  214.930869    0.565403    3.795440
   79.648020  214.927439    0.704710    5.105873
   79.649456  214.924005    0.379873    2.049946
   79.650889  214.920564    0.549374    3.644423
   79.652319  214.917117    0.642559    4.520973
   79.653748  214.913666    0.415906    2.388700
   79.655174  214.910209    0.642497    4.520243
   79.656597  214.906741    0.893330    6.879834
   79.658018  214.903269    0.613317    4.245587
   79.659437  214.899798    1.030367    8.168836
   79.660855  214.896329    0.920412    7.134385
   79.662272  214.892873    0.847390    6.447366
   79.663689  214.889423    0.899414    6.936701
   79.665105  214.885976    0.777180    5.786723
   79.666520  214.882533    0.610964    4.223007
   79.667935  214.879091    0.525052    3.414729
   79.669350  214.875651    0.365501    1.913700
   79.670765  214.872214    0.446057    2.671446
   79.672181  214.868779    0.361706    1.877847
   79.673598  214.865346    0.442860    2.641224
   79.675016  214.861916    0.943593    7.351707
   79.676435  214.858488    0.374325    1.996339
   79.677857  214.855062    0.849052    6.462181
   79.679284  214.851640    0.935279    7.273274
   79.680713  214.848218    0.965576    7.558208
   79.682144  214.844797    0.964885    7.551640
   79.683576  214.841375    0.785784    5.866696
   79.685010  214.837954    0.376063    2.012239
   79.686446  214.834529    0.338730    1.660956
   79.687882  214.831099    0.369154    1.947091
   79.689318  214.827660    0.391824    2.160281
   79.690756  214.824202    0.537947    3.534833
   79.692194  214.820734    0.534703    3.504240
   79.693631  214.817260    0.291679    1.217953
   83.412089  199.999206    0.358603    1.760862
   83.413314  199.990960    0.367522    1.844774
   83.414539  199.982716    0.485820    2.957660
   83.415763  199.974473    0.219511    0.471584
   83.416989  199.966250    0.308929    1.293602
   83.418215  199.958028    0.326563    1.459511
   83.419441  199.949803    0.237740    0.623930
   83.420667  199.941570    0.257565    0.810441
   83.421894  199.933313    0.249944    0.738766
   83.423121  199.925044    0.236470    0.612020
   83.424349  199.916766    0.288355    1.100130
   83.425578  199.908479    0.276491    0.988531
   83.426809  199.900187    0.298248    1.193224
   83.428041  199.891889    0.359138    1.766049
   83.429275  199.883584    0.251327    0.751846
   83.430510  199.875273    0.159284    0.342196
   83.431746  199.866956    0.099852    0.214516
   83.432983  199.858632    0.193210    0.415081
   83.434220  199.850303    0.088083    0.189232
   83.435457  199.841968    0.225559    0.509493
   83.436694  199.833622    0.263965    0.870802
   83.437931  199.825271    0.187110    0.401975
   83.439167  199.816919    0.372643    1.893204
   83.440402  199.808568    0.243363    0.677034
   83.441634  199.800224    0.204744    0.439859
   83.442865  199.791884    0.161053    0.345996
   83.444095  199.783547    0.120398    0.258656
   83.445323  199.775215    0.207886    0.446608
   83.446551  199.766893    0.391685    2.072406
   83.447777  199.758574    0.261886    0.851352
   83.450226  199.741933    0.279998    1.021762
   83.452670  199.725267    0.301920    1.228018
   83.453892  199.716924    0.193241    0.415146
   83.455114  199.708577    0.277046    0.994042
   83.456337  199.700220    0.188303    0.404538
   83.457560  199.691858    0.231155    0.562354
   83.458783  199.683490    0.112999    0.242761
   83.460007  199.675118    0.478145    2.885893
   83.461231  199.666742    0.315597    1.356763
   83.462455  199.658362    0.280018    1.022069
   83.463680  199.649979    0.279294    1.015279
   83.464907  199.641592    0.287146    1.089156
   83.466136  199.633205    0.221882    0.476677
   83.468598  199.616421    0.314159    1.343309
   83.469829  199.608022    0.218604    0.469635
   83.471059  199.599616    0.256635    0.802182
   83.472289  199.591203    0.230678    0.558007
   83.473519  199.582785    0.191308    0.410993
   83.475981  199.565930    0.229115    0.543339
   83.477213  199.557494    0.292072    1.135615
   83.478444  199.549054    0.291986    1.134817
   83.479676  199.540611    0.259128    0.825722
   83.480906  199.532167    0.259074    0.825227
   83.482136  199.523723    0.163842    0.351989
   83.483365  199.515278    0.312188    1.324909
   83.487038  199.489960    0.259551    0.829770
   83.488258  199.481525    0.151485    0.325440
   83.489478  199.473090    0.239168    0.638048
   83.490696  199.464652    0.311754    1.320898
   83.491913  199.456214    0.282166    1.042565
   83.493130  199.447777    0.250337    0.743159
   83.494345  199.439343    0.319705    1.395733
   83.495558  199.430918    0.258977    0.824459
   83.496770  199.422494    0.371537    1.883359
   83.497982  199.414068    0.280109    1.023278
   83.499195  199.405638    0.299512    1.205824
   83.500410  199.397199    0.208111    0.447093
   83.501626  199.388752    0.221575    0.476017
   83.502844  199.380294    0.241192    0.657221
   83.504062  199.371823    0.365448    1.826155
   83.505282  199.363328    0.208750    0.448465
   83.506502  199.354820    0.263002    0.862428
   83.507725  199.346301    0.228851    0.541174
   83.508948  199.337773    0.280540    1.027440
   83.510175  199.329242    0.318214    1.381866
   83.511403  199.320704    0.249080    0.731517
   83.512631  199.312163    0.242613    0.670686
   83.513860  199.303617    0.326463    1.459510
   83.515089  199.295068    0.170779    0.366891
   83.516318  199.286518    0.279929    1.021770
   83.517546  199.277966    0.319032    1.389641
   83.518774  199.269414    0.257848    0.814069
   83.520000  199.260863    0.185830    0.399226
   83.521226  199.252314    0.266701    0.897379
   83.522450  199.243766    0.280056    1.023021
   83.524892  199.226678    0.273542    0.961773
   83.526111  199.218139    0.246708    0.709343
   83.528543  199.201073    0.263655    0.868796
   83.529758  199.192558    0.259910    0.833576
   83.530972  199.184046    0.292709    1.142141
   83.532186  199.175532    0.373265    1.899967
   83.533399  199.167013    0.257010    0.806334
   83.534613  199.158477    0.528613    3.361406
   83.535827  199.149932    0.158159    0.339778
   83.537041  199.141380    0.171728    0.368930
   83.539464  199.124260    0.205115    0.440656
   83.540673  199.115694    0.265720    0.888347
   83.541883  199.107120    0.312826    1.331498
   83.543094  199.098539    0.355213    1.730262
   83.544309  199.089948    0.289169    1.108971
   83.545527  199.081348    0.330848    1.501080
   83.546745  199.072741    0.360807    1.782921
   83.547964  199.064127    0.344256    1.627230
   83.549183  199.055506    0.456716    2.685193
   83.550402  199.046879    0.202761    0.435599
   83.552842  199.029616    0.261122    0.845212
   83.554062  199.020987    0.251658    0.756194
   83.555283  199.012355    0.183303    0.393796
   83.556504  199.003720    0.204802    0.439985
   83.557724  198.995081    0.243618    0.680594
   83.558944  198.986430    0.279517    1.018323
   83.560164  198.977775    0.235611    0.605299
   83.562602  198.960462    0.290592    1.122547
   83.563822  198.951812    0.305736    1.265023
   83.565041  198.943164    0.355342    1.731691
   83.568693  198.917224    0.284236    1.062814
   83.569907  198.908578    0.178541    0.383567
   83.572331  198.891283    0.328105    1.475539
   83.573540  198.882628    0.458448    2.701740
   83.574748  198.873973    0.295757    1.171263
   83.575955  198.865319    0.273460    0.961518
   83.578367  198.848035    0.284312    1.063628
   83.580779  198.830774    0.459101    2.707960
   83.584397  198.804825    0.168867    0.362784
   83.585604  198.796158    0.295441    1.168420
   83.586812  198.787482    0.335183    1.542307
   83.588021  198.778805    0.276605    0.991259
   83.589231  198.770119    0.257767    0.814059
   83.590443  198.761420    0.351045    1.691567
   83.591656  198.752707    0.250516    0.745878
   83.592871  198.743962    0.401369    2.165016
   83.594088  198.735202    0.297973    1.192354
   83.595306  198.726434    0.239344    0.640832
   83.596525  198.717662    0.234359    0.593953
   83.597745  198.708901    0.334682    1.537736
   83.600187  198.691378    0.307000    1.277355
   83.602625  198.673841    0.340205    1.589760
   83.603841  198.665066    0.397783    2.131436
   83.605056  198.656290    0.471711    2.826912
   83.607483  198.638739    0.375644    1.923217
   83.608695  198.629965    0.296945    1.182885
   83.609906  198.621197    0.357599    1.753495
   83.611115  198.612434    0.328906    1.483587
   83.613526  198.594947    0.304924    1.258009
   83.614730  198.586209    0.264148    0.874432
   83.615933  198.577473    0.297369    1.186969
   83.617136  198.568733    0.380592    1.969891
   83.619540  198.551242    0.644219    4.449951
   83.620742  198.542486    0.692688    4.905931
   83.621943  198.533718    0.248925    0.731324
   83.623143  198.524942    0.211651    0.454697
   83.625545  198.507370    0.281354    1.036443
   83.627954  198.489779    0.240502    0.652170
   83.629161  198.480973    0.366980    1.842005
   83.630368  198.472158    0.671004    4.702081
   83.631578  198.463327    0.648530    4.490674
   83.632789  198.454486    0.511148    3.198292
   83.634000  198.445638    0.671786    4.709489
   83.636425  198.427923    0.401064    2.162745
   83.637639  198.419059    0.302586    1.236345
   83.638852  198.410188    0.209043    0.449094
   83.640065  198.401311    0.283561    1.057409
   83.641279  198.392423    0.236034    0.610324
   83.642491  198.383531    0.297157    1.185347
   83.643704  198.374637    0.238744    0.635846
   83.644916  198.365742    0.248749    0.729987
   83.647338  198.347964    0.163811    0.351921
   83.648547  198.339082    0.188952    0.405932
   83.650959  198.321344    0.304692    1.256346
   83.652161  198.312489    0.190344    0.408922
   83.655757  198.285954    0.264616    0.879398
   83.656954  198.277114    0.297773    1.191333
   83.658149  198.268275    0.250513    0.746765
   83.659343  198.259436    0.266980    0.901691
   83.661732  198.241757    0.233897    0.590497
   83.664120  198.224056    0.319311    1.394054
   83.665314  198.215189    0.198240    0.425887
   83.666510  198.206311    0.282740    1.050049
   83.667707  198.197420    0.217094    0.466390
   83.668905  198.188515    0.053449    0.114827
   83.670105  198.179591    0.086746    0.186359
   83.671307  198.170652    0.143617    0.308537
   83.672511  198.161701    0.166826    0.358398
   83.673717  198.152738    0.208318    0.447537
   83.674924  198.143761    0.263696    0.871012
   83.676133  198.134774    0.224948    0.506520
   83.677343  198.125780    0.250480    0.746717
   83.678554  198.116779    0.189771    0.407692
   83.679767  198.107775    0.180513    0.387802
   83.680979  198.098768    0.199861    0.429369
   83.682191  198.089759    0.158265    0.340007
   83.683402  198.080749    0.190341    0.408915
   83.684609  198.071738    0.157547    0.338465
   83.685815  198.062729    0.242853    0.675091
   83.687019  198.053725    0.223694    0.494872
   83.688221  198.044727    0.212916    0.457416
   83.689423  198.035747    0.304790    1.257805
   83.690624  198.026776    0.342709    1.614539
   83.691823  198.017811    0.343860    1.625379
   83.693020  198.008853    0.300185    1.214527
   83.694213  197.999903    0.380236    1.967616
   83.695405  197.990955    0.304272    1.253011
   83.696595  197.982008    0.181678    0.390306
   83.697784  197.973059    0.184433    0.396224
   83.698973  197.964101    0.197661    0.424642
   83.701351  197.946168    0.000000    0.000000
   83.702540  197.937193    0.016067    0.034518
   83.703731  197.928207    0.142265    0.305633
   83.704923  197.919214    0.160531    0.344874
   83.706116  197.910214    0.187862    0.403591
   83.707309  197.901207    0.200169    0.430031
   83.708502  197.892196    0.303322    1.244262
   83.709696  197.883178    0.205397    0.441263
   83.710892  197.874152    0.191383    0.411154
   83.712088  197.865119    0.561355    3.671717
   83.713288  197.856081    0.123486    0.265289
   83.714490  197.847034    0.249980    0.742540
   83.715692  197.837976    0.292965    1.146933
   83.716896  197.828904    0.101191    0.217392
   83.718098  197.819808    0.227748    0.533442
   83.719301  197.810699    0.184371    0.396091
   83.720504  197.801580    0.132520    0.284696
   83.721706  197.792455    0.393315    2.091041
   83.722909  197.783325    0.290400    1.122905
   83.724111  197.774193    0.190716    0.409721
   83.725314  197.765060    0.175227    0.376447
   83.727717  197.746815    0.267032    0.903141
   83.728919  197.737702    0.181646    0.390237
   83.730119  197.728593    0.218469    0.469345
   83.731318  197.719485    0.335839    1.550483
   83.732513  197.710370    0.352008    1.702607
   83.733707  197.701257    0.289557    1.115121
   83.734899  197.692146    0.248021    0.724403
   83.736089  197.683040    0.231447    0.568502
   83.737278  197.673949    0.280544    1.030387
   83.738466  197.664863    0.210748    0.452757
   83.739652  197.655780    0.200146    0.429980
   83.740838  197.646696    0.160723    0.345286
   83.742021  197.637605    0.232091    0.574638
   83.743204  197.628511    0.346695    1.652773
   83.744387  197.619414    0.272346    0.953366
   83.745571  197.610315    0.271078    0.941457
   83.746756  197.601215    0.290067    1.120112
   83.747943  197.592112    0.174685    0.375282
   83.749131  197.583001    0.209318    0.449686
   83.750319  197.573884    0.277267    0.999743
   83.751508  197.564756    0.128673    0.276432
   83.752697  197.555617    0.306593    1.275661
   83.753888  197.546466    0.252753    0.769184
   83.756274  197.528110    0.200578    0.430910
   83.757470  197.518906    0.211450    0.454265
   83.758667  197.509691    0.262351    0.859542
   83.759866  197.500471    0.228273    0.538978
   83.761067  197.491254    0.339162    1.582169
   83.762268  197.482034    0.213115    0.457844
   83.763469  197.472811    0.292129    1.139756
   83.765867  197.454349    0.264592    0.880749
   83.767065  197.445111    0.244707    0.693702
   83.768260  197.435874    0.368042    1.853973
   83.769454  197.426638    0.344068    1.628472
   83.770647  197.417408    0.351000    1.693705
   83.771837  197.408183    0.303753    1.249252
   83.773027  197.398964    0.229981    0.555273
   83.774214  197.389751    0.269029    0.922631
   83.775402  197.380552    0.354508    1.726782
   83.776588  197.371358    0.292663    1.145008
   83.777772  197.362170    0.489784    2.999416
   83.778955  197.352984    0.224469    0.503527
   83.780134  197.343804    0.302829    1.240711
   83.781312  197.334624    0.244354    0.690635
   83.782489  197.325438    0.270714    0.938629
   83.783666  197.316244    0.327422    1.472130
   83.787207  197.288566    0.237273    0.624124
   83.788389  197.279324    0.219193    0.470900
   83.789572  197.270091    0.384653    2.010624
   83.790756  197.260851    0.242467    0.673054
   83.791941  197.251601    0.126272    0.271275
   83.793128  197.242338    0.289551    1.116030
   83.794317  197.233046    0.410093    2.250031
   83.795508  197.223739    0.313421    1.340628
   83.796699  197.214419    0.323983    1.440005
   83.800277  197.186401    0.343718    1.625729
   83.801470  197.177051    0.334980    1.543547
   83.802663  197.167702    0.135582    0.291275
   83.803855  197.158367    0.360967    1.788059
   83.805045  197.149036    0.300706    1.221178
   83.806236  197.139704    0.241569    0.664883
   83.807425  197.130370    0.290358    1.123876
   83.808613  197.121026    0.229024    0.546907
   83.810987  197.102331    0.280943    1.035368
   83.812173  197.092982    0.261290    0.850507
   83.814544  197.074296    0.286551    1.088187
   83.815727  197.064952    0.291637    1.136056
   83.816909  197.055607    0.238693    0.638016
   83.818087  197.046247    0.328147    1.479568
   83.819263  197.036888    0.480010    2.908210
   83.820439  197.027530    0.275383    0.983242
   83.821613  197.018180    0.250463    0.748829
   83.822789  197.008855    0.234968    0.603081
   83.823964  196.999537    0.226096    0.519640
   83.825140  196.990222    0.185307    0.398101
   83.826316  196.980903    0.447568    2.603151
   83.827491  196.971573    0.167240    0.359288
   83.828667  196.962235    0.327091    1.469824
   83.829844  196.952888    0.319415    1.397629
   83.831022  196.943530    0.328110    1.479451
   83.833381  196.924772    0.294048    1.159060
   83.834563  196.915375    0.000000    0.000000
   83.836932  196.896545    0.216522    0.465161
   83.838120  196.887113    0.245526    0.702679
   83.839308  196.877674    0.301653    1.230713
   83.841685  196.858781    0.266602    0.901014
   83.842872  196.849331    0.344661    1.635367
   85.097087  182.713822    0.207204    0.445143
   85.097988  182.699080    0.147539    0.316963
   85.098888  182.684327    0.449750    2.670547
   85.099789  182.669559    0.073883    0.158726
   85.104310  182.595472    0.488523    3.035645
   85.105217  182.580613    0.459100    2.758913
   85.106124  182.565740    0.331324    1.556935
   85.110663  182.491159    0.321669    1.466399
   85.111569  182.476210    0.118508    0.254595
   85.116972  182.386566    0.082736    0.177745
   85.117866  182.371664    0.140197    0.301191
   85.118760  182.356771    0.243378    0.730414
   85.119652  182.341884    0.223860    0.546866
   85.120542  182.327004    0.379553    2.011579
   85.121432  182.312127    0.170119    0.365473
   85.122320  182.297252    0.150796    0.323960
   85.123207  182.282378    0.197132    0.423506
   85.124093  182.267502    0.182255    0.391545
   85.124979  182.252625    0.159544    0.342755
   85.125865  182.237743    0.195023    0.418976
   85.126753  182.222864    0.114390    0.245749
   85.127641  182.207975    0.057371    0.123252
   85.128530  182.193071    0.193893    0.416546
   85.130312  182.163181    0.069560    0.149438
   85.131206  182.148193    0.415457    2.350033
   85.132100  182.133188    0.365163    1.876961
   85.132995  182.118170    0.421828    2.410084
   85.133891  182.103152    0.202453    0.434936
   85.134788  182.088125    0.200164    0.430019
   85.135685  182.073086    0.477343    2.932506
   85.136582  182.058035    0.242568    0.723962
   85.137480  182.042965    0.230325    0.608837
   85.138377  182.027883    0.245979    0.756162
   85.139274  182.012790    0.192224    0.412963
   85.140170  181.997684    0.131123    0.281696
   85.141064  181.982563    0.242408    0.722743
   85.141957  181.967434    0.333221    1.577112
   85.142849  181.952303    0.217748    0.490879
   85.143739  181.937173    0.980245    7.663999
   85.144629  181.922055    0.478556    2.944499
   85.145517  181.906943    0.275085    1.030438
   85.146404  181.891837    0.318502    1.438940
   85.149934  181.831484    0.360229    1.831712
   85.150813  181.816411    0.169383    0.363892
   85.151689  181.801342    0.132579    0.284824
   85.152565  181.786279    0.165673    0.355921
   85.155190  181.741116    0.099175    0.213060
   85.156065  181.726072    0.210854    0.452986
   85.156941  181.711022    0.229307    0.600549
   85.157818  181.695963    0.201985    0.433932
   85.158694  181.680888    0.068581    0.147335
   85.159571  181.665797    0.113137    0.243057
   85.160449  181.650689    0.179601    0.385844
   85.161327  181.635561    0.110029    0.236378
   85.162208  181.620404    0.038108    0.081868
   85.163090  181.605226    0.197583    0.424475
   85.164857  181.574802    0.229279    0.600810
   85.165742  181.559547    0.033287    0.071511
   85.166629  181.544274    0.209578    0.450244
   85.167516  181.528988    0.096803    0.207965
   85.170177  181.483097    0.202682    0.435428
   85.171063  181.467795    0.125353    0.269301
   85.171948  181.452491    0.159961    0.343649
   85.172832  181.437186    0.108552    0.233205
   85.173714  181.421882    0.149725    0.321660
   85.174594  181.406581    0.243981    0.739756
   85.176346  181.375997    0.119178    0.256033
   85.177218  181.360716    0.185478    0.398470
   85.178088  181.345440    0.169843    0.364881
   85.178956  181.330170    0.217816    0.493908
   85.179824  181.314902    0.229289    0.601897
   85.180691  181.299640    0.208700    0.448358
   85.181556  181.284383    0.285842    1.134021
   85.182421  181.269132    0.322353    1.477551
   85.183284  181.253901    0.268787    0.973700
   85.184146  181.238671    0.162697    0.349527
   85.185008  181.223440    0.268185    0.968151
   85.185871  181.208202    0.166604    0.357921
   85.186734  181.192945    0.242006    0.721993
   85.187598  181.177676    0.199673    0.428966
   85.188463  181.162393    0.279008    1.070203
   85.189329  181.147097    0.166414    0.357514
   85.191068  181.116466    0.202300    0.434609
   85.191940  181.101124    0.169919    0.365043
   85.192813  181.085758    0.468703    2.855018
   85.193686  181.070357    0.228097    0.591614
   85.194561  181.054933    0.140386    0.301597
   85.195436  181.039490    0.121852    0.261779
   85.196311  181.024030    0.101536    0.218133
   85.197186  181.008546    0.084124    0.180726
   85.198061  180.993053    0.077761    0.167058
   85.198936  180.977558    0.250398    0.801777
   85.199809  180.962067    0.109195    0.234587
   85.200682  180.946609    0.300170    1.270125
   85.201553  180.931159    0.240273    0.706721
   85.202423  180.915713    0.162520    0.349147
   85.203291  180.900265    0.134928    0.289871
   85.204156  180.884801    0.302691    1.294090
   85.205020  180.869334    0.439913    2.585046
   85.205882  180.853866    0.477645    2.940070
   85.206743  180.838400    0.214855    0.467980
   85.207604  180.822946    0.345558    1.697607
   85.208464  180.807495    0.252928    0.826268
   85.209324  180.792046    0.274985    1.033823
   85.210181  180.776594    0.111339    0.239194
   85.211036  180.761138    0.170476    0.366240
   85.211890  180.745679    0.212751    0.457062
   85.212743  180.730218    0.221231    0.528393
   85.213596  180.714754    0.235733    0.664886
   85.214450  180.699288    0.204150    0.438582
   85.215305  180.683820    0.212793    0.457150
   85.217015  180.652874    0.294747    1.220300
   85.217870  180.637408    0.333377    1.583764
   85.218725  180.621934    0.297026    1.241865
   85.219580  180.606447    0.227854    0.591198
   85.220436  180.590941    0.138873    0.298346
   85.222152  180.559823    0.338100    1.628507
   85.223011  180.544235    0.565625    3.768978
   85.223871  180.528633    0.105308    0.226238
   85.225593  180.497413    0.358033    1.816278
   85.226455  180.481785    0.254123    0.838820
   85.227317  180.466143    0.275930    1.044035
   85.228181  180.450478    0.167089    0.358963
   85.229045  180.434801    0.211041    0.453388
   85.229908  180.419116    0.247847    0.780037
   85.230769  180.403426    0.219103    0.509693
   85.231629  180.387734    0.450645    2.687949
   85.232486  180.372044    0.152140    0.326848
   85.233342  180.356359    0.124019    0.266435
   85.234196  180.340682    0.186413    0.400479
   85.235049  180.325029    0.233202    0.642639
   85.235901  180.309386    0.240042    0.707048
   85.236751  180.293752    0.300615    1.276946
   85.237598  180.278124    0.526673    3.403610
   85.238442  180.262503    0.427274    2.468594
   85.239285  180.246885    0.255819    0.855718
   85.240126  180.231269    0.429122    2.486102
   85.240966  180.215652    0.183978    0.395246
   85.241807  180.200034    0.242936    0.734710
   85.242648  180.184411    0.286560    1.145159
   85.243490  180.168783    0.237792    0.686446
   85.244331  180.153147    0.292457    1.200759
   85.245172  180.137504    0.212149    0.455767
   85.246013  180.121848    0.167689    0.360253
   85.246855  180.106176    0.243909    0.744237
   85.247697  180.090484    0.212611    0.456760
   85.248540  180.074757    0.240726    0.714418
   85.249384  180.059008    0.289598    1.174237
   85.250229  180.043239    0.239065    0.698919
   85.251075  180.027452    0.203557    0.437310
   85.251924  180.011641    0.227610    0.591284
   85.252773  179.995817    0.208752    0.448469
   85.253624  179.979984    0.269923    0.989465
   85.254475  179.964147    0.309046    1.357573
   85.255326  179.948326    0.281910    1.102362
   85.256177  179.932504    0.263921    0.933190
   85.257028  179.916677    0.283341    1.115944
   85.257879  179.900844    0.173449    0.372627
   85.258728  179.884987    0.258434    0.881765
   85.259577  179.869125    0.292409    1.201439
   85.260425  179.853258    0.114912    0.246869
   85.261272  179.837390    0.195137    0.419220
   85.262118  179.821531    0.232424    0.637334
   85.262963  179.805674    0.242680    0.733871
   85.263806  179.789821    0.253353    0.834340
   85.264647  179.773974    0.177520    0.381372
   85.265485  179.758133    0.151010    0.324420
   85.266319  179.742299    0.000000    0.000000
   85.267153  179.726469    0.234015    0.652671
   85.267985  179.710644    0.255560    0.855418
   85.268817  179.694825    0.336394    1.615914
   85.269648  179.679008    0.282365    1.107709
   85.270478  179.663196    0.334882    1.601818
   85.271307  179.647384    0.273494    1.024383
   85.272135  179.631582    0.233462    0.647851
   85.272962  179.615779    0.240030    0.709696
   85.274616  179.584149    0.232382    0.637875
   85.275443  179.568314    0.251828    0.820874
   85.276271  179.552465    0.268779    0.980400
   85.277101  179.536597    0.267627    0.969625
   85.277932  179.520709    0.376626    1.995082
   85.278767  179.504791    0.281198    1.097419
   85.279605  179.488850    0.303584    1.308071
   85.280443  179.472887    0.294288    1.220684
   85.281283  179.456903    0.315010    1.415684
   85.282120  179.440892    0.286984    1.152099
   85.282958  179.424861    0.233271    0.646865
   85.283796  179.408812    0.162700    0.349534
   85.284634  179.392748    0.182918    0.392968
   85.285473  179.376663    0.229813    0.614525
   85.286312  179.360567    0.180855    0.388537
   85.287151  179.344468    0.192593    0.413754
   85.287989  179.328369    0.183876    0.395027
   85.288827  179.312288    0.207113    0.444949
   85.289663  179.296214    0.214450    0.470317
   85.290498  179.280145    0.292154    1.201365
   85.291331  179.264083    0.205300    0.441053
   85.292160  179.248025    0.297820    1.254798
   85.292987  179.231975    0.382176    2.048431
   85.293812  179.215934    0.291755    1.197866
   85.294635  179.199901    0.227022    0.588969
   85.295454  179.183888    0.241556    0.725755
   85.296272  179.167884    0.245915    0.766829
   85.297088  179.151887    0.325513    1.515694
   85.297903  179.135893    0.259893    0.898449
   85.298718  179.119904    0.207769    0.446358
   85.299532  179.103914    0.223175    0.553149
   85.300346  179.087918    0.226662    0.586018
   85.301160  179.071916    0.324351    1.505076
   85.301974  179.055902    0.312039    1.389314
   85.302788  179.039872    0.403812    2.252718
   85.303603  179.023825    0.302115    1.296087
   85.304419  179.007755    0.305959    1.332311
   85.305236  178.991649    0.291006    1.191703
   85.306055  178.975518    0.385911    2.084567
   85.306874  178.959363    0.266649    0.962698
   85.307694  178.943187    0.282883    1.115481
   85.308516  178.926981    0.347712    1.725409
   85.309338  178.910760    0.501752    3.174575
   85.310162  178.894529    0.278911    1.078302
   85.310986  178.878293    0.385667    2.082651
   85.311812  178.862075    0.238092    0.694434
   85.312639  178.845859    0.255704    0.860174
   85.313466  178.829640    0.261289    0.912782
   85.314292  178.813417    0.195601    0.420217
   85.315117  178.797177    0.279224    1.081626
   85.315942  178.780935    0.262320    0.922667
   85.316765  178.764690    0.248010    0.788112
   85.318406  178.732206    0.310272    1.373955
   85.319224  178.715970    0.428014    2.481663
   85.320040  178.699736    0.276833    1.059508
   85.320855  178.683505    0.562064    3.742841
   85.321669  178.667274    0.307041    1.343815
   85.322480  178.651048    0.512560    3.277268
   85.323291  178.634825    0.280857    1.097626
   85.324100  178.618609    0.268027    0.976991
   85.325712  178.586217    0.224168    0.564534
   85.326516  178.570028    0.175389    0.376795
   85.327319  178.553836    0.359272    1.835633
   85.328122  178.537643    0.191603    0.411627
   85.328924  178.521443    0.246606    0.775883
   85.329726  178.505237    0.210583    0.452403
   85.330527  178.489021    0.239242    0.706746
   85.331328  178.472790    0.263965    0.939386
   85.332130  178.456547    0.227869    0.599890
   85.332933  178.440288    0.195264    0.419493
   85.333736  178.424016    0.211770    0.454952
   85.334544  178.407729    0.244041    0.752219
   85.335352  178.391423    0.199146    0.427834
   85.336162  178.375097    0.222646    0.551092
   85.336973  178.358748    0.231388    0.633398
   85.337783  178.342361    0.260733    0.909519
   85.338593  178.325953    0.253910    0.845399
   85.339404  178.309526    0.276121    1.054413
   85.340215  178.293086    0.215165    0.481047
   85.341027  178.276635    0.237444    0.690707
   85.341840  178.260178    0.269999    0.997023
   85.342652  178.243719    0.151291    0.325025
   85.343463  178.227260    0.173834    0.373453
   85.344275  178.210822    0.334542    1.604410
   85.345086  178.194388    0.177577    0.381494
   85.346703  178.161527    0.241043    0.725029
   85.347508  178.145083    0.258720    0.891394
   85.348311  178.128641    0.185363    0.398222
   85.349113  178.112206    0.120900    0.259734
   85.349911  178.095783    0.224461    0.569310
   85.350707  178.079391    0.235338    0.671697
   85.351501  178.063012    0.230416    0.625468
   85.352293  178.046644    0.406719    2.284072
   85.353084  178.030280    0.193699    0.416131
   85.353873  178.013920    0.232838    0.648452
   85.354662  177.997559    0.311255    1.386208
   85.356238  177.964827    0.172019    0.369555
   85.357028  177.948454    0.200138    0.429963
   85.357817  177.932069    0.330209    1.564788
   85.358608  177.915665    0.221617    0.543297
   85.359399  177.899238    0.319983    1.468720
   85.360190  177.882767    0.284230    1.132447
   85.360983  177.866267    0.123067    0.264389
   85.361776  177.849741    0.193988    0.416750
   85.362570  177.833192    0.280465    1.097233
   85.363366  177.816612    0.333947    1.600420
   85.364162  177.800014    0.182438    0.391938
   85.364959  177.783398    0.153556    0.329891
   85.365758  177.766771    0.363756    1.881047
   85.367358  177.733505    0.234235    0.662742
   85.368160  177.716862    0.227042    0.595144
   85.370567  177.666891    0.127015    0.272870
   85.371368  177.650228    0.155601    0.334284
   85.372966  177.616912    0.209737    0.450585
   85.373761  177.600264    0.185745    0.399043
   85.374554  177.583623    0.186646    0.400978
   85.375346  177.566991    0.232659    0.648589
   85.376134  177.550368    0.206374    0.443360
   85.377704  177.517162    0.327439    1.540418
   85.378487  177.500583    0.266448    0.966720
   85.379270  177.484039    0.190733    0.409758
   85.380051  177.467510    0.224523    0.572454
   85.380832  177.450988    0.204515    0.439368
   85.381610  177.434472    0.346143    1.716709
   85.382383  177.417948    0.214262    0.476129
   85.383156  177.401420    0.155708    0.334512
   85.383927  177.384885    0.207449    0.445670
   85.384699  177.368340    0.167316    0.359450
   85.385474  177.351787    0.110207    0.236761
   85.386250  177.335217    0.033131    0.071177
   85.387027  177.318625    0.207764    0.446347
   85.388587  177.285343    0.406055    2.280931
   85.389369  177.268649    0.185878    0.399329
   85.390153  177.251922    0.398772    2.212549
   85.390938  177.235160    0.031904    0.068540
   85.391726  177.218349    0.091813    0.197246
   85.392515  177.201508    0.178923    0.384387
   85.393305  177.184645    0.171794    0.369072
   85.394095  177.167767    0.245503    0.771037
   85.394883  177.150886    0.137057    0.294444
   85.395671  177.134000    0.175310    0.376625
   85.396459  177.117110    0.306466    1.344736
   85.397246  177.100220    0.206681    0.444021
   85.398034  177.083331    0.409953    2.318411
   85.398822  177.066447    0.367328    1.917489
   85.399608  177.049573    0.485121    3.025679
   85.400393  177.032713    0.398525    2.211112
   85.401174  177.015877    0.354008    1.792386
   85.401953  176.999061    0.286441    1.156830
   85.402729  176.982265    0.249603    0.810353
   85.403503  176.965490    0.495990    3.128267
   85.404273  176.948750    0.163150    0.350501
   85.405040  176.932031    0.087011    0.186928
   85.405805  176.915327    0.287932    1.171198
   85.406569  176.898633    0.546007    3.599057
   85.407331  176.881951    0.319877    1.471848
   85.408093  176.865272    0.314229    1.418776
   85.408854  176.848590    0.550026    3.637068
   85.409615  176.831901    0.407564    2.296954
   85.410378  176.815198    0.233526    0.659778
   85.411142  176.798478    0.317794    1.452587
   85.411907  176.781733    0.250697    0.821451
   85.412672  176.764961    0.227978    0.607788
   85.413438  176.748140    0.735580    5.383041
   85.414205  176.731285    0.630350    4.393176
   85.414973  176.714397    0.733620    5.364738
   85.415742  176.697477    0.672243    4.787414
   85.416512  176.680516    1.030674    8.159363
   85.417284  176.663528    0.605909    4.163526
   85.418057  176.646518    0.473866    2.921422
   85.418830  176.629493    0.249151    0.807517
   85.419604  176.612462    0.264115    0.948353
   85.420379  176.595423    0.161967    0.347959
   85.421153  176.578380    0.209502    0.450081
   85.422704  176.544298    0.135490    0.291077
   85.423480  176.527262    0.151414    0.325288
   85.424255  176.510228    0.164764    0.353968
   85.425028  176.493193    0.194868    0.418642
   85.425796  176.476145    0.296106    1.249846
   85.426562  176.459101    0.170887    0.367122
   85.427327  176.442067    0.270615    1.010180
   85.429617  176.391111    0.353649    1.791518
   85.430379  176.374167    0.343969    1.700519
   85.431138  176.357234    0.399384    2.221896
   85.431894  176.340308    0.308626    1.368166
   85.432647  176.323389    0.465451    2.843545
   85.433399  176.306475    0.621724    4.313724
   85.434149  176.289564    0.288270    1.176878
   85.434898  176.272657    0.293794    1.228909
   85.435647  176.255748    0.220392    0.538461
   85.436395  176.238833    0.227600    0.606340
   85.437143  176.221908    0.293870    1.229827
   85.438640  176.188005    0.224212    0.574665
   85.439390  176.171028    0.215466    0.492455
   85.440140  176.154034    0.284898    1.145697
   85.440893  176.137027    0.238109    0.705607
   85.441647  176.119995    0.261197    0.922868
   85.442403  176.102931    0.172481    0.370548
   85.443917  176.068659    0.284375    1.141133
   85.444676  176.051448    0.292789    1.220353
   85.445435  176.034210    0.111061    0.238597
   85.446196  176.016952    0.129134    0.277424
   85.446957  175.999690    0.112087    0.240800
   85.447719  175.982420    0.374544    1.989745
   85.448481  175.965144    0.214670    0.485824
   85.449243  175.947868    0.203820    0.437873
   85.450004  175.930598    0.367916    1.927606
   85.450764  175.913333    0.191459    0.411319
   85.451523  175.896074    0.159950    0.343627
   85.452279  175.878822    0.229604    0.626678
   85.453034  175.861575    0.240992    0.733880
   85.453786  175.844339    0.237417    0.700319
   85.454537  175.827120    0.116966    0.251282
   85.455285  175.809921    0.179648    0.385944
   85.456031  175.792757    0.191694    0.411823
   85.456775  175.775616    0.214280    0.482951
   85.457517  175.758495    0.161029    0.345945
   85.458258  175.741394    0.262243    0.934297
   85.458997  175.724325    0.244990    0.772060
   85.459734  175.707267    0.208471    0.447866
   85.460471  175.690214    0.130145    0.279595
   85.461207  175.673157    0.255512    0.871258
   85.461943  175.656090    0.211246    0.454910
   85.462679  175.639007    0.113201    0.243193
   85.463414  175.621898    0.133283    0.286337
   85.464150  175.604760    0.374348    1.989478
   85.464886  175.587562    0.230213    0.633621
   85.465622  175.570328    0.346628    1.728848
   85.466360  175.553059    0.102357    0.219898
   85.467098  175.535758    0.217414    0.513437
   85.467839  175.518422    0.179617    0.385878
   85.468581  175.501059    0.167191    0.359183
   85.469325  175.483674    0.170076    0.365381
   85.470070  175.466269    0.131445    0.282389
   85.470817  175.448855    0.123328    0.264950
   85.471565  175.431428    0.061625    0.132391
   85.472313  175.413988    0.132055    0.283699
   85.473062  175.396536    0.121476    0.260971
   85.473810  175.379071    0.095655    0.205500
   85.474556  175.361598    0.000000    0.000000
   85.475303  175.344122    0.226435    0.599097
   85.476048  175.326643    0.121839    0.261751
   85.476791  175.309160    0.042215    0.090692
   85.477533  175.291684    0.071657    0.153943
   85.478273  175.274222    0.188434    0.404819
   85.479012  175.256780    0.078216    0.168035
   85.479749  175.239381    0.226472    0.599879
   85.482677  175.170034    0.130467    0.280288
   85.483403  175.152752    0.162852    0.349861
   85.484128  175.135484    0.141964    0.304986
   85.490605  174.979973    0.084759    0.182091
   85.491330  174.962585    0.156397    0.335994
   85.492058  174.945166    0.256143    0.880219
   85.492787  174.927712    0.160369    0.344526
   85.493517  174.910224    0.318040    1.462653
   85.494248  174.892689    0.152631    0.327902
   85.494979  174.875121    0.063306    0.136003
   85.495711  174.857522    0.239337    0.722480
   85.514448  174.401206    0.078047    0.167671
   85.519436  174.277523    0.129837    0.278933
   85.520155  174.259744    0.011426    0.024547
   85.520874  174.241946    0.094318    0.202627
   85.525193  174.134980    0.074793    0.160680
   85.525908  174.117132    0.129480    0.278166
   85.526622  174.099286    0.059210    0.127202
   85.527334  174.081449    0.112378    0.241426
   85.529459  174.028049    0.296832    1.266743
   85.530164  174.010294    0.384969    2.095949
   85.530868  173.992563    0.176437    0.379047
   85.531569  173.974873    0.346062    1.730084
   85.532268  173.957205    0.144461    0.310351
   85.532966  173.939554    0.136198    0.292600
   85.533662  173.921914    0.217112    0.517222
   85.534357  173.904283    0.117948    0.253392
   85.535051  173.886653    0.160628    0.345082
   85.535745  173.869018    0.224541    0.587324
   85.536438  173.851372    0.213969    0.487939
   85.537823  173.816002    0.204915    0.440226
   85.538516  173.798290    0.261096    0.931494
   85.539210  173.780557    0.256047    0.884070
   85.539908  173.762813    0.389026    2.135117
   85.540606  173.745044    0.220544    0.550225
   85.541306  173.727246    0.281594    1.124617
   85.542006  173.709414    0.150717    0.323790
   85.542706  173.691525    0.217614    0.522878
   85.544109  173.655642    0.230410    0.643396
   85.544811  173.637655    0.198606    0.426673
   85.545515  173.619639    0.263344    0.953361
   85.546221  173.601599    0.333597    1.614331
   85.546926  173.583542    0.382868    2.077914
   85.547631  173.565469    0.180301    0.387346
   85.548336  173.547388    0.353540    1.802157
   85.549040  173.529300    0.291640    1.219914
   85.549743  173.511210    0.313507    1.425700
   85.550445  173.493127    0.360449    1.867375
   85.551145  173.475050    0.311426    1.406266
   85.551844  173.456989    0.204170    0.438626
   85.552541  173.438948    0.231922    0.658498
   85.553235  173.420932    0.165445    0.355431
   85.553927  173.402964    0.383056    2.080418
   85.554615  173.385027    0.260094    0.923752
   85.555302  173.367120    0.343670    1.710052
   85.555986  173.349240    0.186613    0.400908
   85.556666  173.331401    0.295510    1.257148
   85.557344  173.313582    0.312710    1.419030
   85.558021  173.295774    0.289078    1.196791
   85.558697  173.277972    0.158937    0.341450
   85.559374  173.260160    0.220251    0.549470
   85.560052  173.242340    0.215204    0.502061
   85.561409  173.206656    0.254386    0.870810
   85.563448  173.152945    0.146854    0.315491
   85.564130  173.134978    0.279173    1.104296
   85.564814  173.116956    0.416142    2.392887
   85.565499  173.098898    0.355131    1.819010
   85.566186  173.080805    0.355210    1.819834
   85.566873  173.062679    0.308837    1.383664
   85.567562  173.044522    0.290259    1.208972
   85.568251  173.026338    0.761692    5.643970
   85.568941  173.008131    0.523356    3.401942
   85.569631  172.989904    0.293805    1.242553
   85.570323  172.971656    0.280870    1.120947
   85.571014  172.953397    0.281852    1.130266
   85.571705  172.935130    0.198378    0.426183
   85.572395  172.916863    0.498559    3.169060
   85.573083  172.898605    0.304396    1.342573
   85.574455  172.862113    0.206546    0.443730
   85.575139  172.843884    0.299346    1.295294
   85.575821  172.825672    0.252661    0.856198
   85.576501  172.807480    0.182083    0.391175
   85.577178  172.789311    0.143874    0.309091
   85.577853  172.771170    0.206756    0.444181
   85.578524  172.753076    0.119827    0.257429
   85.579192  172.735013    0.174297    0.374449
   85.579858  172.716973    0.130558    0.280482
   85.580523  172.698953    0.151746    0.326002
   85.581188  172.680953    0.138139    0.296768
   85.581852  172.662965    0.278637    1.101243
   85.582516  172.644984    0.128840    0.276792
   85.583180  172.627005    0.185897    0.399370
   85.583843  172.609030    0.196133    0.421359
   85.584505  172.591045    0.487133    3.062934
   85.585168  172.573040    0.259769    0.924125
   85.585832  172.555007    0.148254    0.318499
   85.586497  172.536923    0.191514    0.411437
   85.587164  172.518800    0.207937    0.446718
   85.587832  172.500635    0.171327    0.368069
   85.588502  172.482425    0.310959    1.406069
   85.589176  172.464150    0.157346    0.338032
   85.589852  172.445832    0.199812    0.429263
   85.590529  172.427477    0.215903    0.512070
   85.591206  172.409090    0.157997    0.339431
   85.591882  172.390677    0.195858    0.420769
   85.592558  172.372243    0.351284    1.785879
   85.593233  172.353793    0.200933    0.431672
   85.593908  172.335332    0.265485    0.978890
   85.594582  172.316869    0.364468    1.910136
   85.595255  172.298404    0.301987    1.322437
   85.595927  172.279943    0.198785    0.427057
   85.596598  172.261490    0.257858    0.907450
   85.597267  172.243046    0.324777    1.537058
   85.597933  172.224620    0.189824    0.407806
   85.598598  172.206213    0.192893    0.414399
   85.599261  172.187834    0.155222    0.333469
   85.599922  172.169501    0.213393    0.489536
   85.600581  172.151198    0.187966    0.403814
   85.601237  172.132922    0.123841    0.266051
   85.601892  172.114672    0.258604    0.915086
   85.602544  172.096453    0.216152    0.515800
   85.603195  172.078253    0.256733    0.897630
   85.603844  172.060067    0.182043    0.391091
   85.604492  172.041892    0.210875    0.466386
   85.605139  172.023728    0.185823    0.399211
   85.605786  172.005562    0.458515    2.796169
   85.606433  171.987385    0.357395    1.844977
   85.607081  171.969189    0.159756    0.343209
   85.607729  171.950951    0.172889    0.371424
   85.608379  171.932683    0.224677    0.596680
   85.609029  171.914385    0.288119    1.193578
   85.609681  171.896056    0.380867    2.066162
   85.610336  171.877685    0.352656    1.800853
   85.610991  171.859283    0.567942    3.826194
   85.611648  171.840849    0.291892    1.229374
   85.612305  171.822389    0.172569    0.370736
   85.612962  171.803903    0.410624    2.346477
   85.613620  171.785392    0.328589    1.574823
   85.614278  171.766857    0.416588    2.402737
   85.614936  171.748301    0.381579    2.073476
   85.615597  171.729714    0.271609    1.039025
   85.616257  171.711112    0.389861    2.151543
   85.616917  171.692498    0.280915    1.126727
   85.617576  171.673881    0.323200    1.524591
   85.618232  171.655267    0.347643    1.754611
   85.618886  171.636658    0.555603    3.711042
   85.619539  171.618057    0.440665    2.629859
   85.620190  171.599468    0.536785    3.534167
   85.620841  171.580907    0.276372    1.084447
   85.621491  171.562361    0.246928    0.807534
   85.622139  171.543831    0.216122    0.517810
   85.622784  171.525316    0.127497    0.273907
   85.623426  171.506805    0.277256    1.093074
   85.624065  171.488312    0.405913    2.303472
   85.624703  171.469837    0.263065    0.959724
   85.625339  171.451385    0.248030    0.818358
   85.625975  171.432985    0.488306    3.078800
   85.626609  171.414604    0.742425    5.469460
   85.627243  171.396234    0.482913    3.028210
   85.627877  171.377865    0.574403    3.888972
   85.628510  171.359485    0.158465    0.340435
   85.629144  171.341094    0.164005    0.352337
   85.629778  171.322687    0.136333    0.292890
   85.630412  171.304260    0.135158    0.290366
   85.631047  171.285798    0.131224    0.281913
   85.631684  171.267308    0.238699    0.731344
   85.632321  171.248789    0.097491    0.209444
   85.632958  171.230237    0.198851    0.427200
   85.633596  171.211642    0.158113    0.339680
   85.634235  171.193015    0.237508    0.720450
   85.634875  171.174360    0.203156    0.436448
   85.636160  171.136972    0.193756    0.416252
   85.636805  171.118243    0.168554    0.362110
   85.637450  171.099489    0.149840    0.321906
   85.638095  171.080713    0.246462    0.805143
   85.638740  171.061894    0.180817    0.388455
   85.639383  171.043059    0.233422    0.682619
   85.640026  171.024219    0.318744    1.485351
   85.640667  171.005380    0.169502    0.364148
   85.641307  170.986570    0.317227    1.471239
   85.641945  170.967773    0.211640    0.478025
   85.642581  170.948992    0.183999    0.395293
   85.643215  170.930229    0.161550    0.347064
   85.643846  170.911484    0.179279    0.385152
   85.644475  170.892762    0.178577    0.383643
   85.645727  170.855391    0.095309    0.204756
   85.646350  170.836766    0.156734    0.336718
   85.646972  170.818164    0.313086    1.432971
   85.647593  170.799582    0.324482    1.540255
   85.648213  170.781014    0.345224    1.735462
   85.648830  170.762457    0.225848    0.612524
   85.649446  170.743903    0.156512    0.336241
   85.650063  170.725344    0.167794    0.360478
   85.650679  170.706774    0.097947    0.210424
   85.651299  170.688177    0.179461    0.385543
   85.651919  170.669557    0.258313    0.918319
   85.653163  170.632240    0.161941    0.347904
   85.653785  170.613528    0.291843    1.233987
   85.654408  170.594783    0.185162    0.397790
   85.655657  170.557200    0.223387    0.590246
   85.656284  170.538361    0.171235    0.367870
   85.657539  170.500597    0.168676    0.362372
   85.658168  170.481673    0.216368    0.524540
   85.658796  170.462718    0.329324    1.587238
   85.659425  170.443741    0.169220    0.363541
   85.660053  170.424747    0.282454    1.146477
   85.660681  170.405741    0.287508    1.194099
   85.661309  170.386720    0.196145    0.421386
   85.661935  170.367699    0.147066    0.315947
   85.662560  170.348682    0.252877    0.868558
   85.663184  170.329678    0.195599    0.420213
   85.663804  170.310698    0.278121    1.106200
   85.664421  170.291740    0.144805    0.311090
   85.665037  170.272808    0.157176    0.337667
   85.665651  170.253903    0.077814    0.167171
   85.666264  170.235048    0.149949    0.322141
   85.666875  170.216222    0.400131    2.254396
   85.667485  170.197420    0.152785    0.328234
   85.668092  170.178640    0.191519    0.411446
   85.668697  170.159880    0.300331    1.315787
   85.669299  170.141134    0.227574    0.631422
   85.669901  170.122398    0.194782    0.418457
   85.670501  170.103665    0.184046    0.395393
   85.671100  170.084939    0.205894    0.442330
   85.671699  170.066207    0.282353    1.147064
   85.672298  170.047463    0.146497    0.314725
   85.672899  170.028701    0.125409    0.269421
   85.673502  170.009908    0.240473    0.753325
   85.674108  169.991086    0.452643    2.749361
   85.674714  169.972228    0.105743    0.227172
   85.675322  169.953330    0.365777    1.932344
   85.675931  169.934366    0.175130    0.376239
   85.676541  169.915358    0.167202    0.359207
   85.677151  169.896313    0.163824    0.351948
   85.677762  169.877235    0.202696    0.435459
   85.678375  169.858128    0.170634    0.366579
   85.678987  169.838996    0.126479    0.271718
   85.679600  169.819844    0.354730    1.828993
   85.680214  169.800678    0.288857    1.209378
   85.680828  169.781499    0.298098    1.296400
   85.681442  169.762316    0.507096    3.262592
   85.682054  169.743131    0.125066    0.268685
   85.682666  169.723949    0.084680    0.181920
   85.683274  169.704779    0.337059    1.663244
   85.683880  169.685619    0.137830    0.296105
   85.684484  169.666478    0.232850    0.683081
   85.685085  169.647358    0.193378    0.415441
   85.685685  169.628272    0.173652    0.373063
   85.686283  169.609213    0.181523    0.389972
   85.686878  169.590178    0.251195    0.855975
   85.687471  169.571168    0.070746    0.151987
   85.688061  169.552198    0.181843    0.390660
   85.689235  169.514309    0.095104    0.204316
   85.689821  169.495377    0.208903    0.458532
   85.691579  169.438555    0.101814    0.218731
   85.692165  169.419597    0.000000    0.000000
   85.692751  169.400620    0.136250    0.292711
   85.693338  169.381625    0.152257    0.327100
   85.693925  169.362609    0.098828    0.212317
   85.694513  169.343569    0.169883    0.364967
   85.695102  169.324500    0.127674    0.274288
   85.695692  169.305402    0.153037    0.328776
   85.696282  169.286276    0.207012    0.444731
   85.696875  169.267119    0.198632    0.426728
   85.697470  169.247919    0.145985    0.313624
   85.698067  169.228689    0.138729    0.298037
   85.698665  169.209433    0.108833    0.233811
   85.699262  169.190154    0.173761    0.373297
   85.699859  169.170853    0.125476    0.269565
   85.700455  169.151534    0.259815    0.938927
   85.701050  169.132203    0.070311    0.151051
   85.701645  169.112861    0.145978    0.313610
   85.702239  169.093509    0.242347    0.774850
   85.702833  169.074156    0.189644    0.407418
   85.703424  169.054809    0.179753    0.386171
   85.704015  169.035473    0.328188    1.582629
   85.704603  169.016171    0.137527    0.295454
   85.705189  168.996886    0.209865    0.469691
   85.705774  168.977618    0.192956    0.414534
   85.706357  168.958364    0.218857    0.554443
   85.707515  168.919889    0.202928    0.435957
   85.708091  168.900675    0.187721    0.403287
   85.708665  168.881479    0.122987    0.264218
   85.709237  168.862311    0.171291    0.367992
   85.710378  168.824018    0.056757    0.121932
   85.710947  168.804884    0.183411    0.394029
   85.711516  168.785757    0.151263    0.324964
   85.712085  168.766627    0.130235    0.279789
   85.712655  168.747489    0.265029    0.989688
   85.713225  168.728336    0.494565    3.149088
   85.713797  168.709153    0.301062    1.328821
   85.714369  168.689948    0.297009    1.290776
   85.714942  168.670719    0.266347    1.002409
   85.715515  168.651467    0.165085    0.354659
   85.716089  168.632191    0.301078    1.329303
   85.716664  168.612888    0.140075    0.300928
   85.717240  168.593555    0.108140    0.232320
   85.717817  168.574188    0.159384    0.342411
   85.718395  168.554773    0.218470    0.552506
   85.718973  168.535324    0.269231    1.030112
   85.719553  168.515846    0.318026    1.489222
   85.720133  168.496343    0.230080    0.661970
   85.720715  168.476804    0.144232    0.309859
   85.721297  168.457251    0.283996    1.169341
   85.721879  168.437690    0.250621    0.855448
   85.723036  168.398589    0.154649    0.332239
   85.723611  168.379062    0.147337    0.316528
   85.724185  168.359553    0.265648    0.997141
   85.724756  168.340066    0.226079    0.624985
   85.725324  168.320617    0.244675    0.800000
   85.725890  168.301196    0.141436    0.303851
   85.726454  168.281801    0.131236    0.281939
   85.727017  168.262432    0.234953    0.708788
   85.727578  168.243106    0.376288    2.038455
   85.728137  168.223800    0.330476    1.607571
   85.728695  168.204505    0.326791    1.572985
   85.729251  168.185213    0.317310    1.483872
   85.729805  168.165905    0.115040    0.247145
   85.730357  168.146589    0.131493    0.282490
   85.730909  168.127266    0.264388    0.986261
   85.731460  168.107930    0.420282    2.452892
   85.732013  168.088577    0.312431    1.438380
   85.732565  168.069210    0.329505    1.599083
   85.733118  168.049824    0.344156    1.736992
   85.733672  168.030421    0.179738    0.386137
   85.734783  167.991555    0.403460    2.295124
   85.735340  167.972086    0.267435    1.015573
   85.735898  167.952590    0.348200    1.775442
   85.736461  167.933057    0.425294    2.500767
   85.737025  167.913496    0.508383    3.282500
   85.737590  167.893905    0.399023    2.253792
   85.738155  167.874287    0.516769    3.361552
   85.738720  167.854632    0.131349    0.282183
   85.739285  167.834954    0.125979    0.270645
   85.739850  167.815258    0.217292    0.544512
   85.740413  167.795548    0.169258    0.363623
   85.740974  167.775822    0.262560    0.970532
   85.741535  167.756094    0.187654    0.403144
   85.742093  167.736372    0.189451    0.407005
   85.742651  167.716663    0.156693    0.336629
   85.743208  167.696990    0.363527    1.920711
   85.743763  167.677340    0.182514    0.392101
   85.744316  167.657711    0.286454    1.195828
   85.744867  167.638104    0.188192    0.404300
   85.745415  167.618521    0.283130    1.164731
   85.745962  167.598960    0.241825    0.776249
   85.746506  167.579423    0.163678    0.351636
   85.747587  167.540437    0.126577    0.271930
   85.748126  167.520983    0.200625    0.431010
   85.748663  167.501536    0.327494    1.582593
   85.749199  167.482091    0.127645    0.274224
   85.749733  167.462628    0.292219    1.250911
   85.750268  167.443155    0.169835    0.364863
   85.750802  167.423667    0.166068    0.356770
   85.751338  167.404160    0.119866    0.257513
   85.751875  167.384631    0.162897    0.349958
   85.752413  167.365075    0.193109    0.414864
   85.752952  167.345492    0.161677    0.347337
   85.753493  167.325877    0.209018    0.468812
   85.754037  167.306219    0.133311    0.286396
   85.754582  167.286528    0.384669    2.121392
   85.755128  167.266801    0.363084    1.918424
   85.755674  167.247041    0.156107    0.335370
   85.756217  167.227235    0.184027    0.395353
   85.756761  167.207399    0.320031    1.513666
   85.757305  167.187541    0.401163    2.276990
   85.757849  167.167665    0.508747    3.289148
   85.758396  167.147778    0.414711    2.404607
   85.758942  167.127884    0.439652    2.639322
   85.759489  167.107988    0.330935    1.616671
   85.760035  167.088096    0.267499    1.019999
   85.760579  167.068210    0.356233    1.854830
   85.761123  167.048339    0.295677    1.285244
   85.761665  167.028487    0.266423    1.010130
   85.762204  167.008659    0.316498    1.481287
   85.762740  166.988876    0.511343    3.314348
   85.763273  166.969123    0.477373    2.994869
   85.763804  166.949398    0.318205    1.497605
   85.764332  166.929700    0.315392    1.471225
   85.764858  166.910041    0.438916    2.633343
   85.765383  166.890404    0.205789    0.442103
   85.765906  166.870777    0.471217    2.937378
   85.766427  166.851155    0.320320    1.517931
   85.766947  166.831519    0.232270    0.689701
   85.767466  166.811877    0.395342    2.223852
   85.767985  166.792227    0.481486    3.034323
   85.768504  166.772566    0.337450    1.679417
   85.769023  166.752898    0.120495    0.258863
   85.769544  166.733213    0.114085    0.245094
   85.770586  166.693765    0.081207    0.174461
   85.771109  166.673972    0.083540    0.179473
   85.772157  166.634298    0.273582    1.079189
   85.773209  166.594547    0.213059    0.510002
   85.773736  166.574650    0.294970    1.280652
   85.774264  166.554733    0.471318    2.939701
   85.774792  166.534793    0.176606    0.379409
   85.775323  166.514816    0.271290    1.058142
   85.775854  166.494818    0.201279    0.432416
   85.776913  166.454777    0.387861    2.155021
   85.777440  166.434738    0.193012    0.414656
   85.777965  166.414695    0.118047    0.253605
   85.778489  166.394658    0.171252    0.367908
   85.779537  166.354635    0.196319    0.421758
   85.780061  166.334657    0.259811    0.950929
   85.780584  166.314696    0.102778    0.220802
   85.781105  166.294754    0.244907    0.810899
   85.781622  166.274828    0.174956    0.375863
   85.782136  166.254921    0.201173    0.432187
   85.782648  166.235033    0.253820    0.894996
   85.783158  166.215164    0.261153    0.964069
   85.783665  166.195327    0.304988    1.376527
   85.784170  166.175506    0.275286    1.097191
   85.784674  166.155695    0.130489    0.280334
   85.785678  166.116085    0.116408    0.250084
   85.786179  166.096277    0.000000    0.000000
   85.786680  166.076461    0.230644    0.677657
   85.787181  166.056634    0.235913    0.727308
   85.787685  166.036793    0.185462    0.398434
   85.788190  166.016930    0.214948    0.530258
   85.788695  165.997044    0.138541    0.297632
   85.789201  165.977127    0.186732    0.401163
   85.789706  165.957166    0.290733    1.243448
   85.790212  165.937170    0.095682    0.205557
   85.791227  165.897074    0.194177    0.417157
   85.791739  165.876965    0.113149    0.243082
   85.792251  165.856825    0.075395    0.161975
   85.792765  165.836659    0.225138    0.626895
   85.793278  165.816470    0.072751    0.156293
   85.794304  165.776031    0.031342    0.067333
   85.794817  165.755804    0.016315    0.035051
   85.796348  165.695203    0.259115    0.947127
   85.796855  165.675036    0.038894    0.083558
   85.797360  165.654886    0.173219    0.372132
   85.797861  165.634748    0.139882    0.300514
   85.798359  165.614630    0.064409    0.138373
   85.798856  165.594539    0.101129    0.217260
   85.799350  165.574476    0.210120    0.486733
   85.799844  165.554472    0.293358    1.269864
   85.800336  165.534496    0.361786    1.913683
   85.800827  165.514540    0.341843    1.726159
   85.801316  165.494599    0.141542    0.304079
   85.801804  165.474669    0.176818    0.379864
   85.802290  165.454739    0.046954    0.100872
   85.802776  165.434800    0.175998    0.378103
   85.803262  165.414843    0.094709    0.203466
   85.803749  165.394838    0.208269    0.470093
   85.804235  165.374807    0.135572    0.291255
   85.804722  165.354753    0.166996    0.358764
   85.805210  165.334678    0.086496    0.185822
   85.805697  165.314599    0.110533    0.237463
   85.806186  165.294496    0.086521    0.185876
   85.806675  165.274363    0.175947    0.377994
   85.807165  165.254195    0.212998    0.515179
   85.807656  165.233965    0.276684    1.114385
   85.808148  165.213697    0.433311    2.587912
   85.808641  165.193398    0.149977    0.322201
   85.809134  165.173070    0.033661    0.072314
   85.809627  165.152713    0.039407    0.084658
   85.810120  165.132340    0.189743    0.407632
   85.810613  165.111955    0.016782    0.036053
   85.811107  165.091567    0.284324    1.186864
   85.811603  165.071199    0.100942    0.216857
   85.812098  165.050836    0.140615    0.302089
   85.812592  165.030477    0.357519    1.875687
   85.813085  165.010121    0.123637    0.265614
   85.813575  164.989748    0.233545    0.709598
   85.814062  164.969385    0.173952    0.373708
   85.814548  164.949046    0.146705    0.315172
   85.815031  164.928740    0.163283    0.350788
   85.815512  164.908503    0.017478    0.037549
   85.815991  164.888307    0.151973    0.326489
   85.816468  164.868148    0.133453    0.286703
   85.816943  164.848024    0.131665    0.282861
   85.817416  164.827951    0.152844    0.328361
   85.817887  164.807900    0.052425    0.112627
   85.824943  164.504592    0.287037    1.214926
   85.825420  164.484116    0.116968    0.251287
   85.825897  164.463618    0.221657    0.600059
   85.826374  164.443102    0.044490    0.095579
   85.826854  164.422556    0.356332    1.867176
   85.827333  164.401997    0.264364    1.002094
   85.827812  164.381437    0.325309    1.575510
   85.828289  164.360882    0.017533    0.037667
   85.828764  164.340345    0.110315    0.236993
   85.829237  164.319827    0.240995    0.782611
   85.830177  164.278871    0.236954    0.744776
   85.830644  164.258466    0.261162    0.972600
   85.831109  164.238097    0.207477    0.467660
   85.831573  164.217761    0.425477    2.518551
   85.832034  164.197452    0.367768    1.975747
   85.832493  164.177183    0.103776    0.222946
   85.832950  164.156933    0.347431    1.784615
   85.833405  164.136694    0.323985    1.564137
   85.833860  164.116457    0.461770    2.860416
   85.834315  164.096197    0.618902    4.338700
   85.834769  164.075929    0.657061    4.697770
   85.835222  164.055653    0.844460    6.460782
   85.835674  164.035368    0.582852    3.999836
   85.836124  164.015088    0.492075    3.145955
   85.836574  163.994791    0.481150    3.043266
   85.837023  163.974474    0.263288    0.993855
   85.837472  163.954127    0.231111    0.691253
   85.837923  163.933730    0.323874    1.563991
   85.838375  163.913299    0.195821    0.420690
   85.838828  163.892835    0.063392    0.136186
   85.839282  163.872340    0.205213    0.447977
   85.840196  163.831260    0.620799    4.357721
   85.840654  163.810679    0.337269    1.690546
   85.841112  163.790073    0.457773    2.824256
   85.841570  163.769442    0.399396    2.275180
   85.842028  163.748789    0.167973    0.360863
   85.842486  163.728120    0.215442    0.544847
   85.842944  163.707438    0.176882    0.380003
   85.843402  163.686730    0.087956    0.188959
   85.843859  163.666021    0.193515    0.415735
   85.844315  163.645318    0.216563    0.555754
   85.844771  163.624634    0.276818    1.122685
   85.845224  163.604003    0.274145    1.097628
   85.845676  163.583399    0.219714    0.585666
   85.846127  163.562818    0.278153    1.135513
   85.846576  163.542256    0.187817    0.403493
   85.847023  163.521705    0.202962    0.436030
   85.847468  163.501174    0.227755    0.661670
   85.847912  163.480662    0.121793    0.261652
   85.848353  163.460175    0.197397    0.424075
   85.848793  163.439723    0.459001    2.837353
   85.849230  163.419294    0.235398    0.733930
   85.849666  163.398882    0.205260    0.450500
   85.850100  163.378483    0.187045    0.401835
   85.850532  163.358107    0.238456    0.762967
   85.850964  163.337733    0.236266    0.742459
   85.851395  163.317353    0.272167    1.080284
   85.851827  163.296955    0.194048    0.416879
   85.852261  163.276514    0.056011    0.120330
   85.852696  163.256045    0.226731    0.653119
   85.853132  163.235543    0.240537    0.783085
   85.853568  163.215008    0.162498    0.349101
   85.854004  163.194431    0.156389    0.335975
   85.854440  163.173818    0.206190    0.460241
   85.854876  163.153169    0.202773    0.435626
   85.855312  163.132481    0.158309    0.340100
   85.880523  161.886313    0.009788    0.021027
   85.880920  161.865603    0.224060    0.634062
   85.881317  161.844874    0.162794    0.349736
   85.882514  161.782466    0.155981    0.335099
   85.883317  161.740623    0.035129    0.075469
   85.884926  161.656494    0.129441    0.278083
   85.885328  161.635394    0.215562    0.555120
   85.885730  161.614272    0.166875    0.358504
   85.886131  161.593140    0.254313    0.919850
   85.886533  161.572003    0.160153    0.344062
   85.886934  161.550871    0.177730    0.381824
   85.887336  161.529750    0.194746    0.418380
   85.887738  161.508644    0.213702    0.538189
   85.888138  161.487561    0.121699    0.261449
   85.888537  161.466505    0.194627    0.418125
   85.888934  161.445506    0.250797    0.887441
   85.889328  161.424540    0.328999    1.623210
   85.889721  161.403602    0.280384    1.165971
   85.890111  161.382691    0.189530    0.407174
   85.890499  161.361809    0.250050    0.880797
   85.890885  161.340946    0.384173    2.142634
   85.891652  161.299249    0.167886    0.360676
   85.892036  161.278389    0.329961    1.632924
   85.892419  161.257528    0.315475    1.496739
   85.892801  161.236667    0.226690    0.661607
   85.893183  161.215804    0.216290    0.563860
   85.893565  161.194962    0.261340    0.987758
   85.893946  161.174111    0.273293    1.100294
   85.894327  161.153240    0.325967    1.595912
   85.894707  161.132341    0.237077    0.759791
   85.895087  161.111370    0.271008    1.079088
   85.895466  161.090362    0.239576    0.783491
   85.895846  161.069324    0.225839    0.654358
   85.896226  161.048259    0.170489    0.366267
   85.896606  161.027186    0.239965    0.787435
   85.896988  161.006091    0.298106    1.334483
   85.897370  160.984972    0.252337    0.904015
   85.897753  160.963832    0.321286    1.552735
   85.898138  160.942658    0.162397    0.348884
   85.898522  160.921465    0.255362    0.932754
   85.898907  160.900255    0.441238    2.681451
   85.899292  160.879031    0.234469    0.736396
   85.899676  160.857796    0.481663    3.061932
   85.900059  160.836555    0.323913    1.578018
   85.900441  160.815313    0.302038    1.372326
   85.900823  160.794076    0.295602    1.311878
   85.901203  160.772844    0.281642    1.180647
   85.901582  160.751627    0.350205    1.825738
   85.901960  160.730428    0.230822    0.702753
   85.902337  160.709252    0.271447    1.085023
   85.902712  160.688124    0.301042    1.363532
   85.903086  160.667022    0.203374    0.444828
   85.903458  160.645945    0.334326    1.676834
   85.903828  160.624887    0.216054    0.564301
   85.904195  160.603843    0.431733    2.593365
   85.904560  160.582816    0.219652    0.598338
   85.904924  160.561806    0.288078    1.242138
   85.905286  160.540812    0.273117    1.101494
   85.905647  160.519848    0.255710    0.937830
   85.906007  160.498894    0.423462    2.516024
   85.906367  160.477943    0.319528    1.538376
   85.906728  160.456987    0.335611    1.689772
   85.907088  160.436017    0.409448    2.384474
   85.907450  160.415028    0.368600    2.000299
   85.907811  160.394019    0.284632    1.210478
   85.908173  160.372981    0.276733    1.136263
   85.908536  160.351905    0.351297    1.837804
   85.908898  160.330792    0.324368    1.584570
   85.909262  160.309640    0.367789    1.993140
   85.909625  160.288446    0.301544    1.370044
   85.909988  160.267185    0.286137    1.225204
   85.910352  160.245883    0.305645    1.408813
   85.910716  160.224549    0.309403    1.444263
   85.911447  160.181804    0.288466    1.247495
   85.911814  160.160408    0.283700    1.202755
   85.912180  160.139006    0.326545    1.605902
   85.912545  160.117607    0.430690    2.585729
   85.912908  160.096224    0.270770    1.081398
   85.913270  160.074857    0.349348    1.820704
   85.913631  160.053509    0.176132    0.378391
   85.913990  160.032184    0.243920    0.829099
   85.914347  160.010908    0.296028    1.319398
   85.914702  159.989658    0.347156    1.800469
   85.915055  159.968429    0.213069    0.539164
   85.915408  159.947219    0.366258    1.980353
   85.915759  159.926002    0.303457    1.389660
