Converting ICESat/GLAS binary freeboard vector data to ASCII
Wed Feb 12 09:57:15 2014

write_fb:
  file_in:       laser3k0061002.dat
  laser_period:  3k
  track:         0061
  cycle:         002
  file_out:      laser3k0061002.txt
  non_zero_only:        0
  nan_replace:       -999

read_fb:
  Year:                  2008
  Month:                   10
  Day:                     13
  Hour:                    10
  Minute:                  41
  Doy:                    287
  record_count:          1192
  non_zero_count:        1187
  nan_count:                0

    Latitude   Longitude   Freeboard   Thickness
   85.745162  231.396237    0.329286    1.312123
   85.744616  231.376653    0.199972    0.424012
   85.744071  231.357080    0.441570    2.368615
   85.743526  231.337503    0.351870    1.524869
   85.742981  231.317934    0.249062    0.557817
   85.742436  231.298373    0.410774    2.079199
   85.741890  231.278822    0.172729    0.366246
   85.741343  231.259289    0.150982    0.320136
   85.740795  231.239762    0.333069    1.348493
   85.740246  231.220241    0.262660    0.686231
   85.739697  231.200722    0.366209    1.660452
   85.739147  231.181196    0.356124    1.565673
   85.738597  231.161671    0.378121    1.772712
   85.738045  231.142143    0.355624    1.561168
   85.737494  231.122616    0.310842    1.139984
   85.736942  231.103087    0.283978    0.887364
   85.736390  231.083556    0.272007    0.774846
   85.735837  231.064024    0.186828    0.396140
   85.735283  231.044491    0.312983    1.160519
   85.734728  231.024952    0.313606    1.166474
   85.734172  231.005414    0.540613    3.302108
   85.733615  230.985879    0.390942    1.894199
   85.733058  230.966351    0.204099    0.432762
   85.732501  230.946834    0.266067    0.719649
   85.731944  230.927326    0.270176    0.758405
   85.731387  230.907826    0.246877    0.539314
   85.730829  230.888337    0.372449    1.720709
   85.730272  230.868865    0.300234    1.041461
   85.729714  230.849399    0.490582    2.832225
   85.729155  230.829939    0.414649    2.117997
   85.728597  230.810480    0.278663    0.838823
   85.728037  230.791009    0.319785    1.225771
   85.727477  230.771540    0.224682    0.476404
   85.726916  230.752076    0.423038    2.197303
   85.726355  230.732620    0.205528    0.435792
   85.725794  230.713178    0.308841    1.123203
   85.725232  230.693745    0.330703    1.328966
   85.724670  230.674324    0.377054    1.765101
   85.724107  230.654914    0.291127    0.956859
   85.723542  230.635524    0.355462    1.562178
   85.722976  230.616143    0.573920    3.617383
   85.722410  230.596770    0.364263    1.645163
   85.721843  230.577404    0.656014    4.389856
   85.721277  230.558035    0.413189    2.105618
   85.720711  230.538671    0.124226    0.263402
   85.720145  230.519313    0.534016    3.242477
   85.719579  230.499962    0.245826    0.531469
   85.719014  230.480626    0.333787    1.359044
   85.718448  230.461293    0.266293    0.724206
   85.717882  230.441964    0.594248    3.809486
   85.717315  230.422632    0.424773    2.215272
   85.716745  230.403290    0.414343    2.117253
   85.716174  230.383945    0.439691    2.355810
   85.715603  230.364597    0.359754    1.603912
   85.714457  230.325903    0.263833    0.701745
   85.713884  230.306555    0.208190    0.441436
   85.713311  230.287209    0.339129    1.410273
   85.712737  230.267862    0.347286    1.487102
   85.712165  230.248519    0.417104    2.144002
   85.711592  230.229177    0.467545    2.618614
   85.711019  230.209835    0.279801    0.852537
   85.710446  230.190493    0.268491    0.746236
   85.709870  230.171138    0.404148    2.022507
   85.709294  230.151789    0.297469    1.019042
   85.708717  230.132450    0.360371    1.610878
   85.708140  230.113127    0.470300    2.645116
   85.707562  230.093839    0.416066    2.135014
   85.706405  230.055320    1.124858    8.803050
   85.705825  230.036087    0.374581    1.745046
   85.705245  230.016876    0.283854    0.891641
   85.704665  229.997680    0.349859    1.512664
   85.704084  229.978494    0.321647    1.247368
   85.703504  229.959317    0.469358    2.637026
   85.702923  229.940136    0.202007    0.428327
   85.702343  229.920961    0.453459    2.487649
   85.701763  229.901794    0.289022    0.940832
   85.701182  229.882635    0.349356    1.508513
   85.700601  229.863499    0.375669    1.756149
   85.700019  229.844367    0.412974    2.107186
   85.699437  229.825233    0.310571    1.143938
   85.698854  229.806093    0.227467    0.482310
   85.698269  229.786926    0.259419    0.662929
   85.697684  229.767752    0.351242    1.526832
   85.697098  229.748570    0.348339    1.499620
   85.696511  229.729385    0.284678    0.900840
   85.695925  229.710197    0.215785    0.457540
   85.695339  229.691008    0.317568    1.210443
   85.694752  229.671823    0.320001    1.233422
   85.694164  229.652643    0.358523    1.595911
   85.693574  229.633473    0.228950    0.485454
   85.692984  229.614314    0.270137    0.764626
   85.692393  229.595166    0.188708    0.400128
   85.691802  229.576034    0.313892    1.176436
   85.691210  229.556928    0.240080    0.509055
   85.690619  229.537835    0.207311    0.439573
   85.690028  229.518755    0.401616    2.001977
   85.689437  229.499683    0.321038    1.244050
   85.688846  229.480623    0.502413    2.950405
   85.688256  229.461564    0.385133    1.847206
   85.687665  229.442509    0.318452    1.220013
   85.687073  229.423452    0.339091    1.414266
   85.685883  229.385288    0.354098    1.555638
   85.685286  229.366211    0.291142    0.963484
   85.684689  229.347146    0.288028    0.934289
   85.684092  229.328110    0.394594    1.936886
   85.683495  229.309086    0.389848    1.892339
   85.682898  229.290073    0.342078    1.443045
   85.682300  229.271069    0.469039    2.637501
   85.681701  229.252075    0.292250    0.974487
   85.681103  229.233086    0.370112    1.707055
   85.680504  229.214097    0.409520    2.077879
   85.679904  229.195105    0.341709    1.440056
   85.679305  229.176091    0.329038    1.320948
   85.678705  229.157077    0.665167    4.483129
   85.678105  229.138066    0.517472    3.093807
   85.677504  229.119062    0.350933    1.527209
   85.676903  229.100092    0.612694    3.989781
   85.676302  229.081127    0.650271    4.343377
   85.675700  229.062165    0.535221    3.261165
   85.675096  229.043199    0.548800    3.389004
   85.674491  229.024211    0.550303    3.403239
   85.673884  229.005218    0.385714    1.854991
   85.673276  228.986218    0.372396    1.729793
   85.672668  228.967215    0.387278    1.869897
   85.672060  228.948199    0.286608    0.922951
   85.671452  228.929186    0.370802    1.715093
   85.670844  228.910181    0.418861    2.167298
   85.670236  228.891189    0.350993    1.528931
   85.669629  228.872240    0.225316    0.477749
   85.669023  228.853306    0.347560    1.496837
   85.668416  228.834381    0.350756    1.526991
   85.667809  228.815462    0.299695    1.046739
   85.667200  228.796529    0.435084    2.320489
   85.666591  228.777601    0.418327    2.162945
   85.665981  228.758679    0.436840    2.337206
   85.665369  228.739766    0.750898    5.291749
   85.664756  228.720868    0.347171    1.493846
   85.664141  228.701980    0.352385    1.542998
   85.663527  228.683105    0.390511    1.901752
   85.662913  228.664242    0.303469    1.083015
   85.662301  228.645400    0.351573    1.535646
   85.661689  228.626567    0.165160    0.350197
   85.661078  228.607737    0.394098    1.935887
   85.660465  228.588908    0.422301    2.201293
   85.659851  228.570060    0.595569    3.831385
   85.659236  228.551211    0.521838    3.137866
   85.658620  228.532367    0.793708    5.695538
   85.658003  228.513529    0.434734    2.318644
   85.657386  228.494715    0.451000    2.471753
   85.656767  228.475908    0.300291    1.054078
   85.656149  228.457105    0.351172    1.532831
   85.655529  228.438302    0.370837    1.717928
   85.654909  228.419481    0.451905    2.480657
   85.654288  228.400663    0.413669    2.121054
   85.653667  228.381851    0.363341    1.647693
   85.653046  228.363048    0.238171    0.505007
   85.652426  228.344273    0.512750    3.053432
   85.651806  228.325509    0.358845    1.605687
   85.651186  228.306754    0.297362    1.027398
   85.650566  228.288007    0.282418    0.886908
   85.649943  228.269273    0.369192    1.703316
   85.649320  228.250539    0.240740    0.510454
   85.648697  228.231799    0.434014    2.313305
   85.648072  228.213050    0.274159    0.809591
   85.647448  228.194257    0.354023    1.561003
   85.646823  228.175456    0.293020    0.987224
   85.646198  228.156657    0.206868    0.438634
   85.645573  228.137867    0.319463    1.236172
   85.644949  228.119112    0.260773    0.684149
   85.644324  228.100372    0.292051    0.978484
   85.643699  228.081645    0.134678    0.285564
   85.643073  228.062932    0.392333    1.922064
   85.642443  228.044228    0.290421    0.963441
   85.641813  228.025538    0.322916    1.269229
   85.641182  228.006863    0.285934    0.921420
   85.640551  227.988202    0.179665    0.380954
   85.639921  227.969568    0.236081    0.500575
   85.639292  227.950945    0.444140    2.410006
   85.638662  227.932330    0.231074    0.489959
   85.638033  227.913717    0.277690    0.844338
   85.637404  227.895092    0.584170    3.727597
   85.636776  227.876466    0.385413    1.857916
   85.636147  227.857841    0.426458    2.244137
   85.635517  227.839217    0.121528    0.257682
   85.634885  227.820589    0.425674    2.236949
   85.634251  227.801964    0.284061    0.904840
   85.633616  227.783347    0.437179    2.345371
   85.632980  227.764737    0.212801    0.451214
   85.632344  227.746150    0.239945    0.508769
   85.631707  227.727569    0.156598    0.332042
   85.631069  227.708991    0.204909    0.434480
   85.630430  227.690411    0.172022    0.364747
   85.629791  227.671819    0.220024    0.466529
   85.629152  227.653221    0.217244    0.460635
   85.628512  227.634618    0.182955    0.387929
   85.627872  227.616009    0.278054    0.849280
   85.627233  227.597381    0.396121    1.960069
   85.626593  227.578752    0.275403    0.824531
   85.625953  227.560132    0.288393    0.946822
   85.625312  227.541528    0.562173    3.522460
   85.624671  227.522964    0.191363    0.405758
   85.624029  227.504418    0.037332    0.079158
   85.623387  227.485885    0.355787    1.581206
   85.622745  227.467362    0.345262    1.482283
   85.622103  227.448835    0.216466    0.458984
   85.621462  227.430317    0.168104    0.356439
   85.620820  227.411808    0.244887    0.538308
   85.620178  227.393309    0.352407    1.549875
   85.619534  227.374828    0.170903    0.362375
   85.618890  227.356357    0.295807    1.017615
   85.618245  227.337893    0.078690    0.166851
   85.617600  227.319437    0.153590    0.325665
   85.616956  227.300989    0.248338    0.571338
   85.616310  227.282543    0.282212    0.890099
   85.615664  227.264099    0.174089    0.369130
   85.615016  227.245651    0.193390    0.410055
   85.614366  227.227190    0.319134    1.237712
   85.613714  227.208725    0.192991    0.409209
   85.613062  227.190261    0.276916    0.840746
   85.612410  227.171798    0.273806    0.811588
   85.611760  227.153342    0.159658    0.338531
   85.611110  227.134889    0.336352    1.400173
   85.610460  227.116437    0.194461    0.412325
   85.609810  227.097987    0.308003    1.133680
   85.609160  227.079528    0.118081    0.250374
   85.608510  227.061072    0.170741    0.362031
   85.607860  227.042624    0.155819    0.330392
   85.607208  227.024188    0.157858    0.334714
   85.606553  227.005774    0.276020    0.833280
   85.605896  226.987374    0.195309    0.414124
   85.605239  226.968987    0.212923    0.451473
   85.604581  226.950615    0.267988    0.758007
   85.603924  226.932268    0.205047    0.434773
   85.603266  226.913926    0.151631    0.321512
   85.602609  226.895587    0.208910    0.442962
   85.601953  226.877242    0.214659    0.455153
   85.601299  226.858857    0.301517    1.073909
   85.600644  226.840468    0.138692    0.294075
   85.599990  226.822084    0.160353    0.340005
   85.599335  226.803712    0.178143    0.377727
   85.598677  226.785377    0.120174    0.254811
   85.598018  226.767057    0.216441    0.458930
   85.597358  226.748751    0.223639    0.474194
   85.596697  226.730457    0.207357    0.439670
   85.596037  226.712174    0.188108    0.398855
   85.595375  226.693897    0.153260    0.324965
   85.594714  226.675626    0.161296    0.342005
   85.593388  226.639067    0.172852    0.366508
   85.592725  226.620783    0.341272    1.449149
   85.592062  226.602501    0.259409    0.679132
   85.591400  226.584226    0.240160    0.509225
   85.590740  226.565966    0.237575    0.503744
   85.590079  226.547714    0.278869    0.862486
   85.589418  226.529473    0.101734    0.215712
   85.588756  226.511243    0.180275    0.382247
   85.588089  226.493039    0.181447    0.384733
   85.587421  226.474841    0.263855    0.721622
   85.586752  226.456645    0.199914    0.423889
   85.586082  226.438445    0.207674    0.440343
   85.585412  226.420221    0.244149    0.536529
   85.584743  226.401991    0.210491    0.446315
   85.584073  226.383756    0.150382    0.318862
   85.583404  226.365520    0.212101    0.449728
   85.582737  226.347283    0.166379    0.352781
   85.582069  226.329047    0.388724    1.897077
   85.581401  226.310815    0.311160    1.167502
   85.580731  226.292588    0.097110    0.205908
   85.579383  226.256158    0.137377    0.291289
   85.578708  226.237957    0.160062    0.339387
   85.578033  226.219772    0.187686    0.397961
   85.577362  226.201607    0.384700    1.859898
   85.576691  226.183457    0.331905    1.363329
   85.576020  226.165317    0.212442    0.450452
   85.575349  226.147186    0.249236    0.585830
   85.574676  226.129063    0.290597    0.975016
   85.574002  226.110948    0.279092    0.866885
   85.573327  226.092841    0.227109    0.481551
   85.572652  226.074743    0.246672    0.562086
   85.571975  226.056651    0.265030    0.734884
   85.571298  226.038569    0.337120    1.413158
   85.570620  226.020496    0.214212    0.454204
   85.569941  226.002436    0.257082    0.660404
   85.569260  225.984400    0.183652    0.389408
   85.567896  225.948338    0.240327    0.509578
   85.567214  225.930300    0.259819    0.686534
   85.566535  225.912231    0.284332    0.917225
   85.565855  225.894155    0.335269    1.396502
   85.565175  225.876075    0.329956    1.346622
   85.564495  225.857999    0.211358    0.448153
   85.563815  225.839934    0.400564    2.011050
   85.563133  225.821876    0.329498    1.342599
   85.562451  225.803825    0.322156    1.273625
   85.561767  225.785783    0.329526    1.343056
   85.561083  225.767766    0.452596    2.500912
   85.560398  225.749753    0.121154    0.256890
   85.559712  225.731742    0.088865    0.188424
   85.559026  225.713727    0.252540    0.619202
   85.558339  225.695680    0.325402    1.304741
   85.557651  225.677631    0.307515    1.136564
   85.556276  225.641549    0.262929    0.717321
   85.555590  225.623542    0.343284    1.473344
   85.554904  225.605545    0.273710    0.818931
   85.554218  225.587561    0.226650    0.480579
   85.553530  225.569588    0.299558    1.062288
   85.552840  225.551617    0.274676    0.828309
   85.552149  225.533658    0.396699    1.976310
   85.551458  225.515712    0.499115    2.939868
   85.550766  225.497783    0.540343    3.327809
   85.550074  225.479881    0.306202    1.125261
   85.549382  225.461992    0.317563    1.232234
   85.548690  225.444115    0.391818    1.930873
   85.547998  225.426245    0.266613    0.753120
   85.547310  225.408374    0.433175    2.320120
   85.546622  225.390507    0.214605    0.455039
   85.545933  225.372647    0.226285    0.479804
   85.545243  225.354792    0.380264    1.822653
   85.544550  225.336948    0.379813    1.818506
   85.543855  225.319109    0.406635    2.070923
   85.543159  225.301271    0.285478    0.931255
   85.542462  225.283434    0.381668    1.836239
   85.541765  225.265596    0.293141    1.003537
   85.541068  225.247753    0.306804    1.132162
   85.540371  225.229905    0.590343    3.799608
   85.539674  225.212047    0.325067    1.304158
   85.538978  225.194168    0.231060    0.489929
   85.538282  225.176281    0.370469    1.731460
   85.537585  225.158389    0.339589    1.441057
   85.536188  225.122601    0.457998    2.555162
   85.535488  225.104710    0.262475    0.715912
   85.534786  225.086829    0.270562    0.792082
   85.534084  225.068962    0.250046    0.599172
   85.533382  225.051126    0.246892    0.569601
   85.532679  225.033306    0.461550    2.589059
   85.531976  225.015499    0.238220    0.505109
   85.531272  224.997704    0.351282    1.551915
   85.530569  224.979911    0.297584    1.046854
   85.529866  224.962129    0.412328    2.126383
   85.529163  224.944359    0.450099    2.481804
   85.528460  224.926601    0.214817    0.455488
   85.527759  224.908860    0.373976    1.765874
   85.527058  224.891130    0.348557    1.526851
   85.526356  224.873413    0.297993    1.051271
   85.525654  224.855707    0.280044    0.882507
   85.524950  224.838018    0.226532    0.480328
   85.524245  224.820337    0.281604    0.897376
   85.523540  224.802659    0.254469    0.642198
   85.522833  224.784983    0.014351    0.030429
   85.522125  224.767296    0.099220    0.210382
   85.521416  224.749608    0.060321    0.127903
   85.520706  224.731919    0.089518    0.189810
   85.519997  224.714230    0.091012    0.192977
   85.519288  224.696541    0.028540    0.060515
   85.518580  224.678852    0.066867    0.141782
   85.517871  224.661166    0.127976    0.271354
   85.517162  224.643482    0.413259    2.136836
   85.516452  224.625805    0.282701    0.908728
   85.515742  224.608129    0.257260    0.669485
   85.515030  224.590454    0.196222    0.416059
   85.514318  224.572777    0.228519    0.484541
   85.513604  224.555085    0.343948    1.485271
   85.512889  224.537395    0.185041    0.392352
   85.512173  224.519714    0.276902    0.854739
   85.511458  224.502044    0.475512    2.723224
   85.510745  224.484409    0.258695    0.683646
   85.510031  224.466787    0.183170    0.388384
   85.509317  224.449173    0.264660    0.739943
   85.508603  224.431563    0.286768    0.948016
   85.507889  224.413940    0.313531    1.199876
   85.507174  224.396322    0.219773    0.465997
   85.506458  224.378710    0.321397    1.274065
   85.505741  224.361105    0.307363    1.142138
   85.505023  224.343515    0.244528    0.551124
   85.504304  224.325936    0.289633    0.975531
   85.503585  224.308369    0.478755    2.754760
   85.502866  224.290815    0.140310    0.297507
   85.502148  224.273284    0.187587    0.397750
   85.501429  224.255763    0.182940    0.387898
   85.500711  224.238247    0.276560    0.853017
   85.499991  224.220731    0.121999    0.258681
   85.499271  224.203193    0.135245    0.286767
   85.498550  224.185656    0.198708    0.421331
   85.497828  224.168127    0.272226    0.812617
   85.497106  224.150610    0.220105    0.466700
   85.496385  224.133124    0.411374    2.121819
   85.495663  224.115652    0.248730    0.591864
   85.494941  224.098189    0.236154    0.500730
   85.494219  224.080736    0.385429    1.878027
   85.493497  224.063293    0.235937    0.500269
   85.492774  224.045852    0.302471    1.097797
   85.492051  224.028407    0.253948    0.641417
   85.491327  224.010951    0.334361    1.397988
   85.490602  223.993462    0.282644    0.911556
   85.489877  223.975964    0.182958    0.387935
   85.489151  223.958463    0.188539    0.399769
   85.488424  223.940965    0.166779    0.353631
   85.487697  223.923487    0.267781    0.772108
   85.486969  223.906014    0.328640    1.344731
   85.486240  223.888543    0.213510    0.452717
   85.485510  223.871073    0.186405    0.395244
   85.484778  223.853587    0.308895    1.159257
   85.484044  223.836106    0.212974    0.451581
   85.483310  223.818636    0.617744    4.064898
   85.482576  223.801182    0.199860    0.423773
   85.481845  223.783766    0.430437    2.303021
   85.481114  223.766369    0.343990    1.489881
   85.480383  223.748988    0.237333    0.503231
   85.479653  223.731621    0.569718    3.613563
   85.478924  223.714266    0.355316    1.596705
   85.478195  223.696922    0.241236    0.523615
   85.477466  223.679585    0.554497    3.470658
   85.476737  223.662251    0.387463    1.899400
   85.476005  223.644910    0.192223    0.407580
   85.475272  223.627575    0.300734    1.083704
   85.474538  223.610248    0.413298    2.142721
   85.473804  223.592934    0.332843    1.385950
   85.473071  223.575655    0.290054    0.983510
   85.472337  223.558383    0.299988    1.077060
   85.471602  223.541112    0.308375    1.156052
   85.470867  223.523834    0.262923    0.728563
   85.470131  223.506523    0.192210    0.407553
   85.469394  223.489203    0.317715    1.244193
   85.468656  223.471877    0.238711    0.506151
   85.467918  223.454549    0.248915    0.597153
   85.467179  223.437221    0.325064    1.313605
   85.466441  223.419896    0.343933    1.491203
   85.465702  223.402575    0.237555    0.503700
   85.464962  223.385264    0.322357    1.288419
   85.464221  223.367979    0.276982    0.861660
   85.463480  223.350700    0.292835    1.010884
   85.462738  223.333423    0.417099    2.179968
   85.461995  223.316143    0.478805    2.760557
   85.461252  223.298835    0.244134    0.553023
   85.460508  223.281527    0.363283    1.673983
   85.459763  223.264226    0.358094    1.625265
   85.459019  223.246937    0.264815    0.747854
   85.458277  223.229681    0.248923    0.598440
   85.457535  223.212442    0.381170    1.842627
   85.456792  223.195220    0.252871    0.635767
   85.456049  223.178013    0.265868    0.758128
   85.455304  223.160827    0.375308    1.787758
   85.454558  223.143653    0.339786    1.453687
   85.453812  223.126487    0.352977    1.577877
   85.453065  223.109327    0.479174    2.765147
   85.452318  223.092155    0.315976    1.229974
   85.451572  223.074990    0.340710    1.462748
   85.450825  223.057831    0.134063    0.284260
   85.450079  223.040683    0.110127    0.233509
   85.449334  223.023556    0.132417    0.280771
   85.448590  223.006440    0.150638    0.319407
   85.447845  222.989330    0.389313    1.920444
   85.447099  222.972224    0.316759    1.237998
   85.446350  222.955117    0.324331    1.309321
   85.445600  222.938012    0.277451    0.868400
   85.444849  222.920908    0.338587    1.443615
   85.444097  222.903807    0.299033    1.071611
   85.443346  222.886710    0.455002    2.538961
   85.442594  222.869612    0.293048    1.015491
   85.441842  222.852510    0.266004    0.761174
   85.441089  222.835401    0.301166    1.092050
   85.440336  222.818270    0.165088    0.350044
   85.439582  222.801135    0.372561    1.763870
   85.438828  222.783999    0.330096    1.364482
   85.438073  222.766864    0.223166    0.473191
   85.437318  222.749733    0.253477    0.643891
   85.436562  222.732612    0.390487    1.932884
   85.435806  222.715503    0.248173    0.594175
   85.435048  222.698412    0.295593    1.040368
   85.434289  222.681355    0.244702    0.561711
   85.433529  222.664317    0.326105    1.327592
   85.432770  222.647293    0.264003    0.743470
   85.432010  222.630280    0.309193    1.168676
   85.431253  222.613272    0.150979    0.320129
   85.430495  222.596272    0.143031    0.303276
   85.429738  222.579281    0.264500    0.748515
   85.428981  222.562298    0.215391    0.456704
   85.428224  222.545318    0.340790    1.466383
   85.427466  222.528346    0.383237    1.865787
   85.426708  222.511384    0.344240    1.499022
   85.425949  222.494432    0.364055    1.685523
   85.425190  222.477507    0.261388    0.719797
   85.424430  222.460587    0.273609    0.834849
   85.423669  222.443668    0.294739    1.033726
   85.422908  222.426745    0.201854    0.428001
   85.422146  222.409788    0.260717    0.713855
   85.421384  222.392829    0.197633    0.419051
   85.420621  222.375869    0.272972    0.829328
   85.419858  222.358916    0.189094    0.400947
   85.419094  222.341995    0.154509    0.327614
   85.418330  222.325080    0.224216    0.475417
   85.417565  222.308165    0.367984    1.723502
   85.416800  222.291244    0.492365    2.893692
   85.416034  222.274295    0.336656    1.428975
   85.415268  222.257339    0.274728    0.846496
   85.414501  222.240383    0.334569    1.409532
   85.413734  222.223427    0.365078    1.696632
   85.412967  222.206474    0.408795    2.107985
   85.412199  222.189531    0.334386    1.408085
   85.411430  222.172599    0.185348    0.393004
   85.410662  222.155682    0.141272    0.299547
   85.409893  222.138800    0.379012    1.828180
   85.409124  222.121933    0.165858    0.351677
   85.408354  222.105080    0.108756    0.230601
   85.407584  222.088236    0.250408    0.618628
   85.406812  222.071398    0.425296    2.263958
   85.406039  222.054565    0.193471    0.410226
   85.405267  222.037732    0.000000    0.000000
   85.404493  222.020898    0.030686    0.065065
   85.400631  221.936706    0.085085    0.180409
   85.375667  221.401943    0.073298    0.155418
   85.374881  221.385375    0.068074    0.144341
   85.371737  221.319104    0.288681    0.982886
   85.370950  221.302534    0.178052    0.377534
   85.370164  221.285973    0.110057    0.233360
   85.369378  221.269438    0.037568    0.079657
   85.368592  221.252912    0.225208    0.477521
   85.367805  221.236391    0.183886    0.389904
   85.367017  221.219873    0.121833    0.258329
   85.366226  221.203351    0.182331    0.386607
   85.365433  221.186827    0.223261    0.473393
   85.364641  221.170299    0.129986    0.275615
   85.363848  221.153763    0.000000    0.000000
   85.363057  221.137208    0.182511    0.386988
   85.362266  221.120646    0.175177    0.371437
   85.361475  221.104083    0.187937    0.398493
   85.360683  221.087518    0.167617    0.355407
   85.359891  221.070959    0.193832    0.410993
   85.359098  221.054404    0.076665    0.162558
   85.358305  221.037855    0.279051    0.893869
   85.357510  221.021315    0.324205    1.318741
   85.356714  221.004785    0.228558    0.484624
   85.355917  220.988268    0.117124    0.248343
   85.355119  220.971764    0.127394    0.270120
   85.354321  220.955274    0.203214    0.430886
   85.353522  220.938809    0.365738    1.709923
   85.352723  220.922357    0.347768    1.540964
   85.351925  220.905915    0.342112    1.487852
   85.351126  220.889483    0.354032    1.600073
   85.350329  220.873055    0.475031    2.738446
   85.349531  220.856633    0.190364    0.403639
   85.348734  220.840213    0.303174    1.121919
   85.347936  220.823792    0.370679    1.757054
   85.347135  220.807356    0.302257    1.113470
   85.346334  220.790923    0.366572    1.718599
   85.345532  220.774498    0.265256    0.765579
   85.344731  220.758085    0.296462    1.059236
   85.343932  220.741706    0.136363    0.289139
   85.343134  220.725340    0.405202    2.082373
   85.342335  220.708981    0.251423    0.635815
   85.341535  220.692627    0.343511    1.502213
   85.340733  220.676261    0.374418    1.793060
   85.339930  220.659899    0.232479    0.492937
   85.339127  220.643540    0.313581    1.220927
   84.797398  211.820284    0.267601    0.841505
   84.794421  211.780864    0.461795    2.668602
   84.793429  211.767748    0.603574    4.002448
   84.792436  211.754639    0.232478    0.511508
   84.785468  211.662864    0.642216    4.366640
   84.784472  211.649752    0.723185    5.128432
   84.783474  211.636644    0.373683    1.840638
   84.782476  211.623547    0.363357    1.743582
   84.781478  211.610458    0.602749    3.995703
   84.780478  211.597378    0.412646    2.207428
   84.779478  211.584309    0.633520    4.285351
   84.778478  211.571260    0.495325    2.985391
   84.777476  211.558218    0.471257    2.759063
   84.776474  211.545180    0.353480    1.651174
   84.775472  211.532141    0.693490    4.849856
   84.774468  211.519087    0.500551    3.034899
   84.773463  211.506030    0.278283    0.944037
   84.772459  211.492974    0.474888    2.793651
   84.771455  211.479920    0.300665    1.154759
   84.770452  211.466873    0.249590    0.674371
   84.769450  211.453830    0.378124    1.883612
   84.768448  211.440792    0.369457    1.802171
   84.767446  211.427757    0.264458    0.814492
   84.766441  211.414723    0.325157    1.385597
   84.765436  211.401695    0.676394    4.689886
   84.764431  211.388676    0.583537    3.816438
   84.763426  211.375669    0.432526    2.395912
   84.762420  211.362680    0.500437    3.034856
   84.761415  211.349704    0.511674    3.140653
   84.760410  211.336739    0.441341    2.479091
   84.759406  211.323786    0.376578    1.869935
   84.758404  211.310848    0.311260    1.255551
   84.757404  211.297920    0.323590    1.371623
   84.756403  211.284997    0.408983    2.175034
   84.755403  211.272076    0.511550    3.140005
   84.754402  211.259146    0.647026    4.414558
   84.753400  211.246218    0.501333    3.044059
   84.752398  211.233296    0.512576    3.149908
   84.751395  211.220383    0.188094    0.398825
   84.750390  211.207490    0.452094    2.581111
   84.749385  211.194604    0.512037    3.145097
   84.748380  211.181722    0.366054    1.771874
   84.747373  211.168842    0.276147    0.926169
   84.746368  211.155957    0.288306    1.040640
   84.745361  211.143069    0.272544    0.892449
   84.744353  211.130178    0.225852    0.478886
   84.743345  211.117282    0.224235    0.475457
   84.742334  211.104371    0.308701    1.232842
   84.741323  211.091458    0.291234    1.068609
   84.740310  211.078543    0.293749    1.092362
   84.739297  211.065632    0.357180    1.689159
   84.738283  211.052728    0.348034    1.603212
   84.737269  211.039829    0.321885    1.357305
   84.736255  211.026936    0.276289    0.928455
   84.735241  211.014049    0.298639    1.138792
   84.734227  211.001171    0.260058    0.775930
   84.733213  210.988301    0.361229    1.727768
   84.732200  210.975439    0.269470    0.864646
   84.731188  210.962584    0.444311    2.509515
   84.730176  210.949735    0.554230    3.543648
   84.729165  210.936896    0.482751    2.871306
   84.728154  210.924066    0.506919    3.098747
   84.727144  210.911249    0.548011    3.485402
   84.726135  210.898454    0.415973    2.243362
   84.725126  210.885669    0.490056    2.940371
   84.724117  210.872892    0.473435    2.784101
   84.723107  210.860118    0.462134    2.677870
   84.722096  210.847340    0.376765    1.874864
   84.721084  210.834565    0.585716    3.840615
   84.720071  210.821794    0.513169    3.158227
   84.719058  210.809029    0.407455    2.163831
   84.718045  210.796276    0.590840    3.889077
   84.717032  210.783530    0.675609    4.686616
   84.716018  210.770788    0.625018    4.210769
   84.715004  210.758051    0.862886    6.448565
   84.713991  210.745319    0.770924    5.583531
   84.712977  210.732589    0.542730    3.436918
   84.711963  210.719859    0.511195    3.140340
   84.710947  210.707127    0.345214    1.578992
   84.709929  210.694380    0.325081    1.389673
   84.708909  210.681633    0.364713    1.762594
   84.707889  210.668888    0.322298    1.363670
   84.706869  210.656149    0.333928    1.473163
   84.705849  210.643426    0.292834    1.086656
   84.704830  210.630709    0.330388    1.440026
   84.703810  210.617996    0.388115    1.983173
   84.702789  210.605287    0.304442    1.196118
   84.701766  210.592577    0.324519    1.385071
   84.700743  210.579869    0.548346    3.490772
   84.699720  210.567164    0.687105    4.796211
   84.698697  210.554464    0.249983    0.684146
   84.697676  210.541766    0.405710    2.149207
   84.696655  210.529074    0.441924    2.489971
   84.695633  210.516388    0.424902    2.329926
   84.694611  210.503709    0.428610    2.364889
   84.693587  210.491042    1.011791    7.851159
   84.692563  210.478382    0.528597    3.305677
   84.691539  210.465730    0.384545    1.950615
   84.690515  210.453086    0.600544    3.982675
   84.689492  210.440447    0.330388    1.441315
   84.688470  210.427816    0.323582    1.377365
   84.687448  210.415192    0.704468    4.960581
   84.686426  210.402576    0.588067    3.865639
   84.685405  210.389970    0.372987    1.842398
   84.684385  210.377371    0.257654    0.757506
   84.683364  210.364780    0.348718    1.614259
   84.682343  210.352193    0.249195    0.678094
   84.681321  210.339611    0.317283    1.318710
   84.680298  210.327035    0.662372    4.565164
   84.679274  210.314461    0.455826    2.622201
   84.678251  210.301892    0.629931    4.260149
   84.677227  210.289323    0.485160    2.898324
   84.676204  210.276759    0.411270    2.203303
   84.675179  210.264200    0.674598    4.680598
   84.674154  210.251647    0.194807    0.413060
   84.673128  210.239115    0.166926    0.353943
   84.672100  210.226586    0.111094    0.235559
   84.671072  210.214054    0.042993    0.091161
   84.670044  210.201516    0.356872    1.692067
   84.669014  210.188939    0.289113    1.054724
   84.666955  210.163783    0.939674    7.174944
   84.665926  210.151217    0.519911    3.226177
   84.664897  210.138690    0.609814    4.072012
   84.663869  210.126175    0.839620    6.233959
   84.662840  210.113670    0.258012    0.762654
   84.661811  210.101172    0.468160    2.739678
   84.660780  210.088673    0.618631    4.155297
   84.659748  210.076177    0.628876    4.251758
   84.658716  210.063682    0.040094    0.085013
   84.657684  210.051189    0.260761    0.788949
   84.656653  210.038689    0.090593    0.192090
   84.653559  210.001213    0.241620    0.609215
   84.652528  209.988738    0.151986    0.322265
   84.651497  209.976273    0.071184    0.150935
   84.650465  209.963817    0.577914    3.773106
   84.647368  209.926530    0.391619    2.020809
   84.646335  209.914121    0.157164    0.333242
   84.645303  209.901719    0.000000    0.000000
   84.640147  209.839737    0.375438    1.869177
   84.639115  209.827342    0.198688    0.421288
   84.638084  209.814948    0.112626    0.238808
   84.637051  209.802555    0.272610    0.902086
   84.636017  209.790163    0.014644    0.031049
   84.630834  209.728199    0.275689    0.931553
   84.629796  209.715806    0.232734    0.527547
   84.628758  209.703418    0.287769    1.045362
   84.624603  209.653918    0.360140    1.726517
   84.623562  209.641552    0.295176    1.115464
   84.622520  209.629194    0.336739    1.506547
   84.621478  209.616848    0.541894    3.436594
   84.619395  209.592214    0.417652    2.267969
   84.618354  209.579924    0.378500    1.899743
   84.617313  209.567642    0.119688    0.253780
   84.616274  209.555366    0.422687    2.315585
   84.615235  209.543077    0.463336    2.698073
   84.614198  209.530793    0.536007    3.381792
   84.613161  209.518518    0.373848    1.856394
   84.612124  209.506254    0.457177    2.640384
   84.611087  209.494019    0.703467    4.957393
   84.610050  209.481794    0.281399    0.986946
   84.609013  209.469578    0.522682    3.256860
   84.607975  209.457366    0.676354    4.702581
   84.606937  209.445153    0.575147    3.750582
   84.605897  209.432941    0.673676    4.677554
   84.604856  209.420728    0.566960    3.673727
   84.603814  209.408512    0.411958    2.215650
   84.602769  209.396289    0.864050    6.468718
   84.601722  209.384062    0.588235    3.874117
   84.600675  209.371831    0.422377    2.313924
   84.599628  209.359597    0.528244    3.309934
   84.598582  209.347353    0.290464    1.073132
   84.597537  209.335108    0.241796    0.615381
   84.596492  209.322863    0.138568    0.293814
   84.583920  209.176508    0.323338    1.383564
   84.582874  209.164361    0.340008    1.540462
   84.581826  209.152204    0.221461    0.469576
   84.580778  209.140051    0.494737    2.996216
   84.579729  209.127907    0.495646    3.004855
   84.578680  209.115773    0.651944    4.475280
   84.577628  209.103669    0.653061    4.485877
   84.576577  209.091575    0.409129    2.191208
   84.575525  209.079487    0.187681    0.397951
   84.574474  209.067403    0.314916    1.305077
   84.570280  209.019033    0.499369    3.040622
   84.569231  209.006928    0.396009    2.068362
   84.568183  208.994827    0.525568    3.287255
   84.567134  208.982734    0.557898    3.591478
   84.566085  208.970656    0.277947    0.957963
   84.565034  208.958621    0.495169    3.001525
   84.563982  208.946598    0.540388    3.427004
   84.562929  208.934578    0.471784    2.781701
   84.561876  208.922555    0.370196    1.826117
   84.560821  208.910505    0.465700    2.724635
   84.559766  208.898448    0.610245    4.084501
   84.558711  208.886388    0.801256    5.881493
   84.557655  208.874326    0.564108    3.650636
   84.556601  208.862263    0.423770    2.330520
   84.555547  208.850203    0.251515    0.710143
   84.554493  208.838147    0.375889    1.880247
   84.553439  208.826098    0.264102    0.828716
   84.552384  208.814064    0.443564    2.517054
   84.551329  208.802038    0.461837    2.689046
   84.550273  208.790019    0.355202    1.685977
   84.549216  208.778006    0.251233    0.707980
   84.548156  208.765997    0.255328    0.746589
   84.547096  208.753993    0.268743    0.872874
   84.546036  208.741996    0.251521    0.710940
   84.540753  208.682097    0.247566    0.674147
   84.539698  208.670151    0.330759    1.456854
   84.538643  208.658215    0.268866    0.874696
   84.537587  208.646288    0.344004    1.581625
   84.533355  208.598669    0.251494    0.711678
   84.532296  208.586771    0.075141    0.159325
   84.531240  208.574861    0.233659    0.544064
   84.529127  208.551032    0.148506    0.314885
   84.527013  208.527185    0.313368    1.294248
   84.525956  208.515257    0.283992    1.017976
   84.524898  208.503331    0.190994    0.404974
   84.523838  208.491406    0.361407    1.746419
   84.522775  208.479486    0.357993    1.714380
   84.510024  208.337171    0.145277    0.308038
   84.499373  208.219248    0.293671    1.111095
   84.498306  208.207460    0.287629    1.054342
   84.497241  208.195674    0.426811    2.363755
   84.496175  208.183889    0.367873    1.809390
   84.495110  208.172108    0.375941    1.885370
   84.494044  208.160332    0.281440    0.996451
   84.492975  208.148567    0.257277    0.769220
   84.491907  208.136807    0.236067    0.569780
   84.490837  208.125050    0.279722    0.980534
   84.489768  208.113297    0.278187    0.966178
   84.488698  208.101542    0.282396    1.005854
   84.487628  208.089791    0.255068    0.748850
   84.486558  208.078042    0.158434    0.335936
   84.485488  208.066298    0.200705    0.425566
   84.484419  208.054558    0.158573    0.336231
   84.483350  208.042822    0.190894    0.404763
   84.454392  207.728080    0.148063    0.313945
   84.453316  207.716431    0.114996    0.243832
   84.442539  207.600545    0.174822    0.370684
   84.425279  207.416445    0.278486    0.973891
   84.424196  207.404952    0.186309    0.395041
   84.420947  207.370511    0.286358    1.048273
   84.419866  207.359056    0.385342    1.979534
   84.418784  207.347611    0.282068    1.008077
   84.417703  207.336174    0.428262    2.383460
   84.416621  207.324744    0.544662    3.478554
   84.415539  207.313321    0.254369    0.747751
   84.414457  207.301903    0.417375    2.281290
   84.413374  207.290488    0.405138    2.166255
   84.412291  207.279077    0.338615    1.540535
   84.411209  207.267663    0.307090    1.244046
   84.410126  207.256251    0.425566    2.358672
   84.409043  207.244843    0.317811    1.345068
   84.407960  207.233437    0.314475    1.313767
   84.406874  207.222040    0.354337    1.688840
   84.405789  207.210645    0.330461    1.464316
   84.404702  207.199250    0.133542    0.283156
   84.403616  207.187855    0.258191    0.784613
   84.400359  207.153648    0.385359    1.981170
   84.399273  207.142249    0.138776    0.294254
   84.398185  207.130853    0.297290    1.152842
   84.397097  207.119462    0.434281    2.441650
   84.396009  207.108080    0.433450    2.433911
   84.394921  207.096709    0.393521    2.058365
   84.393834  207.085357    0.301218    1.190128
   84.392747  207.074016    0.130020    0.275689
   84.391661  207.062683    0.126929    0.269134
   79.497293  183.592160    0.208883    0.553358
   79.494441  183.585514    0.132773    0.281526
   79.493016  183.582197    0.126827    0.268918
   79.488744  183.572262    0.185192    0.392672
   79.487321  183.568952    0.137855    0.292301
   79.485897  183.565644    0.119950    0.254337
   79.484474  183.562335    0.067079    0.142231
   79.483051  183.559025    0.113423    0.240498
   79.481626  183.555714    0.082354    0.174619
   79.477339  183.545762    0.172707    0.366199
   79.475907  183.542436    0.183771    0.389659
   79.474473  183.539106    0.171903    0.364495
   79.473038  183.535766    0.181801    0.385482
   79.471602  183.532421    0.255233    0.990140
   79.470165  183.529073    0.154504    0.327603
   79.468727  183.525724    0.217096    0.631457
   79.467288  183.522376    0.309625    1.501953
   79.465849  183.519027    0.130946    0.277652
   79.464409  183.515678    0.192030    0.407171
   79.462969  183.512330    0.255062    0.988788
   79.461530  183.508982    0.226677    0.721801
   79.460091  183.505636    0.143334    0.303918
   79.458652  183.502294    0.125129    0.265317
   79.454344  183.492301    0.249459    0.936331
   79.451479  183.485666    0.197944    0.451794
   79.450050  183.482359    0.258247    1.019132
   79.447197  183.475757    0.216770    0.629030
   79.442924  183.465880    0.200242    0.473666
   79.441501  183.462593    0.158596    0.336280
   79.440078  183.459306    0.175914    0.372999
   79.438655  183.456018    0.163615    0.346921
   79.437232  183.452731    0.184350    0.390887
   79.435808  183.449443    0.248669    0.929445
   79.434382  183.446154    0.139644    0.296095
   79.432952  183.442864    0.252163    0.962398
   79.431521  183.439573    0.283741    1.259508
   79.430089  183.436281    0.189125    0.401011
   79.428655  183.432986    0.216148    0.623722
   79.427221  183.429689    0.220796    0.667489
   79.425787  183.426390    0.136742    0.289941
   79.424351  183.423089    0.229113    0.745813
   79.422915  183.419786    0.227704    0.732600
   79.421478  183.416482    0.126812    0.268885
   79.420041  183.413177    0.180228    0.382148
   79.418603  183.409870    0.226365    0.720127
   79.417164  183.406561    0.212688    0.591506
   79.415725  183.403248    0.170137    0.360750
   79.414285  183.399936    0.199594    0.468405
   79.412846  183.396624    0.193059    0.409352
   79.411408  183.393316    0.147050    0.311798
   79.409973  183.390015    0.122403    0.259538
   79.407105  183.383427    0.169807    0.360052
   79.405673  183.380142    0.162480    0.344515
   79.404239  183.376866    0.213889    0.603178
   79.402806  183.373595    0.186997    0.396500
   79.398513  183.363783    0.462504    2.942151
   79.397084  183.360509    0.276295    1.190466
   79.395656  183.357237    0.217092    0.633560
   79.394229  183.353969    0.237890    0.829262
   79.392803  183.350711    0.270695    1.137903
   79.391378  183.347457    0.229503    0.750445
   79.389953  183.344204    0.228321    0.739366
   79.388527  183.340951    0.258146    1.019979
   79.387100  183.337693    0.204982    0.519885
   79.385672  183.334434    0.205825    0.527857
   79.384243  183.331173    0.219680    0.658242
   79.382814  183.327911    0.181540    0.384929
   79.381386  183.324646    0.253409    0.975627
   79.379956  183.321379    0.285286    1.275541
   79.378525  183.318111    0.190174    0.403235
   79.377093  183.314843    0.256066    1.000745
   79.375658  183.311578    0.228976    0.745943
   79.374221  183.308311    0.279014    1.216702
   79.372784  183.305041    0.213160    0.597241
   79.369908  183.298481    0.213456    0.600102
   79.368469  183.295192    0.232201    0.776484
   79.367031  183.291902    0.174989    0.371038
   79.365591  183.288615    0.169526    0.359454
   79.364150  183.285335    0.155039    0.328738
   79.362709  183.282060    0.162492    0.344541
   79.361267  183.278788    0.177297    0.375932
   79.358385  183.272257    0.206886    0.538631
   79.356946  183.268997    0.221809    0.679060
   79.355507  183.265740    0.255909    0.999892
   79.354070  183.262486    0.248589    0.931073
   79.352634  183.259231    0.231983    0.774893
   79.351201  183.255979    0.262658    1.063507
   79.349769  183.252733    0.237727    0.829015
   79.346911  183.246271    0.256807    1.008590
   79.345485  183.243053    0.291928    1.339021
   79.341210  183.233407    0.369642    2.070230
   79.339785  183.230189    0.326760    1.666867
   79.338360  183.226969    0.265872    1.094113
   79.336933  183.223747    0.240973    0.859921
   79.335506  183.220523    0.278062    1.208874
   79.334077  183.217297    0.384270    2.208047
   79.332647  183.214069    0.299059    1.406475
   79.331216  183.210838    0.205673    0.528005
   79.329782  183.207604    0.227823    0.736417
   79.328347  183.204367    0.283409    1.259374
   79.325473  183.197884    0.362881    2.007077
   79.324034  183.194636    0.429663    2.635364
   79.322595  183.191386    0.207243    0.543028
   79.321154  183.188135    0.247637    0.923064
   79.319713  183.184883    0.305300    1.465558
   79.318272  183.181632    0.252859    0.972276
   79.316831  183.178381    0.231123    0.767837
   79.312507  183.168631    0.210125    0.570430
   79.311067  183.165383    0.207551    0.546249
   79.309628  183.162140    0.224438    0.705159
   79.308190  183.158906    0.295108    1.370018
   79.306754  183.155691    0.254136    0.984622
   79.305320  183.152483    0.339043    1.783405
   79.303887  183.149280    0.281135    1.238684
   79.298166  183.136467    0.257631    1.017739
   79.295308  183.130060    0.241514    0.866198
   79.293879  183.126858    0.265388    1.090828
   79.291020  183.120460    0.223519    0.697034
   79.289591  183.117270    0.229361    0.752031
   79.286733  183.110894    0.286736    1.291850
   79.285303  183.107705    0.289993    1.322531
   79.283870  183.104512    0.296779    1.386409
   79.282435  183.101315    0.211863    0.587617
   79.279564  183.094907    0.212600    0.594628
   79.278128  183.091688    0.222805    0.690675
   79.276693  183.088465    0.221571    0.679101
   79.275257  183.085241    0.178762    0.379039
   79.272384  183.078805    0.201121    0.486846
   79.270947  183.075594    0.177134    0.375587
   79.268069  183.069170    0.232857    0.785512
   79.266627  183.065950    0.218183    0.647513
   79.265183  183.062730    0.255362    0.997301
   79.263739  183.059511    0.250814    0.954556
   79.260852  183.053085    0.192809    0.408965
   79.259409  183.049878    0.198402    0.461623
   79.257967  183.046674    0.200804    0.484262
   79.256526  183.043473    0.196217    0.441144
   79.255089  183.040271    0.270431    1.139341
   79.253653  183.037071    0.234152    0.798092
   79.252218  183.033875    0.203641    0.511106
   79.250783  183.030684    0.210013    0.571094
   79.249349  183.027500    0.220675    0.671428
   79.246484  183.021144    0.129068    0.273669
   79.245052  183.017972    0.218120    0.647516
   79.242191  183.011635    0.182825    0.387654
   79.240761  183.008469    0.211885    0.588980
   79.239331  183.005301    0.139952    0.296747
   79.237900  183.002131    0.139516    0.295823
   79.236469  182.998958    0.138554    0.293784
   79.235037  182.995785    0.227857    0.739385
   79.233606  182.992610    0.175423    0.371958
   79.232175  182.989436    0.106418    0.225645
   79.230744  182.986260    0.135766    0.287873
   79.226442  182.976714    0.149924    0.317891
   79.225005  182.973526    0.158953    0.337037
   79.223567  182.970336    0.082049    0.173972
   79.222128  182.967146    0.076088    0.161332
   79.220690  182.963957    0.162190    0.343899
   79.217813  182.957583    0.126443    0.268104
   79.216373  182.954399    0.115828    0.245596
   79.214933  182.951221    0.158395    0.335853
   79.212052  182.944873    0.107815    0.228606
   79.210611  182.941700    0.046844    0.099326
   79.209172  182.938526    0.168454    0.357182
   79.207733  182.935353    0.123991    0.262905
   79.203418  182.925846    0.084688    0.179568
   79.201980  182.922683    0.044510    0.094378
   79.196239  182.910076    0.127250    0.269815
   79.194806  182.906934    0.079729    0.169055
   79.193373  182.903793    0.165084    0.350037
   79.191941  182.900651    0.061545    0.130496
   79.189077  182.894370    0.074746    0.158489
   79.187646  182.891231    0.142614    0.302391
   79.186215  182.888096    0.041348    0.087673
   79.184784  182.884961    0.081854    0.173559
   79.183353  182.881827    0.061369    0.130125
   79.153127  182.815717    0.110166    0.233591
   79.151689  182.812584    0.100110    0.212269
   79.150251  182.809453    0.155766    0.330279
   79.148813  182.806327    0.158864    0.336847
   79.147377  182.803204    0.171758    0.364188
   79.145944  182.800090    0.091294    0.193575
   79.144511  182.796980    0.093939    0.199184
   79.143079  182.793872    0.085785    0.181895
   79.141647  182.790766    0.037435    0.079375
   79.140215  182.787657    0.148169    0.314170
   79.138784  182.784549    0.165089    0.350047
   79.133051  182.772109    0.135641    0.287607
   79.131615  182.768995    0.192906    0.413410
   79.130179  182.765877    0.231881    0.780107
   79.128740  182.762753    0.171072    0.362733
   79.127300  182.759626    0.173708    0.368323
   79.125860  182.756495    0.128894    0.273300
   79.115773  182.734543    0.064096    0.135906
   79.114331  182.731413    0.066304    0.140589
   79.112889  182.728285    0.108817    0.230731
   79.111448  182.725157    0.082643    0.175232
   79.110007  182.722031    0.076461    0.162125
   79.108567  182.718908    0.068721    0.145713
   79.107128  182.715789    0.121370    0.257347
   79.105690  182.712675    0.139667    0.296143
   79.104252  182.709566    0.041191    0.087340
   79.102814  182.706461    0.077055    0.163383
   79.101377  182.703360    0.148579    0.315039
   79.099941  182.700263    0.127954    0.271307
   79.098504  182.697171    0.059592    0.126355
   79.097068  182.694082    0.130208    0.276087
   79.095631  182.690996    0.179384    0.380357
   79.094194  182.687917    0.090523    0.191940
   79.092758  182.684839    0.128749    0.272994
   79.091321  182.681762    0.175414    0.371939
   79.089885  182.678684    0.101802    0.215857
   79.088448  182.675605    0.077725    0.164804
   79.085577  182.669437    0.091703    0.194442
   79.084142  182.666346    0.126121    0.267422
   79.082708  182.663241    0.151521    0.321277
   79.081275  182.660134    0.138824    0.294356
   79.079841  182.657024    0.109181    0.231501
   79.078406  182.653915    0.095340    0.202155
   79.076967  182.650812    0.135648    0.287622
   79.072645  182.641516    0.176565    0.374379
   79.071203  182.638420    0.081096    0.171952
   79.069760  182.635325    0.098721    0.209324
   79.068317  182.632231    0.123255    0.261343
   79.066873  182.629135    0.120194    0.254853
   79.065429  182.626035    0.159647    0.338509
   79.062540  182.619835    0.068992    0.146287
   79.061096  182.616739    0.159924    0.339096
   79.059653  182.613648    0.086848    0.184149
   79.058211  182.610561    0.071485    0.151573
   79.056769  182.607478    0.126600    0.268436
   79.055328  182.604401    0.104376    0.221314
   79.053890  182.601330    0.098990    0.209893
   79.052452  182.598263    0.084086    0.178292
   79.039524  182.570678    0.128485    0.272432
   79.038090  182.567612    0.134679    0.285567
   79.036655  182.564555    0.026618    0.056439
   79.035220  182.561500    0.140326    0.297542
   79.033784  182.558445    0.117075    0.248241
   79.032347  182.555388    0.044901    0.095207
   79.030906  182.552326    0.128793    0.273086
   79.029465  182.549261    0.116913    0.247898
   79.028022  182.546192    0.029692    0.062957
   79.026579  182.543118    0.101552    0.215325
   79.025135  182.540038    0.016046    0.034023
   78.958785  182.399540    0.202693    0.510198
   78.957342  182.396495    0.157839    0.334674
   78.955900  182.393456    0.148687    0.315268
   78.954460  182.390423    0.142557    0.302271
   78.953020  182.387395    0.206451    0.545699
   78.951581  182.384374    0.264368    1.090583
   78.950142  182.381364    0.158308    0.335668
   78.948704  182.378358    0.217270    0.647591
   78.947268  182.375356    0.198255    0.468748
   78.945832  182.372357    0.234262    0.807523
   78.944397  182.369358    0.138291    0.293227
   78.942964  182.366359    0.101344    0.214886
   78.941530  182.363359    0.239419    0.856144
   78.940095  182.360357    0.186514    0.395475
   78.938660  182.357348    0.111630    0.236695
   78.937224  182.354336    0.224766    0.718420
   78.935786  182.351322    0.180875    0.383520
   78.934347  182.348304    0.176902    0.375094
   78.932907  182.345286    0.276473    1.204956
   78.931465  182.342265    0.114102    0.241937
   78.930022  182.339242    0.191115    0.405231
   78.928578  182.336216    0.183638    0.389377
   78.927132  182.333188    0.099160    0.210254
   78.859284  182.191988    0.116320    0.246639
   78.857838  182.188997    0.060226    0.127700
   78.856393  182.186013    0.156624    0.332098
   78.854949  182.183038    0.142712    0.302599
   78.853507  182.180071    0.142083    0.301265
   78.852067  182.177116    0.164111    0.347973
   78.850627  182.174167    0.108138    0.229291
   78.849188  182.171221    0.097164    0.206022
   78.847749  182.168275    0.133588    0.283254
   78.538198  181.547487    0.109164    0.231467
   78.536750  181.544666    0.111072    0.235513
   78.533853  181.539028    0.082931    0.175844
   78.532403  181.536210    0.172942    0.366699
   78.530953  181.533389    0.130775    0.277289
   78.529501  181.530563    0.182337    0.386618
   78.528048  181.527723    0.175132    0.371343
   78.526594  181.524880    0.121778    0.258212
   78.525140  181.522034    0.106766    0.226383
   78.523687  181.519190    0.135608    0.287537
   78.516434  181.505033    0.128303    0.272048
   78.514986  181.502210    0.189227    0.401228
   78.513537  181.499390    0.142146    0.301399
   78.512088  181.496570    0.185050    0.392372
   78.510637  181.493750    0.166956    0.354007
   78.509186  181.490932    0.170851    0.362264
   78.507735  181.488115    0.122744    0.260260
   78.506285  181.485303    0.189638    0.402100
   78.504838  181.482497    0.164546    0.348895
   78.503392  181.479694    0.168445    0.357163
   78.501946  181.476893    0.159331    0.337837
   78.500499  181.474095    0.190216    0.404356
   78.499052  181.471297    0.166167    0.352333
   78.497604  181.468500    0.153037    0.324492
   78.496155  181.465705    0.188895    0.400523
   78.494706  181.462910    0.208749    0.578846
   78.493257  181.460115    0.162591    0.344751
   78.491807  181.457321    0.157426    0.333798
   78.490357  181.454527    0.250258    0.969441
   78.488906  181.451732    0.189078    0.400912
   78.487453  181.448938    0.240892    0.881402
   78.486000  181.446142    0.231704    0.795000
   78.484546  181.443344    0.197502    0.473290
   78.483092  181.440544    0.159299    0.337771
   78.481636  181.437739    0.202042    0.516065
   78.480180  181.434931    0.153009    0.324433
   78.478724  181.432121    0.258745    1.049561
   78.477268  181.429311    0.328513    1.705926
   78.475811  181.426501    0.256032    1.024109
   78.474354  181.423690    0.250608    0.973121
   78.472897  181.420878    0.284357    1.290645
   78.471441  181.418065    0.238093    0.855459
   78.469987  181.415249    0.243744    0.908656
   78.468535  181.412434    0.292368    1.366114
   78.467083  181.409620    0.243931    0.910482
   78.465631  181.406810    0.208484    0.577055
   78.464180  181.404005    0.191741    0.419579
   78.462729  181.401205    0.270830    1.163634
   78.461279  181.398409    0.175407    0.371924
   78.459831  181.395619    0.243676    0.908260
   78.458384  181.392838    0.242995    0.901887
   78.456939  181.390062    0.253820    1.003754
   78.455494  181.387288    0.273503    1.188956
   78.454049  181.384516    0.222828    0.712268
   78.452604  181.381741    0.284506    1.292530
   78.451159  181.378967    0.165835    0.351628
   78.449714  181.376193    0.217550    0.662721
   78.448268  181.373419    0.186247    0.394909
   78.446821  181.370645    0.190169    0.405210
   78.445373  181.367871    0.149180    0.316314
   78.443924  181.365097    0.283098    1.279495
   78.442474  181.362324    0.248002    0.949371
   78.441023  181.359555    0.235626    0.832976
   78.439570  181.356785    0.243326    0.905446
   78.438116  181.354013    0.216765    0.655613
   78.436661  181.351239    0.269048    1.147491
   78.435205  181.348458    0.334663    1.764794
   78.433750  181.345674    0.269187    1.148871
   78.432294  181.342889    0.266352    1.122235
   78.430838  181.340105    0.220171    0.687834
   78.429384  181.337325    0.290947    1.353681
   78.427930  181.334545    0.260441    1.066736
   78.426476  181.331766    0.165892    0.351750
   78.425021  181.328986    0.047462    0.100636
   78.423565  181.326201    0.163532    0.346745
   78.419198  181.317854    0.221449    0.700136
   78.417745  181.315082    0.194696    0.448491
   78.416294  181.312311    0.255915    1.024434
   78.414844  181.309542    0.208856    0.581767
   78.413394  181.306771    0.210890    0.600934
   78.410499  181.301218    0.196153    0.462376
   78.409051  181.298444    0.218038    0.668281
   78.407604  181.295672    0.158209    0.335459
   78.406156  181.292908    0.182084    0.386083
   78.404707  181.290147    0.149771    0.317567
   78.403258  181.287390    0.141303    0.299613
   78.401810  181.284635    0.149778    0.317582
   78.400362  181.281884    0.143009    0.303229
   78.398914  181.279134    0.000000    0.000000
   78.397466  181.276387    0.000000    0.000000
