Converting ICESat/GLAS binary freeboard vector data to ASCII
Wed Feb 12 09:56:27 2014

write_fb:
  file_in:       laser3k0011002.dat
  laser_period:  3k
  track:         0011
  cycle:         002
  file_out:      laser3k0011002.txt
  non_zero_only:        0
  nan_replace:       -999

read_fb:
  Year:                  2008
  Month:                   10
  Day:                     10
  Hour:                     2
  Minute:                   8
  Doy:                    284
  record_count:          1850
  non_zero_count:        1845
  nan_count:                0

    Latitude   Longitude   Freeboard   Thickness
   82.150040   82.123864    0.525662    4.402900
   82.151369   82.118042    0.595619    5.060781
   82.152698   82.112217    1.139907   10.180859
   82.154028   82.106384    1.526347   13.816006
   82.156692   82.094690    0.089818    0.356956
   82.158025   82.088834    0.000000    0.000000
   82.159359   82.082971    0.000000    0.000000
   82.160692   82.077101    0.412955    3.340816
   82.162026   82.071226    0.345755    2.708411
   82.163360   82.065346    0.431553    3.515321
   82.164694   82.059466    0.838098    7.339599
   82.166029   82.053585    1.592970   14.440701
   82.167364   82.047699    1.144755   10.223963
   82.168700   82.041806    0.121621    0.598777
   82.170036   82.035899    0.700752    6.046625
   82.171372   82.029979    0.532453    4.463149
   82.172709   82.024055    0.448549    3.673612
   82.174044   82.018129    0.269276    1.986906
   82.175378   82.012208    1.170421   10.464046
   82.176711   82.006293    0.387199    3.095788
   82.178042   82.000384    0.741628    6.429796
   82.179373   81.994481    1.473775   13.317125
   82.180702   81.988590    0.789165    6.876534
   82.182032   81.982711    0.834607    7.303800
   82.183360   81.976836    0.335381    2.607188
   82.184687   81.970963    0.972955    8.604833
   82.186014   81.965087    0.862397    7.564549
   82.187339   81.959205    0.636725    5.441356
   82.188663   81.953320    0.570855    4.821467
   82.189988   81.947431    0.508985    4.239203
   82.191312   81.941534    0.583458    4.939578
   82.193961   81.929722    0.776021    6.750630
   82.195286   81.923810    0.720062    6.223977
   82.196614   81.917898    0.461621    3.792511
   82.197945   81.911985    0.666959    5.723965
   82.199276   81.906070    0.893503    7.854913
   82.200608   81.900153    0.827035    7.229406
   82.201939   81.894238    0.633564    5.409130
   82.203269   81.888324    0.643088    5.498496
   82.204599   81.882404    0.287606    2.154128
   82.205929   81.876477    1.047117    9.298877
   82.207259   81.870531    0.439621    3.583732
   82.209920   81.858595    0.881299    7.738297
   82.211250   81.852618    0.542124    4.547336
   82.212581   81.846642    0.511976    4.263491
   82.213913   81.840671    0.453433    3.712530
   82.215244   81.834700    0.415408    3.354589
   82.216575   81.828731    1.116418    9.948997
   82.217905   81.822765    1.262421   11.322270
   82.220566   81.810843    1.207765   10.807654
   82.221895   81.804880    0.628011    5.353484
   82.223224   81.798912    0.970209    8.572429
   82.224551   81.792938    0.804917    7.017243
   82.225878   81.786963    0.592316    5.017006
   82.227204   81.780987    0.443104    3.613100
   82.228530   81.775012    0.294115    2.211279
   82.229854   81.769041    1.315446   11.819061
   82.231179   81.763071    0.743704    6.440262
   82.232503   81.757103    1.139225   10.160833
   82.233827   81.751140    0.630958    5.379170
   82.235153   81.745182    1.067902    9.489428
   82.236478   81.739224    1.525636   13.795259
   82.237804   81.733264    0.580064    4.899722
   82.239130   81.727300    0.647351    5.532489
   82.240456   81.721330    0.455464    3.727113
   82.241783   81.715357    0.857623    7.510131
   82.243109   81.709382    0.848768    7.426605
   82.244434   81.703405    0.966566    8.534554
   82.245758   81.697427    0.990626    8.760668
   82.252384   81.667543    0.779348    6.771976
   82.253711   81.661561    0.218943    1.499840
   82.255039   81.655565    0.865313    7.580229
   82.256368   81.649554    1.006384    8.907104
   82.257696   81.643536    0.878374    7.702646
   82.259025   81.637511    1.098494    9.773168
   82.260354   81.631482    1.006626    8.908708
   82.261683   81.625452    0.485228    4.003515
   82.263012   81.619416    0.568223    4.784058
   82.265668   81.607324    0.804545    7.006767
   82.268324   81.595200    0.169380    1.031099
   82.273626   81.571012    0.804849    7.008269
   82.274950   81.564978    0.441452    3.589443
   82.276273   81.558944    0.548037    4.591902
   82.277595   81.552907    0.875326    7.670598
   82.278916   81.546871    0.674318    5.779418
   82.280237   81.540834    0.610965    5.183209
   82.281557   81.534796    1.046317    9.278491
   82.282877   81.528758    0.826840    7.213570
   82.285517   81.516678    0.520086    4.327381
   82.286839   81.510635    0.947198    8.345144
   82.288161   81.504592    0.752375    6.512153
   82.289484   81.498547    0.786862    6.836357
   82.290807   81.492502    1.062026    9.424691
   82.292132   81.486458    1.041707    9.233321
   82.297435   81.462254    0.683178    5.859611
   82.298761   81.456178    0.539782    4.510409
   82.301413   81.444007    0.866659    7.584999
   82.302737   81.437914    1.076761    9.561274
   82.305385   81.425720    0.679037    5.819301
   82.314651   81.382997    0.337813    2.607703
   82.315971   81.376893    0.777660    6.745275
   82.317290   81.370790    0.625623    5.314786
   82.318609   81.364685    0.893356    7.833215
   82.319926   81.358579    0.921680    8.099444
   82.321244   81.352473    0.628958    5.345477
   82.323878   81.340268    0.753572    6.517321
   82.325195   81.334172    0.835684    7.289546
   82.326513   81.328076    0.701534    6.027330
   82.327830   81.321979    1.552602   14.033385
   82.329149   81.315880    0.698889    6.002000
   82.330468   81.309779    0.878643    7.692774
   82.331788   81.303672    0.528860    4.402025
   82.333109   81.297561    0.581994    4.901647
   82.334431   81.291439    1.060661    9.404409
   82.335753   81.285306    0.705718    6.065113
   82.337076   81.279168    0.512476    4.246996
   82.338400   81.273027    0.857682    7.494237
   82.339722   81.266886    1.159322   10.331637
   82.341044   81.260748    0.413985    3.319778
   82.342366   81.254608    0.365154    2.860178
   82.343688   81.248468    0.841166    7.337957
   82.345011   81.242329    0.692169    5.936066
   82.346335   81.236190    0.913453    8.017536
   82.347659   81.230046    0.240635    1.687889
   82.348983   81.223894    0.332234    2.549357
   82.350307   81.217727    0.616095    5.219515
   82.351632   81.211542    0.214862    1.444747
   82.352956   81.205353    1.058364    9.379636
   82.354279   81.199163    0.809380    7.037126
   82.355600   81.192983    0.700702    6.014534
   82.356919   81.186814    0.904130    7.928027
   82.358237   81.180649    0.881406    7.714032
   82.359554   81.174485    0.752245    6.498745
   82.360871   81.168320    0.641495    5.456655
   82.362187   81.162153    0.642684    5.467616
   82.364820   81.149810    0.815262    7.090663
   82.366135   81.143628    1.021581    9.031350
   82.367450   81.137437    0.646700    5.504498
   82.368764   81.131244    1.338291   12.010297
   82.370078   81.125050    0.868945    7.594776
   82.371392   81.118861    0.798563    6.932444
   82.372705   81.112677    0.871511    7.618470
   82.374019   81.106494    1.172230   10.447214
   82.375333   81.100311    0.870197    7.605658
   82.376649   81.094126    0.176343    1.078111
   82.377966   81.087939    0.610951    5.166391
   82.379285   81.081749    0.762034    6.587458
   82.380604   81.075553    0.948069    8.337324
   82.383242   81.063129    0.915539    8.030851
   82.384562   81.056908    0.931012    8.176192
   82.385882   81.050687    0.757884    6.547286
   82.387203   81.044472    0.795342    6.899441
   82.388525   81.038265    0.794260    6.889040
   82.389847   81.032059    0.724335    6.231002
   82.391170   81.025851    0.696551    5.969409
   82.392492   81.019637    1.020254    9.014361
   82.393815   81.013415    0.602228    5.081628
   82.395138   81.007191    0.695579    5.959581
   82.396459   81.000967    0.728580    6.269807
   82.408300   80.944805    0.740252    6.377585
   82.409615   80.938541    1.021222    9.020544
   82.410929   80.932277    0.807830    7.012868
   82.413558   80.919759    0.775065    6.704186
   82.414872   80.913508    0.135353    0.685975
   82.416185   80.907256    0.766676    6.624816
   82.418811   80.894728    0.992378    8.747625
   82.420123   80.888442    0.925180    8.115244
   82.421435   80.882152    0.936419    8.220748
   82.422748   80.875863    0.398966    3.164517
   82.425378   80.863319    0.518050    4.284336
   82.426694   80.857057    0.182758    1.129909
   82.428011   80.850795    0.544702    4.534609
   82.429328   80.844532    0.780411    6.751782
   82.430644   80.838265    0.945671    8.306208
   82.431960   80.831994    1.124329    9.986683
   82.433276   80.825717    0.629453    5.330992
   82.434594   80.819428    1.197308   10.672764
   82.435912   80.813128    0.605065    5.101112
   82.437231   80.806823    0.631574    5.350264
   82.438549   80.800514    0.892656    7.806121
   82.442498   80.781594    0.503274    4.142405
   82.443814   80.775285    0.896667    7.842961
   82.445130   80.768972    0.499123    4.102900
   82.446447   80.762656    0.668613    5.697121
   82.447764   80.756338    0.652592    5.546185
   82.449079   80.750019    0.977345    8.601017
   82.450393   80.743703    0.180544    1.105024
   82.451705   80.737388    0.523506    4.331151
   82.453016   80.731071    1.039695    9.186892
   82.454325   80.724750    0.403148    3.198456
   82.455633   80.718418    0.417082    3.329319
   82.456939   80.712075    0.856822    7.465875
   82.458245   80.705729    1.093077    9.688181
   82.459552   80.699384    0.499707    4.105922
   82.460859   80.693045    0.639359    5.419451
   82.462169   80.686713    0.593645    4.989183
   82.463479   80.680385    0.596864    5.019238
   82.464790   80.674058    0.395936    3.128815
   82.466099   80.667738    1.144897   10.174329
   82.467408   80.661421    0.653674    5.552999
   82.468718   80.655100    0.665305    5.662193
   82.470027   80.648773    0.552425    4.600064
   82.471338   80.642426    0.538695    4.470676
   82.472649   80.636060    0.481373    3.931205
   82.473962   80.629686    0.556031    4.633315
   82.475275   80.623306    0.133104    0.654471
   82.476590   80.616926    0.000000    0.000000
   82.477908   80.610548    0.248652    1.741022
   82.481862   80.591414    0.568425    4.748551
   82.483180   80.585039    0.575312    4.813112
   82.484497   80.578663    0.412011    3.276661
   82.485814   80.572287    0.894927    7.819385
   82.487129   80.565909    0.820438    7.118416
   82.488444   80.559529    0.902872    7.893678
   82.489757   80.553148    0.526648    4.354179
   82.491069   80.546766    0.953414    8.368691
   82.492379   80.540382    0.550026    4.573658
   82.493686   80.533998    0.428427    3.429508
   82.494993   80.527612    0.560422    4.671009
   82.496298   80.521225    1.272324   11.367881
   82.497604   80.514837    0.509436    4.190909
   82.498910   80.508449    0.994454    8.753416
   82.500216   80.502058    1.024946    9.040035
   82.501522   80.495664    0.505874    4.156726
   82.502828   80.489267    1.027161    9.060422
   82.504134   80.482865    0.895231    7.819088
   82.505440   80.476459    0.758958    6.536898
   82.506746   80.470048    1.282678   11.463488
   82.508051   80.463630    1.069983    9.462367
   82.509357   80.457206    0.939000    8.229936
   82.510663   80.450778    1.018425    8.976894
   82.513277   80.437920    0.558621    4.650910
   82.514585   80.431492    0.356486    2.749128
   82.515894   80.425065    0.678656    5.779671
   82.517203   80.418639    0.736584    6.324394
   82.519823   80.405803    1.043272    9.209058
   82.521133   80.399385    0.756721    6.513144
   82.522443   80.392962    0.631714    5.336944
   82.523754   80.386523    0.730560    6.266596
   82.525064   80.380070    1.095209    9.696737
   82.526374   80.373609    0.801861    6.936893
   82.527685   80.367145    1.099875    9.740189
   82.528996   80.360680    0.848623    7.376347
   82.530308   80.354216    1.050364    9.273967
   82.531620   80.347753    0.795201    6.873337
   82.532931   80.341293    1.100803    9.748011
   82.534242   80.334842    0.980818    8.619047
   82.535551   80.328399    1.172643   10.423382
   82.536860   80.321957    0.752724    6.472833
   82.538169   80.315513    0.968041    8.498165
   82.539477   80.309061    1.112101    9.853165
   82.540785   80.302599    1.116175    9.891268
   82.542092   80.296133    0.664860    5.645365
   82.543398   80.289663    0.887789    7.742310
   82.544703   80.283188    0.775908    6.689578
   82.546005   80.276709    0.610486    5.133178
   82.547307   80.270231    0.419917    3.340207
   82.548608   80.263754    0.259563    1.831471
   82.549909   80.257286    0.101246    0.341908
   82.551209   80.250827    0.636242    5.374577
   82.553810   80.237908    0.380128    2.964772
   82.555112   80.231444    0.394953    3.104009
   82.556415   80.224972    0.969872    8.512243
   82.557719   80.218494    1.211097   10.781300
   82.559024   80.212009    0.391655    3.072308
   82.560329   80.205512    0.486240    3.961877
   82.561635   80.199005    0.567102    4.722346
   82.562941   80.192491    0.582334    4.865419
   82.564247   80.185973    0.187733    1.153050
   82.566865   80.172937    0.622805    5.245468
   82.568174   80.166418    0.465784    3.768085
   82.569485   80.159897    0.553703    4.594942
   82.570797   80.153376    0.943743    8.263960
   82.572110   80.146853    0.753331    6.472459
   82.573422   80.140328    0.909526    7.941613
   82.574734   80.133799    0.629866    5.310529
   82.576043   80.127264    0.723494    6.191091
   82.577350   80.120724    1.056584    9.324356
   82.578655   80.114181    0.851491    7.394756
   82.579959   80.107637    0.755074    6.487498
   82.581261   80.101097    0.622238    5.237640
   82.582562   80.094560    0.666014    5.649237
   82.583863   80.088024    0.799955    6.909038
   82.585163   80.081488    0.361781    2.786760
   82.586464   80.074949    0.514426    4.222520
   82.587765   80.068408    1.062063    9.374102
   82.589066   80.061866    0.930111    8.132556
   82.590367   80.055324    0.552772    4.582575
   82.591666   80.048785    0.911606    7.958031
   82.592963   80.042248    1.024590    9.020678
   82.594260   80.035709    0.548494    4.541662
   82.595558   80.029163    0.524313    4.313959
   82.596856   80.022605    0.438150    3.503166
   82.598155   80.016032    0.766371    6.590630
   82.602057   79.996289    1.212095   10.783029
   82.603360   79.989709    0.356197    2.731085
   82.604664   79.983130    0.378296    2.938751
   82.608583   79.963401    0.889619    7.748264
   82.609891   79.956824    0.924173    8.073102
   82.611199   79.950241    0.517419    4.246405
   82.612507   79.943640    0.167826    0.957431
   82.613814   79.937023    1.198453   10.652663
   82.615122   79.930399    0.999841    8.784031
   82.616429   79.923772    0.623671    5.245040
   82.617734   79.917150    0.433353    3.454435
   82.619038   79.910535    0.436631    3.485042
   82.620342   79.903922    0.348106    2.652030
   82.621645   79.897311    0.715587    6.108822
   82.622949   79.890704    1.221641   10.869218
   82.624255   79.884100    0.633096    5.332356
   82.625560   79.877496    0.688627    5.854530
   82.626864   79.870891    0.478930    3.881616
   82.628167   79.864279    0.767301    6.594188
   82.629467   79.857660    0.897693    7.820602
   82.630766   79.851038    0.377363    2.925457
   82.632063   79.844414    0.346170    2.631799
   82.633359   79.837790    0.970917    8.508780
   82.634655   79.831164    0.588161    4.907840
   82.635950   79.824539    0.486975    3.955717
   82.637245   79.817915    0.568343    4.720957
   82.638541   79.811295    0.590740    4.931423
   82.639837   79.804678    0.577402    4.805723
   82.641135   79.798061    0.385486    3.000079
   82.642432   79.791442    0.500258    4.079558
   82.643730   79.784821    0.627081    5.272397
   82.645027   79.778196    0.939532    8.211503
   82.646324   79.771563    1.045063    9.204045
   82.647623   79.764920    0.523211    4.294589
   82.648922   79.758260    0.674471    5.717315
   82.650223   79.751579    0.221308    1.454035
   82.651525   79.744891    0.749046    6.418416
   82.652827   79.738197    0.667879    5.654628
   82.654131   79.731502    0.494507    4.023431
   82.655436   79.724810    1.132092   10.021182
   82.656742   79.718117    0.603104    5.044587
   82.658047   79.711425    0.259286    1.809950
   82.659352   79.704733    0.808276    6.974253
   82.660656   79.698043    0.282894    2.031584
   82.663263   79.684664    0.488599    3.966269
   82.664565   79.677974    0.680884    5.774934
   82.665865   79.671283    0.812607    7.013873
   82.667165   79.664592    0.768492    6.598641
   82.668463   79.657902    0.615544    5.159589
   82.669760   79.651216    0.513958    4.203701
   82.671055   79.644532    0.244324    1.666939
   82.672349   79.637851    0.849476    7.359590
   82.673642   79.631170    1.007744    8.848243
   82.674935   79.624493    0.799529    6.889268
   82.676229   79.617816    0.771326    6.623733
   82.677523   79.611138    0.227225    1.504965
   82.678817   79.604456    0.286681    2.064067
   82.680111   79.597765    0.761124    6.527082
   82.682701   79.584359    0.253056    1.747068
   82.683996   79.577647    0.832466    7.197552
   82.685290   79.570930    1.023985    8.999013
   82.686583   79.564207    0.745307    6.377168
   82.687877   79.557480    0.874744    7.594605
   82.689171   79.550748    0.407903    3.202645
   82.690467   79.544011    0.778732    6.690933
   82.691765   79.537269    0.647888    5.459811
   82.693064   79.530524    0.452641    3.622831
   82.694364   79.523779    0.515515    4.214083
   82.695663   79.517035    0.419149    3.307312
   82.696963   79.510293    0.783204    6.731871
   82.698262   79.503549    0.714255    6.083017
   82.699561   79.496803    0.083564    0.254274
   82.700860   79.490049    0.334029    2.505647
   82.702159   79.483288    0.604928    5.053862
   82.703457   79.476522    0.721263    6.148040
   82.704755   79.469752    0.802105    6.908316
   82.706054   79.462976    0.422563    3.337609
   82.707353   79.456195    0.354894    2.700804
   82.708652   79.449413    0.723084    6.164260
   82.709950   79.442632    0.524625    4.297061
   82.711247   79.435855    0.561429    4.643068
   82.712542   79.429084    0.624386    5.235104
   82.713837   79.422317    0.371484    2.855737
   82.715131   79.415554    0.615207    5.148297
   82.716424   79.408800    0.365431    2.798346
   82.717716   79.402052    0.928757    8.097515
   82.719008   79.395304    0.215313    1.385682
   82.720299   79.388553    0.691441    5.864557
   82.721591   79.381788    0.444143    3.537918
   82.722882   79.375009    0.585639    4.868793
   82.724172   79.368227    0.566643    4.689863
   82.725462   79.361444    0.763219    6.538890
   82.726751   79.354671    0.515429    4.207629
   82.728039   79.347908    0.781869    6.713891
   82.729327   79.341146    0.590754    4.915787
   82.730615   79.334380    0.449250    3.584380
   82.731904   79.327607    0.726044    6.188054
   82.733195   79.320824    0.411608    3.229826
   82.734486   79.314033    0.556451    4.592186
   82.735778   79.307234    0.779360    6.688936
   82.737072   79.300420    0.838307    7.243251
   82.738367   79.293594    0.391322    3.038086
   82.739662   79.286761    0.832517    7.188325
   82.740958   79.279922    0.578331    4.796890
   82.742253   79.273087    0.708772    6.023762
   82.743548   79.266254    0.417920    3.287394
   82.744842   79.259418    0.859747    7.443586
   82.746137   79.252578    0.523817    4.283152
   82.747434   79.245731    0.560608    4.629028
   82.748732   79.238875    0.588960    4.895521
   82.750031   79.232016    0.625014    5.234462
   82.751329   79.225154    0.342571    2.577201
   82.752627   79.218294    0.964249    8.425313
   82.753925   79.211435    0.498339    4.042109
   82.755220   79.204577    0.495919    4.019125
   82.756515   79.197722    0.585893    4.865314
   82.759095   79.184025    0.581258    4.821260
   82.760382   79.177183    0.398378    3.100625
   82.761668   79.170344    0.566300    4.680102
   82.762954   79.163511    0.534502    4.380743
   82.764241   79.156683    0.476247    3.832493
   82.765528   79.149856    0.787972    6.764772
   82.766814   79.143028    0.666844    5.625057
   82.768100   79.136196    0.470488    3.777645
   82.769385   79.129359    0.555141    4.573785
   82.770671   79.122516    0.636152    5.335661
   82.771956   79.115667    0.657410    5.535413
   82.773243   79.108808    0.348452    2.628720
   82.774530   79.101939    0.553198    4.554618
   82.775818   79.095063    0.245852    1.663082
   82.777106   79.088179    0.640876    5.378986
   82.778395   79.081290    0.695202    5.889825
   82.779686   79.074396    0.476745    3.834503
   82.780977   79.067495    0.759825    6.497308
   82.782268   79.060588    0.691742    5.856606
   82.783560   79.053673    0.826198    7.121248
   82.784853   79.046751    0.157045    0.826078
   82.786146   79.039823    0.789592    6.776434
   82.787440   79.032891    0.568391    4.695301
   82.788735   79.025955    0.901116    7.825132
   82.790030   79.019016    0.692741    5.864649
   82.791326   79.012076    0.683529    5.777765
   82.792621   79.005135    0.849414    7.338073
   82.793914   78.998198    0.680134    5.745380
   82.795207   78.991264    0.605275    5.040933
   82.796498   78.984331    0.671734    5.665906
   82.797789   78.977398    0.592181    4.917303
   82.799079   78.970463    0.515795    4.198492
   82.800369   78.963527    0.520293    4.240574
   82.801658   78.956591    0.834456    7.195796
   82.802946   78.949655    0.490803    3.962706
   82.804233   78.942723    0.593304    4.926749
   82.805520   78.935794    0.124595    0.517216
   82.806806   78.928866    0.845293    7.296843
   82.808092   78.921937    0.558195    4.595794
   82.809376   78.915008    0.343396    2.574880
   82.810659   78.908078    0.446931    3.548648
   82.811943   78.901146    0.707760    6.002131
   82.813226   78.894212    0.508799    4.130214
   82.814509   78.887276    0.766877    6.557822
   82.815793   78.880336    0.560414    4.615326
   82.817077   78.873394    0.436409    3.448549
   82.818360   78.866451    0.863835    7.469264
   82.819643   78.859508    0.645535    5.415425
   82.820924   78.852564    0.388443    2.996648
   82.822206   78.845618    0.534608    4.371447
   82.823488   78.838667    0.708900    6.010847
   82.824771   78.831712    0.711918    6.039016
   82.826056   78.824752    0.666759    5.613965
   82.827341   78.817784    0.661579    5.565015
   82.828628   78.810806    0.549513    4.510548
   82.829917   78.803811    0.651343    5.468279
   82.831208   78.796799    0.337613    2.516684
   82.832498   78.789780    0.904105    7.845644
   82.833789   78.782755    0.595932    4.946336
   82.835079   78.775733    0.578780    4.784753
   82.836368   78.768716    0.558645    4.595108
   82.837656   78.761697    0.713266    6.049459
   82.838944   78.754675    0.517013    4.203014
   82.840232   78.747648    0.827224    7.121049
   82.841521   78.740614    0.792200    6.791345
   82.842810   78.733580    0.516943    4.201685
   82.844098   78.726546    0.570177    4.702253
   82.845385   78.719518    0.451385    3.584516
   82.846672   78.712495    0.393946    3.043936
   82.847958   78.705475    0.606841    5.046495
   82.849242   78.698459    0.853340    7.365166
   82.850526   78.691448    0.720229    6.112726
   82.851808   78.684441    0.813947    6.994136
   82.853089   78.677435    0.538747    4.405015
   82.854369   78.670426    0.941481    8.193449
   82.855648   78.663411    0.324620    2.390206
   82.856927   78.656387    0.715280    6.065051
   82.858205   78.649361    0.527970    4.302745
   82.859483   78.642333    0.417348    3.261863
   82.860761   78.635308    0.549969    4.509253
   82.862039   78.628286    0.494562    3.987797
   82.864596   78.614234    0.430211    3.381978
   82.865876   78.607202    0.626473    5.228061
   82.867157   78.600163    0.654163    5.488326
   82.868439   78.593118    0.514723    4.176345
   82.869722   78.586066    0.434304    3.419588
   82.871006   78.579004    0.405905    3.152210
   82.872292   78.571932    0.652198    5.468946
   82.873577   78.564854    0.660803    5.549670
   82.874863   78.557770    0.448375    3.551061
   82.876146   78.550684    0.448409    3.551161
   82.877428   78.543595    0.589551    4.878704
   82.878710   78.536504    0.637685    5.331297
   82.879992   78.529410    0.613419    5.102793
   82.881277   78.522316    0.512317    4.151471
   82.882565   78.515222    0.518670    4.211014
   82.883854   78.508124    0.783310    6.700345
   82.885142   78.501021    0.532335    4.339116
   82.886430   78.493909    0.496965    4.006147
   82.889004   78.479661    0.549398    4.498955
   82.890289   78.472530    0.458907    3.647458
   82.891572   78.465397    0.521827    4.239139
   82.892852   78.458262    0.395206    3.047755
   82.894131   78.451128    0.505540    4.085474
   82.895410   78.443997    0.532987    4.343457
   82.896688   78.436873    0.358220    2.699134
   82.897966   78.429757    0.578780    4.773797
   82.899244   78.422645    0.561686    4.612762
   82.900521   78.415537    0.677517    5.702202
   82.901797   78.408434    0.462560    3.679801
   82.904345   78.394236    0.575046    4.737554
   82.905618   78.387135    0.570896    4.698284
   82.906891   78.380028    0.590885    4.886111
   82.908163   78.372913    0.399526    3.085704
   82.909435   78.365793    0.525499    4.270553
   82.910708   78.358667    0.502747    4.056291
   82.911983   78.351530    0.605526    5.022951
   82.913260   78.344383    0.561059    4.604406
   82.914538   78.337232    0.473700    3.782368
   82.915817   78.330078    0.527946    4.292458
   82.917097   78.322930    0.394229    3.034307
   82.919658   78.308640    0.586821    4.845639
   82.922223   78.294315    0.418374    3.260545
   82.923509   78.287127    0.775601    6.620882
   82.924794   78.279929    0.021452    0.056857
   82.926080   78.272723    0.528791    4.298606
   82.927364   78.265507    0.664394    5.574042
   82.928647   78.258283    0.504443    4.069101
   82.929929   78.251058    0.499064    4.018280
   82.931210   78.243835    0.317787    2.312714
   82.932490   78.236625    0.489170    3.924755
   82.933769   78.229428    0.775974    6.622590
   82.935048   78.222235    0.435709    3.421375
   82.936325   78.215042    0.620914    5.163436
   82.938878   78.200630    0.304215    2.183700
   82.940153   78.193418    0.588620    4.858965
   82.941427   78.186207    0.457386    3.624182
   82.943970   78.171808    0.456444    3.614872
   82.945240   78.164614    0.424255    3.311840
   82.946511   78.157420    0.616568    5.120767
   82.947782   78.150223    0.548077    4.476223
   82.950328   78.135815    0.352338    2.634390
   82.951601   78.128605    0.482944    3.862827
   82.952876   78.121389    0.467027    3.712862
   82.954152   78.114167    0.392310    3.009747
   82.955428   78.106942    0.318937    2.319282
   82.956705   78.099715    0.577637    4.752735
   82.957981   78.092490    0.383947    2.930410
   82.959257   78.085268    0.445487    3.509112
   82.960534   78.078042    0.318679    2.315958
   82.963088   78.063563    0.473843    3.775187
   82.965646   78.049035    0.344443    2.557436
   82.966924   78.041767    0.505321    4.070643
   82.968203   78.034507    0.434029    3.399748
   82.969481   78.027256    0.476638    3.800358
   82.970759   78.020006    0.426915    3.332379
   82.972037   78.012753    0.482163    3.851886
   82.973314   78.005493    0.458764    3.631538
   82.974592   77.998224    0.375368    2.846779
   82.975868   77.990950    0.486576    3.892731
   82.977144   77.983672    0.530442    4.305165
   82.978419   77.976390    0.233958    1.515819
   82.979692   77.969104    0.524443    4.248284
   82.980964   77.961815    0.375134    2.843460
   82.982236   77.954522    0.498212    4.001073
   82.983506   77.947226    0.429452    3.354000
   82.984777   77.939927    0.389864    2.981355
   82.988586   77.918015    0.423232    3.294589
   82.989855   77.910706    0.471556    3.748966
   82.991124   77.903398    0.421643    3.279200
   82.992393   77.896096    0.477492    3.804367
   82.994929   77.881534    0.462070    3.658835
   82.996197   77.874261    0.422769    3.288901
   82.997465   77.866987    0.518680    4.190941
   82.998733   77.859700    0.467080    3.705300
   83.000002   77.852398    0.437690    3.428591
   83.001272   77.845088    0.518535    4.188910
   83.002543   77.837771    0.474743    3.776714
   83.003816   77.830446    0.446386    3.509733
   83.005090   77.823114    0.472170    3.752063
   83.006365   77.815778    0.465019    3.684574
   83.007640   77.808437    0.535930    4.351428
   83.008915   77.801097    0.487830    3.898709
   83.015285   77.764368    0.472233    3.750860
   83.016559   77.757010    0.398526    3.057254
   83.017832   77.749647    0.492887    3.944716
   83.019105   77.742273    0.467072    3.701641
   83.021649   77.727503    0.426478    3.319306
   83.022920   77.720117    0.481457    3.836290
   83.025458   77.705376    0.433496    3.384656
   83.026725   77.698014    0.417494    3.233902
   83.029255   77.683291    0.409115    3.154631
   83.031782   77.668561    0.400204    3.070360
   83.033045   77.661187    0.391036    2.983885
   83.034309   77.653802    0.375717    2.839553
   83.035573   77.646404    0.393486    3.006492
   83.038102   77.631594    0.381166    2.890143
   83.039368   77.624188    0.487483    3.890082
   83.040634   77.616785    0.425650    3.308172
   83.041900   77.609380    0.407857    3.140564
   83.043167   77.601975    0.482218    3.839884
   83.044436   77.594568    0.417163    3.227664
   83.045706   77.587159    0.431038    3.357966
   83.046976   77.579748    0.350471    2.599825
   83.049517   77.564916    0.407966    3.140247
   83.050786   77.557494    0.409830    3.157565
   83.052056   77.550066    0.472299    3.745006
   83.053326   77.542631    0.434342    3.387701
   83.054596   77.535183    0.407200    3.132144
   83.055866   77.527724    0.473770    3.758167
   83.057136   77.520260    0.476921    3.787589
   83.058405   77.512796    0.420953    3.260855
   83.059673   77.505339    0.471601    3.737089
   83.060939   77.497891    0.462186    3.648296
   83.062204   77.490446    0.409477    3.152227
   83.063469   77.483002    0.484755    3.860169
   83.064734   77.475558    0.459155    3.619114
   83.065999   77.468113    0.389886    2.967261
   83.067263   77.460666    0.443501    3.471409
   83.068528   77.453214    0.397373    3.037240
   83.069793   77.445752    0.423437    3.282215
   83.071059   77.438280    0.447088    3.504485
   83.072323   77.430802    0.400149    3.062685
   83.073588   77.423320    0.400924    3.069751
   83.074850   77.415836    0.406781    3.124632
   83.076111   77.408351    0.395794    3.021047
   83.077371   77.400863    0.371721    2.794368
   83.078631   77.393372    0.430415    3.346298
   83.079892   77.385878    0.481088    3.822770
   83.081154   77.378382    0.445257    3.485475
   83.082415   77.370884    0.416040    3.210395
   83.083678   77.363384    0.494813    3.951215
   83.084942   77.355884    0.374363    2.817883
   83.086206   77.348384    0.317671    2.284341
   83.087471   77.340883    0.375462    2.827771
   83.088736   77.333378    0.401886    3.076127
   83.090002   77.325870    0.388928    2.954008
   83.091266   77.318357    0.305908    2.172786
   83.092532   77.310840    0.433357    3.371516
   83.093797   77.303320    0.394174    3.002685
   83.095064   77.295795    0.357844    2.660696
   83.096332   77.288265    0.428937    3.329260
   83.098869   77.273198    0.303113    2.145145
   83.101403   77.258124    0.406920    3.121239
   83.102668   77.250586    0.275027    1.880253
   83.105196   77.235515    0.334067    2.435214
   83.106456   77.227986    0.469947    3.713264
   83.107715   77.220456    0.331221    2.407998
   83.108974   77.212923    0.351969    2.602954
   83.110233   77.205382    0.466018    3.675625
   83.111491   77.197832    0.372409    2.794793
   83.112750   77.190279    0.429352    3.330246
   83.114008   77.182724    0.353878    2.620022
   83.115266   77.175175    0.319103    2.292651
   83.116523   77.167631    0.458287    3.601782
   83.117780   77.160082    0.348549    2.569218
   83.119037   77.152528    0.372130    2.790826
   83.120294   77.144960    0.440375    3.432608
   83.121552   77.137377    0.463328    3.648308
   83.122810   77.129785    0.384790    2.909252
   83.124070   77.122184    0.435790    3.388798
   83.125332   77.114570    0.440048    3.428631
   83.126598   77.106946    0.443309    3.459087
   83.127864   77.099320    0.466181    3.674021
   83.129130   77.091696    0.459008    3.606320
   83.130394   77.084087    0.483642    3.837834
   83.131655   77.076492    0.425090    3.286789
   83.132915   77.068902    0.398393    3.035422
   83.134175   77.061311    0.408492    3.130199
   83.135436   77.053715    0.473654    3.742981
   83.136697   77.046112    0.410516    3.148789
   83.137958   77.038504    0.439015    3.416670
   83.139219   77.030892    0.448096    3.501875
   83.140481   77.023273    0.453015    3.547922
   83.141742   77.015649    0.480382    3.805146
   83.144264   77.000395    0.406763    3.112139
   83.145523   76.992775    0.481543    3.815398
   83.148039   76.977547    0.474718    3.750742
   83.149296   76.969930    0.486112    3.857705
   83.150553   76.962307    0.455093    3.565677
   83.151810   76.954677    0.438284    3.407325
   83.153067   76.947040    0.482973    3.827510
   83.154324   76.939393    0.457849    3.590930
   83.155580   76.931730    0.340384    2.485678
   83.156835   76.924052    0.486164    3.856856
   83.158090   76.916367    0.464485    3.652685
   83.159345   76.908678    0.441313    3.434481
   83.160599   76.900994    0.381021    2.867070
   83.161853   76.893315    0.443344    3.453140
   83.164361   76.877960    0.447066    3.487702
   83.165617   76.870280    0.385546    2.908739
   83.166874   76.862600    0.341329    2.492553
   83.168131   76.854919    0.275976    1.877528
   83.169388   76.847238    0.373953    2.799013
   83.170644   76.839559    0.368820    2.750497
   83.171898   76.831882    0.325275    2.340628
   83.173153   76.824203    0.346590    2.540921
   83.174407   76.816518    0.293675    2.042908
   83.175662   76.808824    0.302509    2.125796
   83.176917   76.801118    0.332426    2.407007
   83.178174   76.793405    0.305785    2.156166
   83.179430   76.785688    0.304003    2.139175
   83.180688   76.777967    0.286345    1.972840
   83.181947   76.770243    0.279401    1.907286
   83.183206   76.762517    0.308059    2.176659
   83.184465   76.754789    0.348914    2.560766
   83.185724   76.747061    0.307435    2.170337
   83.188239   76.731604    0.246459    1.596267
   83.189495   76.723875    0.240046    1.535718
   83.192005   76.708410    0.251705    1.644942
   83.193259   76.700680    0.238342    1.519012
   83.194512   76.692953    0.193542    1.097340
   83.195763   76.685238    0.247725    1.606838
   83.197011   76.677534    0.223530    1.379005
   83.199506   76.662123    0.222862    1.372275
   83.200754   76.654405    0.261013    1.730950
   83.202003   76.646672    0.173270    0.905299
   83.203253   76.638927    0.260668    1.727256
   83.204503   76.631170    0.166622    0.842309
   83.205755   76.623389    0.244230    1.572168
   83.207008   76.615587    0.227037    1.410205
   83.208262   76.607778    0.215597    1.302363
   83.212020   76.584375    0.258655    1.706748
   83.213271   76.576587    0.197802    1.134060
   83.214523   76.568798    0.219960    1.342291
   83.215776   76.561001    0.192329    1.082134
   83.218286   76.545386    0.166737    0.840930
   83.219541   76.537576    0.205107    1.201669
   83.220797   76.529764    0.203860    1.189709
   83.222052   76.521953    0.207215    1.221049
   83.223307   76.514143    0.219756    1.338801
   83.224561   76.506332    0.186230    1.023186
   83.227067   76.490720    0.170402    0.873840
   83.228318   76.482914    0.183003    0.992156
   83.229569   76.475108    0.172914    0.897023
   83.230820   76.467296    0.148300    0.665249
   83.233321   76.451662    0.196157    1.115006
   83.234570   76.443845    0.204436    1.192661
   83.235819   76.436037    0.184784    1.007566
   83.237068   76.428236    0.131045    0.501806
   83.239564   76.412628    0.161378    0.786708
   83.240812   76.404812    0.152328    0.701350
   83.242059   76.396983    0.134759    0.535855
   83.243307   76.389144    0.125302    0.446658
   83.244554   76.381295    0.220526    1.342248
   83.245801   76.373429    0.173344    0.898165
   83.247048   76.365547    0.160961    0.781445
   83.248295   76.357659    0.080518    0.168467
   83.253283   76.326126    0.164380    0.812493
   83.254531   76.318245    0.090330    0.188996
   83.255780   76.310355    0.170252    0.867295
   83.257030   76.302456    0.104667    0.250085
   83.258280   76.294554    0.198029    1.128159
   83.259531   76.286650    0.093512    0.195653
   83.262027   76.270847    0.198691    1.133712
   83.263274   76.262947    0.184053    0.995790
   83.264522   76.255044    0.146507    0.642361
   83.265771   76.247137    0.178787    0.945804
   83.267022   76.239226    0.205199    1.194053
   83.268273   76.231313    0.174543    0.905438
   83.269524   76.223399    0.138185    0.563185
   83.270774   76.215485    0.151697    0.690068
   83.272022   76.207572    0.217902    1.312661
   83.275763   76.183831    0.233290    1.456755
   83.277007   76.175917    0.155191    0.721827
   83.281985   76.144248    0.163669    0.800703
   83.283229   76.136326    0.197291    1.116774
   83.284473   76.128401    0.236692    1.487209
   83.285716   76.120470    0.175655    0.912789
   83.286958   76.112534    0.198561    1.128059
   83.289439   76.096653    0.277751    1.872576
   83.290681   76.088712    0.232630    1.447893
   83.291923   76.080774    0.214246    1.274727
   83.293166   76.072832    0.178452    0.937773
   83.294408   76.064885    0.265236    1.753962
   83.295651   76.056929    0.219581    1.324250
   83.296893   76.048963    0.220413    1.331858
   83.298135   76.040988    0.190348    1.048802
   83.299378   76.033004    0.230599    1.427229
   83.300621   76.025006    0.216901    1.298149
   83.301865   76.016995    0.285258    1.940983
   83.303110   76.008976    0.204930    1.185086
   83.304356   76.000954    0.187025    1.016423
   83.305603   75.992932    0.157628    0.739657
   83.306852   75.984914    0.210957    1.241109
   83.308101   75.976893    0.135972    0.535484
   83.309350   75.968869    0.203821    1.173537
   83.310597   75.960837    0.143800    0.608669
   83.311844   75.952797    0.175436    0.906058
   83.313089   75.944759    0.155926    0.722300
   83.314334   75.936723    0.114962    0.336710
   83.315578   75.928701    0.143656    0.606424
   83.316822   75.920693    0.253080    1.635587
   83.318066   75.912689    0.173308    0.884925
   83.319309   75.904686    0.248749    1.594403
   83.321793   75.888666    0.185797    1.001744
   83.323034   75.880648    0.147670    0.642846
   83.324274   75.872626    0.210667    1.235258
   83.325514   75.864594    0.185855    1.001627
   83.326752   75.856553    0.226007    1.379122
   83.329226   75.840466    0.213475    1.260784
   83.330463   75.832431    0.249914    1.603364
   83.331699   75.824405    0.261882    1.715723
   83.334170   75.808352    0.294006    2.017486
   83.335404   75.800320    0.228948    1.405235
   83.336637   75.792280    0.246551    1.570612
   83.339104   75.776174    0.231781    1.431227
   83.340338   75.768100    0.213601    1.259981
   83.341574   75.760009    0.208905    1.215579
   83.342810   75.751908    0.271212    1.801498
   83.344048   75.743797    0.245188    1.556464
   83.345288   75.735678    0.413547    3.140051
   83.346530   75.727553    0.185797    0.997300
   83.347774   75.719423    0.281252    1.895060
   83.349019   75.711287    0.331472    2.367270
   83.350265   75.703152    0.262943    1.722374
   83.351511   75.695015    0.211836    1.241371
   83.352757   75.686875    0.241339    1.518683
   83.354003   75.678731    0.274399    1.829470
   83.355247   75.670578    0.237854    1.485459
   83.356491   75.662416    0.218170    1.300058
   83.357733   75.654253    0.278529    1.867650
   83.358975   75.646091    0.236876    1.475581
   83.360215   75.637935    0.135932    0.525744
   83.361455   75.629787    0.126049    0.432553
   83.362694   75.621645    0.149319    0.651237
   83.363932   75.613507    0.223101    1.345110
   83.365169   75.605376    0.188498    1.019359
   83.366407   75.597251    0.208200    1.204488
   83.367643   75.589130    0.222940    1.342928
   83.368877   75.581012    0.246678    1.566015
   83.371340   75.564781    0.057833    0.121003
   83.372569   75.556665    0.158128    0.732331
   83.373797   75.548548    0.237250    1.476442
   83.375026   75.540429    0.148567    0.641943
   83.376256   75.532307    0.138716    0.549055
   83.378717   75.516046    0.152909    0.682129
   83.381178   75.499750    0.227377    1.382231
   83.382409   75.491586    0.257613    1.666454
   83.383641   75.483409    0.091075    0.190555
   83.384875   75.475216    0.100435    0.210139
   83.386112   75.467005    0.245115    1.548208
   83.387349   75.458781    0.225485    1.363322
   83.388588   75.450546    0.197247    1.097455
   83.389828   75.442295    0.242907    1.526768
   83.391069   75.434031    0.275318    1.831448
   83.393553   75.417499    0.270432    1.785035
   83.394793   75.409250    0.165754    0.800066
   83.396033   75.401020    0.195526    1.079926
   83.397271   75.392797    0.159963    0.745148
   83.399746   75.376364    0.248273    1.575465
   83.400983   75.368150    0.196936    1.092295
   83.403453   75.351721    0.234990    1.449835
   83.404686   75.343502    0.235195    1.451540
   83.405917   75.335278    0.195752    1.080265
   83.408376   75.318824    0.186854    0.996118
   83.413289   75.285899    0.157797    0.721879
   83.416972   75.261255    0.196336    1.083772
   83.418199   75.253040    0.203523    1.151154
   83.419426   75.244819    0.199199    1.110255
   83.420653   75.236588    0.210463    1.216001
   83.421879   75.228347    0.206360    1.177178
   83.423106   75.220095    0.247439    1.563406
   83.428018   75.186931    0.224083    1.342802
   83.429249   75.178619    0.155870    0.700876
   83.430482   75.170305    0.208801    1.198589
   83.432950   75.153662    0.173816    0.869033
   83.434185   75.145335    0.132488    0.480019
   83.435421   75.137004    0.239378    1.485348
   83.436657   75.128668    0.188624    1.007669
   83.437892   75.120326    0.159192    0.730563
   83.439128   75.111973    0.187016    0.992093
   83.440363   75.103610    0.213828    1.244094
   83.441597   75.095243    0.162897    0.764747
   83.442831   75.086878    0.134909    0.501231
   83.444064   75.078520    0.143817    0.584811
   83.445295   75.070171    0.132201    0.475318
   83.446525   75.061826    0.069340    0.145078
   83.450214   75.036815    0.093721    0.196090
   83.452670   75.020157    0.049241    0.103026
   83.455114   75.003519    0.085119    0.178092
   83.456333   74.995203    0.073477    0.153734
   83.457551   74.986886    0.113359    0.295850
   83.458768   74.978564    0.055163    0.115415
   83.459986   74.970236    0.164326    0.774864
   83.461204   74.961905    0.160172    0.735574
   83.462423   74.953571    0.164073    0.772044
   83.463644   74.945239    0.179377    0.915801
   83.466093   74.928570    0.107861    0.242584
   83.467318   74.920224    0.237535    1.462243
   83.468544   74.911864    0.214891    1.249003
   83.469769   74.903488    0.226377    1.356834
   83.470995   74.895097    0.157573    0.709353
   83.472221   74.886689    0.159420    0.726500
   83.473449   74.878252    0.060241    0.126041
   83.474677   74.869789    0.264581    1.715341
   83.477135   74.852832    0.050971    0.106645
   83.478365   74.844357    0.069791    0.146022
   83.479596   74.835892    0.107991    0.241360
   83.480827   74.827429    0.091747    0.191961
   83.482058   74.818971    0.086628    0.181249
   83.483287   74.810520    0.091901    0.192283
   83.485742   74.793634    0.027372    0.057269
   83.486968   74.785193    0.083031    0.173725
   83.488194   74.776747    0.185442    0.968411
   83.489420   74.768297    0.137647    0.518557
   83.490644   74.759846    0.063981    0.133866
   83.491868   74.751395    0.280610    1.863018
   83.493090   74.742942    0.134274    0.486169
   83.494310   74.734489    0.247890    1.554767
   83.495529   74.726039    0.187457    0.986035
   83.496747   74.717593    0.252595    1.598583
   83.497965   74.709161    0.354513    2.557142
   83.499181   74.700742    0.214831    1.242884
   83.500397   74.692323    0.056602    0.118427
   83.501613   74.683899    0.152585    0.656872
   83.502830   74.675457    0.132015    0.463139
   83.504048   74.666996    0.155155    0.680604
   83.505265   74.658526    0.185767    0.968354
   83.506483   74.650047    0.202684    1.127281
   83.507700   74.641567    0.235065    1.431682
   83.508918   74.633085    0.276654    1.822701
   83.510135   74.624596    0.169364    0.813162
   83.511354   74.616100    0.210120    1.196348
   83.512575   74.607591    0.275841    1.814381
   83.515022   74.590544    0.194259    1.046470
   83.516247   74.582010    0.253134    1.600101
   83.519923   74.556378    0.273016    1.786470
   83.522373   74.539271    0.101532    0.212434
   83.523596   74.530714    0.105171    0.220047
   83.524820   74.522156    0.269904    1.756295
   83.526043   74.513597    0.192633    1.029160
   83.527266   74.505040    0.166356    0.781740
   83.528489   74.496484    0.135419    0.490484
   83.529712   74.487930    0.189445    0.998497
   83.530934   74.479377    0.197378    1.072900
   83.535800   74.445205    0.232025    1.397951
   83.538223   74.428111    0.191944    1.020452
   83.539433   74.419560    0.296392    2.002804
   83.544280   74.385323    0.172134    0.832980
   83.545495   74.376758    0.179624    0.903226
   83.546711   74.368201    0.333148    2.347252
   83.547928   74.359650    0.218414    1.267690
   83.549146   74.351092    0.343979    2.448700
   83.550364   74.342522    0.244302    1.510778
   83.551583   74.333922    0.234669    1.419934
   83.552801   74.325293    0.217993    1.262838
   83.554020   74.316651    0.157584    0.694323
   83.555239   74.308000    0.130021    0.434813
   83.560122   74.273398    0.270600    1.756389
   83.562561   74.256113    0.368576    2.677639
   83.563779   74.247472    0.267250    1.724205
   83.571067   74.195531    0.398564    2.958190
   83.572279   74.186865    0.345702    2.460678
   83.573490   74.178197    0.282364    1.864609
   83.574700   74.169531    0.195108    1.043538
   83.575910   74.160867    0.259389    1.648032
   83.577120   74.152207    0.195515    1.046924
   83.578330   74.143546    0.426123    3.216111
   83.579540   74.134884    0.309551    2.119257
   83.580750   74.126219    0.238607    1.451639
   83.581960   74.117549    0.183588    0.933840
   83.583171   74.108877    0.390425    2.879400
   83.584381   74.100202    0.338120    2.387126
   83.585589   74.091523    0.334770    2.355389
   83.586796   74.082840    0.425341    3.207201
   83.588003   74.074154    0.306259    2.086734
   83.589209   74.065466    0.337166    2.377266
   83.590417   74.056779    0.342981    2.431755
   83.591625   74.048093    0.412868    3.088982
   83.592835   74.039403    0.324242    2.255022
   83.594045   74.030708    0.252022    1.575405
   83.595256   74.022008    0.286969    1.903939
   83.596468   74.013300    0.336596    2.370579
   83.597681   74.004581    0.302257    2.047318
   83.598895   73.995851    0.254838    1.601004
   83.600109   73.987099    0.310393    2.123410
   83.601323   73.978327    0.338216    2.384928
   83.602536   73.969544    0.130947    0.434855
   83.603751   73.960754    0.132907    0.453069
   83.604965   73.951963    0.234080    1.404611
   83.606180   73.943173    0.172462    0.824726
   83.607395   73.934384    0.288795    1.918893
   83.608610   73.925596    0.233411    1.397653
   83.609825   73.916815    0.224397    1.312626
   83.612254   73.899268    0.225904    1.326364
   83.613467   73.890494    0.185705    0.947975
   83.614678   73.881711    0.232681    1.389667
   83.615887   73.872920    0.254473    1.594455
   83.617094   73.864128    0.294209    1.968041
   83.618300   73.855337    0.163747    0.740515
   83.619505   73.846554    0.039965    0.083618
   83.620708   73.837779    0.207628    1.152878
   83.621911   73.829007    0.147274    0.584884
   83.623113   73.820240    0.277033    1.805353
   83.624315   73.811478    0.389103    2.859408
   83.625518   73.802722    0.240335    1.459680
   83.626720   73.793964    0.197697    1.058347
   83.627923   73.785200    0.171362    0.810385
   83.629127   73.776423    0.131342    0.433678
   83.631539   73.758832    0.185477    0.942501
   83.632745   73.750023    0.178743    0.878931
   83.633952   73.741207    0.167723    0.775046
   83.635160   73.732384    0.182912    0.917709
   83.637577   73.714714    0.282042    1.849816
   83.638787   73.705866    0.229610    1.356346
   83.639998   73.697009    0.113674    0.265476
   83.641210   73.688146    0.172622    0.819796
   83.642422   73.679277    0.111616    0.245664
   83.644847   73.661529    0.118595    0.310878
   83.647269   73.643765    0.221684    1.280220
   83.648478   73.634874    0.216953    1.235497
   83.649684   73.625976    0.237152    1.425287
   83.653298   73.599283    0.055001    0.115077
   83.654501   73.590394    0.079146    0.165596
   83.655704   73.581509    0.106532    0.222894
   83.656906   73.572628    0.067733    0.141716
   83.659309   73.554884    0.209569    1.164030
   83.660510   73.546016    0.131996    0.434059
   83.662910   73.528268    0.188017    0.960623
   83.664108   73.519381    0.112165    0.246839
   83.665307   73.510489    0.262174    1.657805
   83.666505   73.501589    0.341352    2.402430
   83.667704   73.492678    0.213863    1.202884
   83.668904   73.483757    0.268789    1.719367
   83.670103   73.474831    0.065101    0.136210
   83.671304   73.465904    0.035345    0.073951
   83.672504   73.456981    0.280613    1.829937
   83.673705   73.448063    0.178011    0.864498
   83.674906   73.439146    0.213939    1.202269
   83.676108   73.430225    0.244290    1.487567
   83.677311   73.421303    0.382254    2.785223
   83.678514   73.412376    0.189740    0.973954
   83.679717   73.403442    0.034861    0.072939
   83.680920   73.394499    0.163088    0.722787
   83.682123   73.385539    0.258750    1.622484
   83.683326   73.376561    0.237961    1.426698
   83.684528   73.367574    0.239621    1.442094
   83.685731   73.358580    0.234849    1.396978
   83.688137   73.340583    0.118718    0.304051
   83.690544   73.322573    0.111585    0.236496
   83.691747   73.313562    0.148321    0.581863
   83.692950   73.304547    0.114197    0.260624
   83.694153   73.295530    0.166710    0.754406
   83.695355   73.286511    0.208402    1.146396
   83.696556   73.277490    0.155842    0.651723
   83.697755   73.268469    0.179709    0.876021
   83.698954   73.259450    0.120192    0.315904
   83.700152   73.250431    0.230769    1.355917
   83.703740   73.223409    0.239998    1.442073
   83.704934   73.214408    0.372825    2.691395
   83.706129   73.205412    0.247923    1.516176
   83.707323   73.196420    0.234075    1.385682
   83.708516   73.187427    0.233837    1.383225
   83.709709   73.178433    0.214723    1.203192
   83.710901   73.169435    0.200436    1.068562
   83.712092   73.160431    0.148983    0.584312
   83.713283   73.151420    0.173484    0.814576
   83.714475   73.142402    0.135167    0.453895
   83.715669   73.133370    0.296944    1.975564
   83.716865   73.124326    0.196829    1.033523
   83.718061   73.115273    0.148593    0.579527
   83.719259   73.106214    0.180403    0.878549
   83.720458   73.097154    0.343071    2.408601
   83.721657   73.088093    0.204097    1.101006
   83.722857   73.079025    0.180862    0.882200
   83.724058   73.069949    0.288629    1.895776
   83.725258   73.060859    0.196357    1.027520
   83.726458   73.051755    0.374442    2.702600
   83.727659   73.042641    0.357934    2.547081
   83.728859   73.033518    0.203853    1.097371
   83.730059   73.024382    0.206376    1.120875
   83.731258   73.015235    0.233357    1.374477
   83.732457   73.006085    0.242168    1.457135
   83.733655   72.996937    0.267852    1.698538
   83.734851   72.987803    0.228240    1.325668
   83.736046   72.978684    0.241225    1.447608
   83.737240   72.969570    0.219245    1.240607
   83.738433   72.960459    0.230991    1.350884
   83.739626   72.951350    0.128452    0.386044
   83.740819   72.942240    0.253919    1.566134
   83.742012   72.933129    0.312647    2.118385
   83.743204   72.924015    0.265067    1.670570
   83.744394   72.914893    0.375097    2.705435
   83.745583   72.905764    0.271871    1.734138
   83.746771   72.896634    0.184642    0.913321
   83.747959   72.887503    0.227424    1.315565
   83.749145   72.878378    0.258218    1.605040
   83.750332   72.869258    0.268394    1.700544
   83.752705   72.851027    0.197477    1.032966
   83.753891   72.841918    0.213567    1.184108
   83.755079   72.832814    0.244560    1.475452
   83.756266   72.823707    0.149902    0.584753
   83.757454   72.814595    0.133935    0.434321
   83.758642   72.805474    0.322824    2.211047
   83.759831   72.796340    0.270369    1.717367
   83.761020   72.787193    0.398492    2.922438
   83.762210   72.778031    0.386355    2.808039
   83.763400   72.768846    0.232949    1.364684
   83.764591   72.759638    0.309693    2.086415
   83.765783   72.750415    0.274537    1.755466
   83.766977   72.741180    0.313634    2.123044
   83.768172   72.731936    0.245880    1.485436
   83.769370   72.722685    0.254887    1.569947
   83.772968   72.694902    0.361400    2.571283
   83.774166   72.685637    0.284695    1.849475
   83.776560   72.667100    0.333071    2.304116
   83.777753   72.657825    0.285194    1.853505
   83.778943   72.648545    0.356124    2.520541
   83.780132   72.639268    0.367894    2.631046
   83.781319   72.629998    0.298772    1.980571
   83.782504   72.620744    0.334544    2.316876
   83.783688   72.611507    0.278850    1.792719
   83.784871   72.602279    0.241233    1.438620
   83.786052   72.593057    0.189784    0.954403
   83.787232   72.583844    0.249684    1.517685
   83.788412   72.574636    0.390216    2.839501
   83.789591   72.565427    0.303412    2.022682
   83.790770   72.556213    0.302089    2.010020
   83.791949   72.546984    0.250824    1.527535
   83.793129   72.537739    0.286597    1.863845
   83.794309   72.528486    0.292059    1.915007
   83.795491   72.519224    0.323769    2.213093
   83.796675   72.509957    0.314866    2.129118
   83.797861   72.500686    0.322498    2.200696
   83.799048   72.491410    0.252718    1.544029
   83.800236   72.482131    0.342444    2.387892
   83.801424   72.472853    0.314878    2.128353
   83.802612   72.463576    0.311699    2.098220
   83.803800   72.454293    0.257746    1.590452
   83.804989   72.445001    0.364863    2.597909
   83.806178   72.435694    0.226437    1.295467
   83.807368   72.426370    0.411905    3.040009
   83.808558   72.417032    0.316619    2.143402
   83.809747   72.407680    0.291442    1.906328
   83.810935   72.398304    0.288036    1.874065
   83.812121   72.388908    0.297826    1.965942
   83.814491   72.370103    0.300934    1.994737
   83.815677   72.360716    0.165593    0.721325
   83.816863   72.351347    0.348100    2.438002
   83.818049   72.341985    0.346282    2.420681
   83.819234   72.332625    0.434435    3.249746
   83.820417   72.323265    0.510407    3.964221
   83.821599   72.313903    0.446077    3.358824
   83.822779   72.304540    0.349689    2.451846
   83.823958   72.295178    0.255904    1.569367
   83.826314   72.276450    0.357464    2.524331
   83.827492   72.267083    0.285325    1.845475
   83.828668   72.257716    0.264607    1.650356
   83.829845   72.248344    0.357799    2.526825
   83.831022   72.238969    0.287525    1.865511
   83.832199   72.229593    0.264462    1.648332
   83.833375   72.220214    0.362449    2.569911
   83.834553   72.210836    0.305709    2.035915
   83.836909   72.192078    0.339045    2.349081
   83.839265   72.173322    0.463124    3.515895
   83.840443   72.163947    0.022850    0.047808
   83.841622   72.154567    0.294253    1.926831
   83.842800   72.145179    0.310769    2.081986
   83.843979   72.135776    0.343145    2.386329
   83.845158   72.126358    0.308060    2.056054
   83.846337   72.116927    0.347800    2.429686
   83.847518   72.107485    0.055336    0.115779
   83.849890   72.088557    0.387260    2.800237
   83.851078   72.079078    0.335190    2.310173
   83.852266   72.069592    0.232848    1.347184
   83.853452   72.060103    0.315469    2.124208
   83.854636   72.050613    0.321574    2.181416
   83.855817   72.041119    0.280256    1.792507
   83.856998   72.031620    0.335692    2.313787
   83.858178   72.022110    0.224224    1.264946
   83.859357   72.012592    0.299381    1.971759
   83.860535   72.003076    0.306559    2.039058
   83.862888   71.984085    0.247683    1.484755
   83.864061   71.974629    0.340272    2.355552
   83.866405   71.955731    0.228894    1.307341
   83.867577   71.946272    0.335819    2.313001
   83.868749   71.936798    0.212279    1.150605
   83.869921   71.927316    0.257304    1.573950
   83.871091   71.917824    0.373440    2.666258
   83.872259   71.908315    0.253442    1.537174
   83.873425   71.898792    0.270495    1.697384
   83.874591   71.889263    0.292857    1.907527
   83.875757   71.879734    0.459965    3.479357
   83.876926   71.870218    0.270970    1.701191
   83.879271   71.851213    0.318657    2.149361
   83.880445   71.841706    0.410138    3.009736
   83.881619   71.832188    0.267557    1.668207
   83.882794   71.822656    0.108982    0.228020
   83.883969   71.813114    0.335913    2.310806
   83.885145   71.803563    0.230425    1.318229
   83.886322   71.794004    0.252846    1.528930
   83.887500   71.784436    0.426333    3.160759
   83.888678   71.774859    0.181698    0.859175
   83.889857   71.765272    0.279901    1.782780
   83.891036   71.755672    0.299795    1.969702
   83.892215   71.746058    0.286182    1.841419
   83.893394   71.736441    0.263406    1.626937
   83.894571   71.726822    0.237398    1.382050
   83.895747   71.717208    0.272254    1.709725
   83.896921   71.707604    0.260115    1.595311
   83.898093   71.698002    0.260546    1.599148
   83.899264   71.688403    0.273280    1.718716
   83.900435   71.678810    0.267779    1.666743
   83.901606   71.669223    0.259223    1.586037
   83.902776   71.659632    0.270582    1.692670
   83.905113   71.640418    0.255370    1.549131
   83.906280   71.630781    0.298990    1.959255
   83.907446   71.621138    0.292231    1.895450
   83.908612   71.611495    0.297394    1.943802
   83.909779   71.601863    0.246495    1.464755
   83.910947   71.592244    0.268133    1.668096
   83.912116   71.582628    0.331862    2.267392
   83.913285   71.573012    0.383336    2.751399
   83.914453   71.563393    0.349347    2.431434
   83.915621   71.553770    0.259156    1.582758
   83.916788   71.544143    0.337964    2.323909
   83.917956   71.534512    0.070714    0.147953
   83.919124   71.524876    0.037882    0.079260
   83.920293   71.515235    0.356085    2.493724
   83.921462   71.505585    0.588265    4.677699
   83.922631   71.495926    0.289798    1.869696
   83.926143   71.466851    0.274364    1.723834
   83.927315   71.457138    0.175781    0.796214
   83.928488   71.447417    0.305092    2.012466
   83.929662   71.437689    0.281351    1.788898
   83.930836   71.427959    0.310205    2.060117
   83.932010   71.418227    0.278368    1.760396
   83.933182   71.408501    0.370530    2.627172
   83.934353   71.398782    0.248552    1.479463
   83.935523   71.389063    0.226289    1.269800
   83.936692   71.379344    0.279704    1.772078
   83.937860   71.369621    0.281794    1.791520
   83.939027   71.359892    0.285652    1.827588
   83.940192   71.350164    0.307271    2.030741
   83.941357   71.340436    0.267373    1.655192
   83.942521   71.330711    0.326935    2.215289
   83.943683   71.320990    0.263173    1.615240
   83.944845   71.311268    0.313413    2.087642
   83.946005   71.301545    0.258775    1.573427
   83.947163   71.291820    0.147631    0.527639
   83.948320   71.282091    0.267868    1.658527
   83.949476   71.272358    0.122861    0.294175
   83.950632   71.262619    0.469167    3.551771
   83.951788   71.252874    0.349426    2.425112
   83.952945   71.243121    0.262006    1.602504
   83.954103   71.233361    0.252126    1.509339
   83.956422   71.213814    0.265984    1.639267
   83.957584   71.204026    0.292135    1.885058
   83.958748   71.194228    0.076080    0.159180
   83.961079   71.174606    0.249144    1.479964
   83.962246   71.164779    0.302020    1.977160
   83.963414   71.154946    0.145131    0.501030
   83.964582   71.145108    0.088613    0.185403
   83.965751   71.135267    0.126295    0.323389
   83.966920   71.125423    0.255658    1.540131
   83.968088   71.115578    0.246973    1.458209
   83.969257   71.105733    0.223616    1.238260
   83.970424   71.095891    0.268624    1.661446
   83.971591   71.086053    0.248792    1.474660
   83.972757   71.076215    0.166450    0.699819
   83.973922   71.066377    0.333037    2.266732
   83.975086   71.056539    0.316000    2.106240
   83.976247   71.046701    0.326981    2.209319
   83.977408   71.036859    0.302878    1.982359
   83.978568   71.027014    0.289718    1.858330
   83.979726   71.017161    0.276682    1.735477
   83.980884   71.007300    0.367251    2.587274
   83.982041   70.997434    0.361859    2.536328
   83.983197   70.987566    0.343833    2.366529
   83.984352   70.977698    0.246810    1.453581
   83.985508   70.967829    0.185693    0.878410
   83.986662   70.957959    0.341791    2.346663
   83.987817   70.948086    0.238537    1.375098
   83.990125   70.928329    0.306689    2.015782
   83.992432   70.908559    0.350822    2.430525
   83.993586   70.898672    0.216567    1.167315
   83.994741   70.888784    0.170462    0.733371
   83.995896   70.878893    0.101793    0.212979
   83.997052   70.868997    0.241393    1.400206
   83.998208   70.859095    0.194998    0.963528
   83.999366   70.849187    0.140135    0.447196
   84.000523   70.839270    0.227497    1.268820
   84.001682   70.829344    0.180304    0.824641
   84.002840   70.819401    0.244257    1.426043
   84.003998   70.809442    0.403657    2.925353
   84.005157   70.799477    0.456171    3.419152
   84.006315   70.789511    0.302445    1.972777
   84.007475   70.779556    0.249604    1.475465
   84.008636   70.769613    0.348271    2.403433
   84.009797   70.759670    0.302993    1.977268
   84.010957   70.749723    0.237571    1.361596
   84.012117   70.739765    0.177428    0.795596
   84.013277   70.729792    0.031338    0.065569
   84.014435   70.719815    0.176325    0.784774
   84.015593   70.709835    0.073806    0.154422
   84.016750   70.699859    0.328915    2.219798
   84.017906   70.689886    0.250453    1.481464
   84.019061   70.679912    0.488766    3.723129
   84.020215   70.669935    0.486429    3.700927
   84.021368   70.659952    0.333555    2.262570
   84.022520   70.649962    0.260892    1.578783
   84.023671   70.639969    0.211096    1.110116
   84.024821   70.629974    0.248326    1.460131
   84.025969   70.619977    0.255430    1.526744
   84.027116   70.609980    0.310990    2.049189
   84.028263   70.599982    0.215357    1.149317
   84.029409   70.589985    0.393012    2.820359
   84.030555   70.579993    0.259670    1.565749
   84.031700   70.570006    0.186284    0.875161
   84.032847   70.560015    0.242004    1.399119
   84.033993   70.550017    0.187358    0.884826
   84.035141   70.540006    0.307911    2.018692
   84.036289   70.529979    0.237274    1.353966
   84.037438   70.519941    0.331342    2.238675
   84.039741   70.499839    0.408784    2.966754
   84.040896   70.489775    0.257956    1.547644
   84.042051   70.479701    0.322881    2.158198
   84.043206   70.469618    0.293384    1.880490
   84.044362   70.459520    0.296080    1.905629
   84.045518   70.449409    0.301870    1.959876
   84.046674   70.439291    0.301385    1.955095
   84.047831   70.429170    0.057158    0.119591
   84.050144   70.408935    0.023667    0.049518
   84.051300   70.398823    0.067684    0.141613
   84.052455   70.388714    0.072546    0.151787
   84.053608   70.378616    0.027552    0.057647
   84.054759   70.368528    0.007466    0.015620
   84.055908   70.358442    0.027949    0.058477
   84.057055   70.348355    0.010768    0.022530
   84.059346   70.328161    0.278030    1.732956
   84.060491   70.318053    0.293768    1.880787
   84.061634   70.307941    0.278910    1.740798
   84.062777   70.297819    0.301337    1.951557
   84.063920   70.287688    0.336747    2.284453
   84.065063   70.277554    0.377027    2.663156
   84.066206   70.267416    0.268633    1.643238
   84.067349   70.257282    0.281333    1.762491
   84.068491   70.247151    0.233786    1.314981
   84.069634   70.237016    0.176230    0.773314
   84.070776   70.226875    0.410988    2.981541
   84.071919   70.216724    0.287201    1.816814
   84.073063   70.206562    0.371883    2.613217
   84.074206   70.196393    0.303633    1.970951
   84.075350   70.186215    0.301193    1.947773
   84.076495   70.176029    0.436958    3.224741
   84.077639   70.165836    0.265721    1.613639
   84.078785   70.155638    0.317727    2.102651
   84.079930   70.145439    0.168731    0.700777
   84.081076   70.135245    0.403594    2.909986
   84.082223   70.125058    0.433512    3.191213
   84.083369   70.114867    0.204621    1.037736
   84.084516   70.104671    0.070945    0.148436
   84.085663   70.094459    0.077784    0.162746
   84.086811   70.084231    0.131858    0.352564
   84.089105   70.063762    0.188960    0.889300
   84.090251   70.053533    0.377387    2.661674
   84.091397   70.043313    0.282594    1.769702
   84.092542   70.033090    0.272927    1.678547
   84.093686   70.022865    0.320343    2.124379
   84.095974   70.002386    0.293669    1.873012
   84.097118   69.992137    0.288657    1.825640
   84.098260   69.981884    0.290499    1.842747
   84.099403   69.971630    0.236853    1.337854
   84.100544   69.961374    0.208429    1.070240
   84.101685   69.951117    0.247873    1.441084
   84.102824   69.940859    0.265668    1.608270
   84.103961   69.930603    0.303519    1.964128
   84.105096   69.920350    0.233526    1.305458
   84.106231   69.910095    0.273854    1.684618
   84.107365   69.899839    0.221213    1.189182
   84.110777   69.869050    0.321636    2.133239
   84.111915   69.858775    0.237888    1.345172
   84.113055   69.848490    0.290728    1.842030
   84.114195   69.838193    0.281540    1.755374
   84.115336   69.827885    0.231435    1.283797
   84.117617   69.807233    0.323547    2.149887
   84.118757   69.796885    0.497762    3.788565
   84.119896   69.786530    0.368638    2.573631
   84.122175   69.765816    0.352691    2.423167
   84.123314   69.755464    0.347711    2.376101
   84.125591   69.734769    0.422839    3.082411
   84.127866   69.714102    0.358172    2.473625
   84.130141   69.693443    0.305266    1.975484
   84.131278   69.683107    0.578326    4.544028
   84.132415   69.672762    0.242139    1.381176
   84.133552   69.662414    0.375554    2.636037
   84.134688   69.652062    0.557246    4.345056
   84.135824   69.641710    0.439617    3.238263
   84.136959   69.631358    0.395333    2.821448
   84.138093   69.621000    0.203516    1.016735
   84.139227   69.610635    0.475844    3.578398
   84.140360   69.600259    0.211776    1.094005
   84.141492   69.589872    0.342415    2.322750
   84.142624   69.579475    0.276116    1.698825
   84.143757   69.569067    0.236680    1.327617
   84.144890   69.558644    0.406985    2.929518
   84.146024   69.548207    0.416527    3.019057
   84.147158   69.537764    0.319358    2.104735
   84.148292   69.527315    0.243430    1.390238
   84.149425   69.516868    0.355057    2.440126
   84.150557   69.506424    0.341915    2.316274
   84.151689   69.495977    0.302637    1.946553
   84.152820   69.485528    0.354973    2.438683
   84.153951   69.475075    0.455835    3.387299
   84.155081   69.464616    0.491030    3.718171
   84.156211   69.454155    0.399795    2.859676
   84.157342   69.443690    0.330462    2.207214
   84.158474   69.433222    0.518097    3.972136
   84.159608   69.422749    0.336355    2.262208
   84.160743   69.412274    0.427917    3.123345
   84.161877   69.401798    0.319107    2.099508
   84.163011   69.391322    0.302989    1.947663
   84.164145   69.380848    0.289905    1.824354
   84.165277   69.370370    0.377963    2.652520
   84.166410   69.359887    0.330886    2.209431
   84.169806   69.328377    0.225183    1.214390
   84.170937   69.317864    0.525733    4.041540
   84.172067   69.307352    0.366341    2.541865
   84.173197   69.296844    0.269513    1.630754
   84.174326   69.286335    0.296116    1.880800
   84.175455   69.275825    0.371641    2.591068
   84.176583   69.265314    0.317332    2.079944
   84.177711   69.254801    0.473261    3.546600
   84.178837   69.244284    0.433493    3.172262
   84.179964   69.233764    0.274735    1.678559
   84.181089   69.223239    0.420461    3.049230
   84.182212   69.212708    0.406561    2.918245
   84.183336   69.202172    0.329796    2.195873
   84.184458   69.191633    0.372733    2.599573
   84.186704   69.170551    0.064656    0.135279
   84.187827   69.160004    0.278271    1.710280
   84.188950   69.149450    0.432627    3.162143
   84.190074   69.138889    0.237886    1.329934
   84.191200   69.128318    0.178373    0.769851
   84.192325   69.117736    0.293330    1.851075
   84.193452   69.107142    0.274853    1.677033
   84.194578   69.096526    0.297254    1.887554
   84.195704   69.085889    0.241496    1.362799
   84.196830   69.075244    0.383567    2.699090
   84.199083   69.053962    0.318088    2.082668
   84.200211   69.043339    0.315361    2.056793
   84.201339   69.032718    0.320888    2.108568
   84.203596   69.011464    0.316293    2.064906
   84.204725   69.000822    0.337382    2.263078
   84.205855   68.990178    0.312340    2.027275
   84.206984   68.979535    0.365444    2.526624
   84.208111   68.968899    0.413639    2.979789
   84.209237   68.958272    0.659542    5.292862
   84.210361   68.947645    0.369268    2.561940
   84.211484   68.937015    0.370792    2.576056
   84.212606   68.926374    0.367295    2.542943
   84.213725   68.915722    0.350308    2.382921
   84.214844   68.905068    0.353021    2.408224
   84.215963   68.894415    0.347791    2.358810
   84.218203   68.873142    0.384909    2.707553
   84.219324   68.862509    0.382741    2.686943
   84.220445   68.851873    0.456113    3.376954
   84.221565   68.841225    0.532271    4.093186
   84.222685   68.830561    0.377349    2.635559
   84.223804   68.819888    0.343828    2.319993
   84.224923   68.809202    0.394550    2.796940
   84.226042   68.798502    0.320103    2.096376
   84.228278   68.777061    0.328214    2.172240
   84.229397   68.766328    0.362716    2.496592
   84.230517   68.755590    0.587448    4.610502
   84.231637   68.744848    0.491110    3.704002
   84.232759   68.734104    0.303272    1.936728
   84.233880   68.723360    0.321913    2.111868
   84.235002   68.712625    0.172670    0.707672
   84.236123   68.701899    0.379451    2.652713
   84.237244   68.691173    0.341742    2.297747
   84.238365   68.680444    0.389228    2.744247
   84.239485   68.669703    0.365626    2.521993
   84.240604   68.658951    0.315399    2.049280
   84.241722   68.648194    0.454447    3.357134
   84.242841   68.637436    0.328051    2.167861
   84.243959   68.626682    0.322794    2.118186
   84.245078   68.615933    0.371227    2.573595
   84.247315   68.594431    0.321272    2.103212
   84.248434   68.583677    0.274305    1.661160
   84.249552   68.572918    0.242782    1.364385
   84.250670   68.562153    0.325961    2.146659
   84.252903   68.540604    0.262651    1.550643
   84.254019   68.529816    0.426535    3.092137
   84.257360   68.497414    0.346534    2.338880
   84.258472   68.486602    0.383495    2.686365
   84.259583   68.475785    0.431416    3.136958
   84.260694   68.464966    0.302233    1.921473
   84.261804   68.454143    0.274281    1.658298
   84.262915   68.443320    0.221291    1.159589
   84.264025   68.432495    0.250386    1.433072
   84.265135   68.421670    0.114205    0.238948
   84.266245   68.410852    0.050068    0.104756
   84.267355   68.400039    0.090163    0.188647
   84.268464   68.389222    0.018803    0.039341
   84.270686   68.367549    0.319149    2.078635
   84.271797   68.356682    0.078227    0.163672
   84.272910   68.345801    0.309538    1.987780
   84.274023   68.334905    0.295820    1.858514
   84.275136   68.323989    0.170815    0.682326
   84.276250   68.313058    0.249677    1.423989
   84.277364   68.302119    0.276023    1.671621
   84.278478   68.291177    0.256388    1.486683
   84.279593   68.280248    0.299573    1.892718
   84.280709   68.269332    0.181660    0.783249
   84.281824   68.258417    0.294794    1.847324
   84.282940   68.247500    0.321060    2.094195
   84.284054   68.236573    0.255161    1.474038
   84.285166   68.225635    0.264904    1.565479
   84.286279   68.214692    0.202603    0.979171
   84.287390   68.203745    0.202641    0.979305
   84.288501   68.192794    0.238156    1.313188
   84.289612   68.181841    0.367066    2.525674
   84.290722   68.170888    0.192416    0.882458
   84.291831   68.159936    0.330049    2.176996
   84.292941   68.148992    0.303328    1.925407
   84.294050   68.138056    0.335447    2.227339
   84.295158   68.127120    0.410933    2.937246
   84.296266   68.116183    0.292979    1.827388
   84.297372   68.105237    0.231330    1.247221
   84.298477   68.094283    0.297244    1.867076
   84.299582   68.083325    0.408295    2.911556
   84.300686   68.072365    0.258653    1.503600
   84.301790   68.061407    0.304603    1.935651
   84.302894   68.050452    0.460144    3.398658
   84.303998   68.039496    0.326335    2.139648
   84.305102   68.028537    0.290011    1.797717
   84.306205   68.017576    0.308201    1.968624
   84.307308   68.006613    0.300818    1.898944
   84.308410   67.995641    0.261734    1.531057
   84.309514   67.984660    0.328471    2.158656
   84.310617   67.973663    0.285639    1.755502
   84.311722   67.962649    0.363949    2.491967
   84.312827   67.951623    0.412028    2.944046
   84.313933   67.940584    0.261706    1.529699
   84.315039   67.929531    0.346313    2.325399
   84.316146   67.918466    0.259505    1.508551
   84.317253   67.907392    0.389152    2.727963
   84.319470   67.885235    0.320667    2.083258
   84.320579   67.874160    0.410679    2.929812
   84.321688   67.863081    0.303059    1.917180
   84.322797   67.851999    0.257328    1.486752
   84.323906   67.840910    0.355989    2.414666
   84.325015   67.829815    0.283313    1.730763
   84.326123   67.818716    0.228456    1.214480
   84.327230   67.807617    0.212659    1.065655
   84.329442   67.785412    0.190045    0.852477
   84.330545   67.774314    0.290234    1.794764
   84.331646   67.763224    0.259061    1.501295
   84.332744   67.752155    0.279756    1.695764
   84.333839   67.741106    0.179681    0.754107
   84.334932   67.730063    0.315775    2.034171
   84.336024   67.719019    0.260520    1.514145
   84.337116   67.707967    0.207618    1.016268
   84.338210   67.696902    0.244104    1.359279
   84.339304   67.685828    0.172098    0.681675
   84.340399   67.674746    0.436852    3.172091
   84.341493   67.663652    0.348096    2.336915
   84.342588   67.652546    0.158780    0.555739
   84.343683   67.641430    0.273975    1.639201
   84.344779   67.630305    0.261755    1.524020
   84.345876   67.619172    0.298245    1.867075
   84.346974   67.608032    0.241282    1.330985
   84.348072   67.596882    0.205927    0.998176
   84.349172   67.585723    0.332160    2.185469
   84.350271   67.574551    0.230227    1.226328
   84.351369   67.563367    0.251945    1.430423
   84.352469   67.552175    0.376738    2.604168
   84.353568   67.540975    0.239897    1.316643
   84.354669   67.529771    0.255687    1.464969
   84.356873   67.507349    0.250853    1.419048
   84.357974   67.496129    0.148401    0.455030
   84.359075   67.484897    0.285328    1.742931
   84.360174   67.473654    0.247677    1.388515
   84.361273   67.462408    0.203035    0.968331
   84.362370   67.451166    0.193675    0.880057
   84.363465   67.439936    0.283858    1.728222
   84.364558   67.428721    0.276632    1.660026
   84.365650   67.417509    0.257378    1.478684
   84.366743   67.406297    0.193233    0.875025
   84.368933   67.383853    0.187385    0.819572
   84.370029   67.372625    0.509851    3.852900
   84.371125   67.361393    0.258076    1.484155
   84.372221   67.350162    0.236875    1.284487
   84.373315   67.338932    0.314772    2.017078
   84.374408   67.327697    0.216807    1.095263
   84.375500   67.316457    0.305645    1.930776
   84.376590   67.305208    0.282627    1.714024
   84.377679   67.293948    0.190133    0.843682
   84.378767   67.282682    0.044656    0.093432
   84.379854   67.271409    0.000000    0.000000
   84.380943   67.260134    0.026799    0.056070
   84.382033   67.248855    0.011320    0.023684
   84.383123   67.237572    0.043800    0.091642
   84.384214   67.226284    0.374135    2.573340
   84.385304   67.214991    0.300620    1.881537
   84.386394   67.203695    0.114122    0.238774
   84.387484   67.192393    0.177427    0.722180
   84.388574   67.181082    0.242791    1.336869
   84.389664   67.169760    0.136959    0.341053
   84.391845   67.147085    0.050287    0.105214
   84.392936   67.135737    0.003712    0.007767
   84.394028   67.124388    0.110300    0.230778
   84.395120   67.113037    0.347818    2.323578
   84.396212   67.101680    0.264384    1.538465
   84.398397   67.078949    0.424085    3.040386
   84.399491   67.067572    0.314319    2.007565
   84.400584   67.056187    0.318236    2.044197
   84.401676   67.044791    0.351000    2.352195
   84.402767   67.033375    0.376425    2.591154
   84.403855   67.021942    0.336248    2.212978
   84.404943   67.010503    0.312128    1.985856
   84.406030   66.999067    0.429983    3.094336
   84.407116   66.987646    0.314154    2.004474
   84.408203   66.976242    0.312410    1.987849
   84.409289   66.964847    0.358603    2.422192
   84.410374   66.953458    0.346948    2.312326
   84.412541   66.930705    0.360039    2.435041
   84.413623   66.919335    0.361062    2.444444
   84.415784   66.896591    0.235831    1.265920
   84.417942   66.873828    0.297048    1.841381
   84.419020   66.862433    0.614208    4.824791
   84.420100   66.851019    0.288253    1.758207
   84.421180   66.839586    0.281988    1.699046
   84.422261   66.828140    0.294035    1.812158
   84.423344   66.816680    0.407992    2.883972
   84.425513   66.793723    0.253602    1.431133
   84.426599   66.782228    0.365195    2.480712
   84.427686   66.770725    0.365038    2.479008
   84.428773   66.759218    0.387957    2.694396
   84.429859   66.747709    0.437880    3.163823
   84.430945   66.736192    0.421973    3.013956
   84.432030   66.724668    0.354001    2.374297
   84.433115   66.713132    0.477179    3.532854
   84.434199   66.701583    0.287070    1.744223
   84.435282   66.690031    0.505504    3.798879
   84.436365   66.678476    0.309868    1.958246
   84.437448   66.666924    0.260881    1.497191
   84.438530   66.655378    0.304811    1.910238
   84.440694   66.632293    0.383151    2.646766
   84.441774   66.620760    0.469128    3.455358
   84.442853   66.609234    0.278959    1.666152
   84.443930   66.597709    0.328703    2.133892
   84.445007   66.586183    0.381391    2.629333
   84.447159   66.563106    0.329611    2.141777
   84.448234   66.551561    0.368005    2.502752
   84.449308   66.540015    0.414158    2.936706
   84.450382   66.528473    0.505342    3.794282
   84.451455   66.516935    0.425295    3.041040
   84.452529   66.505399    0.468242    3.444838
   84.453602   66.493863    0.504312    3.783945
   84.454675   66.482335    0.327858    2.123758
   84.455748   66.470810    0.279748    1.670954
   84.456822   66.459281    0.311960    1.973766
   84.457895   66.447741    0.321071    2.059260
   84.458969   66.436181    0.331912    2.161024
   84.460042   66.424599    0.343370    2.268594
   84.461117   66.412999    0.307327    1.929303
   84.462191   66.401384    0.381130    2.623375
   84.463267   66.389749    0.338965    2.226496
   84.464343   66.378094    0.286209    1.729986
   84.465420   66.366428    0.340537    2.240844
   84.467577   66.343066    0.315565    2.005483
   84.468657   66.331379    0.340329    2.238226
   84.469737   66.319686    0.430733    3.088470
   84.470817   66.307986    0.398670    2.786622
   84.471896   66.296279    0.312390    1.974733
   84.472974   66.284565    0.374716    2.560833
   84.474051   66.272849    0.385565    2.662679
   84.475127   66.261133    0.281046    1.679208
   84.476202   66.249421    0.304805    1.902500
   84.478347   66.226011    0.340691    2.239652
   84.479418   66.214314    0.342609    2.257474
   84.480489   66.202624    0.355655    2.379984
   84.481558   66.190942    0.283222    1.698367
   84.482627   66.179266    0.293755    1.797238
   84.483695   66.167597    0.032298    0.067576
   84.484762   66.155942    0.000000    0.000000
   84.485828   66.144298    0.105496    0.220726
   84.489023   66.109325    0.282983    1.694586
   84.490088   66.097627    0.179203    0.718081
   84.491153   66.085916    0.319580    2.038429
   84.492219   66.074195    0.312224    1.969013
   84.493285   66.062469    0.251336    1.395999
   84.494354   66.050741    0.331677    2.151583
   84.495423   66.039005    0.354401    2.365129
   84.496492   66.027262    0.392645    2.724685
   84.498634   66.003759    0.367205    2.484926
   84.499705   65.991995    0.267780    1.549380
   84.500777   65.980219    0.352912    2.350028
   84.501848   65.968424    0.235606    1.246270
   84.502919   65.956610    0.412935    2.914242
   84.503990   65.944785    0.453937    3.299747
   84.505060   65.932951    0.356801    2.385735
   84.506130   65.921107    0.289188    1.749455
   84.507199   65.909255    0.345257    2.276698
   84.508268   65.897402    0.302974    1.878704
   84.509336   65.885550    0.384111    2.641766
   84.510404   65.873712    0.329905    2.131615
   84.511471   65.861888    0.310908    1.952687
   84.512538   65.850064    0.349919    2.319454
   84.513604   65.838236    0.358761    2.402416
   84.514671   65.826393    0.336182    2.189783
   84.515736   65.814534    0.440883    3.174524
   84.517865   65.790801    0.398846    2.778635
   84.518927   65.778934    0.342860    2.251730
   84.519986   65.767069    0.532655    4.036984
   84.521044   65.755207    0.365427    2.463594
   84.522102   65.743349    0.368771    2.494835
   84.523160   65.731499    0.374599    2.549438
   84.524219   65.719659    0.319617    2.031987
   84.525278   65.707820    0.388347    2.678335
   84.526337   65.695979    0.369216    2.498149
   84.528457   65.672274    0.279236    1.651238
   84.529518   65.660410    0.383237    2.629391
   84.530579   65.648534    0.323709    2.069169
   84.531638   65.636645    0.376718    2.567629
   84.532697   65.624742    0.173994    0.660320
   84.533755   65.612827    0.312307    1.961251
   84.534813   65.600903    0.259552    1.464747
   84.535873   65.588971    0.275112    1.610912
   84.536934   65.577033    0.343372    2.252834
   84.537995   65.565087    0.236062    1.243115
   84.539057   65.553133    0.350673    2.321084
   84.540119   65.541171    0.344933    2.266867
   84.541182   65.529201    0.330624    2.132036
   84.542245   65.517223    0.300024    1.843950
   84.543308   65.505236    0.318642    2.018879
   84.544370   65.493236    0.320195    2.033267
   84.545431   65.481225    0.322877    2.058276
   84.546491   65.469205    0.351913    2.331207
   84.547550   65.457181    0.365655    2.460268
   84.548608   65.445150    0.367635    2.478678
   84.549665   65.433115    0.429879    3.064007
   84.550722   65.421080    0.332396    2.146727
   84.551777   65.409048    0.191485    0.820912
   84.552834   65.397025    0.158364    0.509119
   84.553891   65.385014    0.212103    1.014436
   84.556001   65.361008    0.198646    0.887403
   84.557052   65.349013    0.223663    1.122529
   84.558100   65.337023    0.331336    2.135229
   84.559147   65.325031    0.327444    2.098404
   84.560194   65.313032    0.283976    1.689265
   84.561241   65.301017    0.393025    2.714903
   84.562289   65.288983    0.289073    1.736780
   84.563337   65.276943    0.315252    1.982839
   84.564387   65.264901    0.170527    0.621145
   84.565437   65.252871    0.205616    0.951012
   84.566488   65.240853    0.476655    3.500553
   84.567540   65.228829    0.336204    2.179061
   84.568593   65.216796    0.455230    3.298565
   84.569649   65.204738    0.350231    2.310583
   84.570707   65.192655    0.306421    1.898232
   84.571766   65.180556    0.444893    3.200668
   84.572825   65.168442    0.377817    2.569433
   84.573882   65.156311    0.406776    2.841645
   84.574938   65.144167    0.425645    3.018933
   84.575993   65.132015    0.383795    2.625017
   84.577047   65.119860    0.316695    1.993563
   84.578101   65.107714    0.502197    3.738422
   84.579154   65.095577    0.343525    2.245521
   84.580206   65.083441    0.271049    1.563503
   84.581259   65.071304    0.233414    1.209231
   84.582311   65.059165    0.318355    2.008082
   84.583363   65.047024    0.380196    2.589622
   84.584415   65.034876    0.219350    1.076270
   84.585465   65.022719    0.177440    0.681790
   84.586512   65.010543    0.144925    0.375692
   84.587556   64.998348    0.324281    2.062735
   84.588599   64.986146    0.246428    1.330129
   84.589642   64.973944    0.272399    1.574231
   84.590685   64.961751    0.372016    2.511142
   84.591729   64.949570    0.323183    2.051543
   84.592773   64.937393    0.318694    2.009094
   84.593817   64.925218    0.324446    2.062986
   84.594862   64.913048    0.175817    0.664558
   84.595906   64.900879    0.209907    0.985033
   84.596951   64.888709    0.345677    2.262053
   84.597995   64.876536    0.317088    1.992885
   84.599039   64.864358    0.312985    1.954074
   84.600083   64.852173    0.306909    1.896687
   84.601128   64.839982    0.236597    1.235026
   84.617856   64.643664    0.358987    2.382881
   84.618899   64.631318    0.231793    1.186106
   84.619942   64.618988    0.257528    1.427985
   84.620984   64.606677    0.258256    1.434617
   84.624107   64.569774    0.400994    2.776751
   84.625147   64.557477    0.333060    2.137456
   84.626186   64.545177    0.345932    2.258324
   84.627224   64.532872    0.343877    2.238781
   84.628260   64.520554    0.399840    2.765020
   84.629294   64.508222    0.275230    1.592557
   84.630327   64.495886    0.324478    2.055634
   84.631360   64.483547    0.386328    2.637262
   84.633428   64.458894    0.366876    2.453834
   84.634464   64.446569    0.370714    2.489722
   84.635500   64.434235    0.239959    1.259447
   84.636537   64.421887    0.371151    2.493400
   84.637576   64.409522    0.321245    2.023703
   84.638615   64.397144    0.463539    3.362089
   84.639653   64.384753    0.456785    3.298328
   84.640692   64.372345    0.380690    2.582260
   84.641729   64.359923    0.393653    2.703991
   84.642766   64.347490    0.350356    2.296469
   84.643803   64.335049    0.208809    0.964662
   84.644840   64.322604    0.361848    2.404137
   84.645878   64.310155    0.332894    2.131536
   84.646915   64.297705    0.429945    3.044313
   84.647953   64.285253    0.372865    2.507128
   84.648990   64.272807    0.240284    1.259669
   84.650028   64.260366    0.285398    1.683858
   84.652101   64.235483    0.353620    2.325203
   84.653136   64.223039    0.225115    1.116104
   84.654170   64.210594    0.376732    2.542197
   84.655202   64.198145    0.272554    1.561943
   84.656233   64.185693    0.406964    2.826165
   84.657260   64.173238    0.280679    1.637941
   84.658285   64.160778    0.346897    2.260656
   84.659309   64.148314    0.502595    3.725149
   84.660332   64.135846    0.264712    1.487088
   84.661357   64.123375    0.355742    2.343214
   84.662383   64.110900    0.307987    1.893751
   84.663410   64.098420    0.248719    1.335986
   84.664437   64.085932    0.201092    0.887720
   84.665465   64.073433    0.294904    1.770023
   84.666493   64.060924    0.224523    1.107711
   84.667522   64.048407    0.263573    1.474854
   84.668550   64.035882    0.179331    0.682145
   84.669578   64.023352    0.307984    1.892203
   84.670606   64.010815    0.254846    1.392099
   84.671634   63.998272    0.128754    0.269389
   84.672663   63.985726    0.183534    0.720812
   84.673691   63.973177    0.187892    0.761589
   84.677806   63.922955    0.230310    1.159757
