Converting ICESat/GLAS binary freeboard vector data to ASCII
Wed Feb 12 09:57:03 2014

write_fb:
  file_in:       laser3k0050002.dat
  laser_period:  3k
  track:         0050
  cycle:         002
  file_out:      laser3k0050002.txt
  non_zero_only:        0
  nan_replace:       -999

read_fb:
  Year:                  2008
  Month:                   10
  Day:                     12
  Hour:                    16
  Minute:                  58
  Doy:                    286
  record_count:          1587
  non_zero_count:        1582
  nan_count:                0

    Latitude   Longitude   Freeboard   Thickness
   81.236945  222.076629    0.238215    0.636536
   81.238321  222.071912    0.303491    1.250574
   81.239695  222.067216    0.561577    3.678438
   81.241068  222.062521    0.470630    2.822830
   81.242441  222.057823    0.274246    0.975342
   81.243815  222.053113    0.312169    1.332062
   81.245190  222.048381    0.219846    0.464095
   81.246565  222.043639    0.194908    0.411451
   81.247941  222.038888    0.287592    1.100745
   81.249318  222.034127    0.294765    1.168190
   81.250695  222.029353    0.198020    0.418021
   81.252073  222.024577    0.245913    0.708546
   81.253452  222.019803    0.362813    1.808227
   81.254832  222.015042    0.286280    1.088221
   81.256213  222.010307    0.379768    1.967652
   81.257594  222.005575    0.330754    1.506526
   81.258975  222.000844    0.312357    1.333423
   81.260356  221.996105    0.464898    2.768393
   81.261735  221.991349    0.363373    1.813278
   81.263114  221.986588    0.203496    0.429581
   81.264493  221.981822    0.307856    1.290937
   81.265872  221.977050    0.270492    0.939398
   81.267250  221.972272    0.392251    2.084788
   81.268628  221.967494    0.242718    0.678043
   81.270005  221.962719    0.378169    1.952238
   81.271379  221.957954    0.277139    1.001778
   81.272750  221.953206    0.271147    0.945373
   81.274121  221.948464    0.331835    1.516255
   81.275491  221.943727    0.279881    1.027464
   81.276862  221.938995    0.574318    3.797294
   81.278235  221.934268    0.509786    3.190184
   81.279609  221.929538    0.449275    2.620903
   81.280983  221.924804    0.354932    1.733345
   81.282357  221.920056    0.385820    2.023882
   81.283731  221.915288    0.325485    1.456249
   81.285104  221.910511    0.201868    0.426143
   81.286477  221.905726    0.281865    1.045832
   81.287849  221.900937    0.186920    0.394589
   81.289220  221.896143    0.361604    1.795890
   81.290590  221.891348    0.280171    1.029786
   81.291962  221.886552    0.213178    0.450020
   81.293335  221.881759    0.217722    0.459613
   81.294711  221.876975    0.491955    3.021995
   81.298840  221.862609    0.243671    0.686192
   81.300215  221.857803    0.157198    0.331846
   81.304337  221.843353    0.308777    1.298519
   81.305712  221.838522    0.308034    1.291496
   81.307087  221.833692    0.150422    0.317542
   81.308462  221.828866    0.402652    2.181519
   81.309838  221.824050    0.345062    1.639715
   81.311216  221.819254    0.333906    1.534729
   81.312594  221.814464    0.303919    1.252594
   81.313972  221.809677    0.414902    2.296607
   81.319472  221.790520    0.026256    0.055427
   81.320845  221.785708    0.120192    0.253725
   81.322216  221.780874    0.146510    0.309284
   81.323588  221.776033    0.187656    0.396142
   81.324959  221.771191    0.166426    0.351325
   81.326331  221.766356    0.101861    0.215028
   81.327705  221.761536    0.187819    0.396487
   81.329079  221.756720    0.169558    0.357937
   81.330453  221.751908    0.174356    0.368067
   81.331826  221.747099    0.145831    0.307850
   81.333195  221.742292    0.307005    1.281067
   81.334565  221.737484    0.239039    0.641655
   81.344154  221.703604    0.294229    1.160587
   81.351021  221.679341    0.260318    0.841392
   81.352400  221.674487    0.211761    0.447028
   81.360654  221.645260    0.216971    0.458026
   81.364775  221.630621    0.349696    1.681825
   81.366149  221.625771    0.343829    1.626598
   81.367522  221.620926    0.235880    0.611050
   81.374370  221.596666    0.296413    1.180318
   81.392189  221.533221    0.324429    1.443395
   81.393564  221.528312    0.366242    1.836714
   81.394939  221.523394    0.320321    1.404677
   81.396314  221.518468    0.244583    0.692155
   81.397688  221.513537    0.312098    1.327253
   81.399062  221.508599    0.390986    2.069344
   81.400436  221.503663    0.328267    1.479283
   81.401808  221.498730    0.722127    5.184423
   81.403180  221.493812    0.513309    3.219963
   81.404550  221.488918    0.170223    0.359340
   81.405919  221.484029    0.204094    0.430843
   81.407288  221.479140    0.208354    0.439836
   81.408658  221.474244    0.196480    0.414771
   81.410028  221.469331    0.157967    0.333469
   81.411398  221.464412    0.151112    0.318997
   81.412767  221.459490    0.413536    2.281105
   81.414136  221.454566    0.495349    3.050715
   81.415502  221.449641    0.413096    2.276895
   81.416869  221.444717    0.439268    2.523070
   81.418235  221.439793    0.248178    0.725389
   81.419603  221.434873    0.157928    0.333387
   81.420972  221.429959    0.154481    0.326111
   81.422341  221.425046    0.199317    0.420759
   81.423711  221.420135    0.208061    0.439216
   81.425081  221.415226    0.209523    0.442305
   81.426450  221.410318    0.219109    0.462540
   81.427819  221.405409    0.254040    0.780273
   81.429188  221.400496    0.207825    0.438719
   81.430555  221.395575    0.271939    0.948582
   81.431921  221.390643    0.528312    3.360338
   81.433286  221.385704    0.371401    1.884182
   81.434651  221.380760    0.277472    1.000522
   81.436018  221.375811    0.359890    1.775821
   81.437388  221.370856    0.286425    1.084675
   81.438759  221.365900    0.265882    0.891381
   81.440130  221.360944    0.312174    1.326834
   81.441501  221.355996    0.227211    0.527525
   81.442871  221.351062    0.133427    0.281665
   81.444241  221.346128    0.233331    0.585019
   81.445611  221.341192    0.266513    0.897139
   81.446982  221.336246    0.595846    3.995249
   81.448354  221.331286    0.261763    0.852377
   81.449725  221.326319    0.306297    1.271294
   81.451095  221.321344    0.025521    0.053875
   81.452463  221.316361    0.125052    0.263986
   81.453829  221.311365    0.070992    0.149865
   81.455193  221.306370    0.276127    0.987329
   81.456556  221.301380    0.266260    0.894473
   81.457920  221.296408    0.162511    0.343061
   81.459284  221.291466    0.331913    1.512016
   81.460649  221.286531    0.541106    3.479938
   81.462015  221.281600    0.411154    2.257399
   81.463382  221.276664    0.503281    3.124038
   81.464751  221.271715    0.599568    4.029813
   81.466121  221.266759    0.245157    0.695709
   81.467491  221.261796    0.259531    0.830899
   81.468858  221.256823    0.676402    4.752514
   81.470222  221.251836    0.463440    2.749078
   81.471585  221.246842    0.420104    2.341364
   81.472948  221.241845    0.271168    0.940242
   81.474313  221.236846    0.481932    2.922937
   81.475680  221.231849    0.490419    3.002745
   81.477049  221.226855    0.713903    5.105106
   81.478418  221.221864    0.839234    6.284100
   81.479789  221.216883    0.650365    4.507316
   81.481162  221.211917    0.410839    2.253987
   81.482535  221.206954    0.343361    1.619163
   81.483907  221.201992    0.528424    3.360079
   81.485278  221.197026    0.538702    3.456737
   81.486647  221.192051    0.237091    0.619341
   81.488014  221.187071    0.196361    0.414518
   81.489380  221.182085    0.235940    0.608456
   81.490746  221.177089    0.316722    1.368365
   81.492110  221.172080    0.301644    1.226487
   81.493475  221.167068    0.387363    2.032847
   81.494839  221.162055    0.458994    2.706670
   81.496204  221.157047    0.437971    2.508870
   81.497570  221.152052    0.404621    2.195096
   81.498937  221.147058    0.469750    2.807760
   81.500303  221.142063    0.313111    1.334171
   81.501669  221.137063    0.318135    1.381399
   81.503033  221.132055    0.519760    3.278119
   81.504398  221.127042    0.377349    1.938378
   81.505762  221.122025    0.383487    1.996093
   81.507127  221.117002    0.673972    4.728750
   81.508492  221.111970    0.145013    0.306124
   81.509857  221.106936    0.354975    1.727770
   81.511222  221.101903    0.169983    0.358835
   81.512587  221.096877    0.282136    1.042482
   81.513950  221.091863    0.276375    0.988254
   81.515314  221.086851    0.244497    0.688339
   81.516678  221.081840    0.543755    3.503527
   81.518043  221.076828    0.514677    3.229952
   81.519409  221.071813    0.433950    2.470492
   81.526228  221.046606    0.368390    1.853589
   81.527590  221.041540    0.298562    1.196660
   81.528952  221.036478    0.143417    0.302754
   81.530317  221.031431    0.209937    0.443177
   81.531683  221.026384    0.236232    0.610201
   81.534417  221.016287    0.378122    1.944946
   81.535785  221.011229    0.369966    1.868186
   81.537153  221.006166    0.255827    0.794408
   81.538521  221.001098    0.524292    3.319921
   81.539890  220.996023    0.954555    7.367518
   81.541257  220.990937    0.347507    1.656781
   81.542625  220.985848    0.206243    0.435378
   81.543992  220.980757    0.150036    0.316726
   81.545358  220.975666    0.133551    0.281927
   81.546723  220.970577    0.397278    2.124867
   81.548087  220.965493    0.493665    3.031572
   81.549451  220.960416    0.553417    3.593651
   81.550817  220.955354    0.407720    2.222995
   81.552185  220.950317    0.319662    1.394577
   81.553554  220.945286    0.737452    5.324831
   81.554922  220.940253    0.342395    1.608371
   81.556288  220.935209    0.307596    1.280972
   81.557651  220.930143    0.351239    1.691499
   81.559012  220.925068    0.252314    0.760847
   81.560373  220.919985    0.346041    1.642536
   81.561732  220.914895    0.297105    1.182151
   81.563090  220.909797    0.241795    0.661795
   81.564448  220.904696    0.307541    1.280260
   81.565807  220.899596    0.359375    1.767847
   81.567167  220.894503    0.346278    1.644608
   81.568531  220.889426    0.073847    0.155891
   81.569895  220.884350    0.251519    0.753118
   81.571260  220.879272    0.212748    0.449111
   81.572624  220.874186    0.136723    0.288622
   81.573987  220.869089    0.175657    0.370813
   81.575349  220.863984    0.127466    0.269081
   81.576712  220.858871    0.202249    0.426947
   81.578074  220.853748    0.207034    0.437049
   81.579436  220.848613    0.293073    1.143802
   81.580799  220.843474    0.175402    0.370273
   81.582162  220.838332    0.401036    2.159385
   81.583524  220.833192    0.036776    0.077634
   81.584887  220.828057    0.170728    0.360408
   81.586250  220.822927    0.126356    0.266737
   81.588974  220.812691    0.307937    1.283409
   81.590334  220.807600    0.235953    0.606203
   81.591693  220.802512    0.204063    0.430778
   81.593052  220.797420    0.161231    0.340359
   81.594411  220.792312    0.193404    0.408277
   81.595770  220.787176    0.370584    1.872596
   81.597129  220.782032    0.357027    1.745032
   81.598488  220.776882    0.179167    0.378222
   81.599846  220.771734    0.398408    2.134249
   81.601204  220.766592    0.355151    1.727286
   81.602561  220.761453    0.273798    0.961944
   81.603918  220.756314    0.331047    1.500470
   81.605278  220.751179    0.340199    1.586530
   81.606639  220.746046    0.209091    0.441392
   81.608001  220.740916    0.376851    1.931272
   81.609364  220.735789    0.448375    2.604088
   81.610725  220.730666    0.226202    0.514003
   81.612085  220.725552    0.379006    1.951447
   81.613445  220.720436    0.178819    0.377487
   81.614805  220.715315    0.097495    0.205812
   81.616165  220.710181    0.186581    0.393873
   81.617525  220.705024    0.125559    0.265056
   81.618885  220.699861    0.242690    0.668921
   81.620246  220.694697    0.072019    0.152033
   81.621605  220.689540    0.214898    0.453649
   81.622964  220.684399    0.779114    5.715145
   81.624323  220.679260    0.078727    0.166194
   81.625681  220.674120    0.127991    0.270190
   81.627040  220.668975    0.057573    0.121538
   81.628400  220.663818    0.334379    1.531241
   81.629760  220.658657    0.162143    0.342284
   81.631120  220.653490    0.146000    0.308207
   81.632479  220.648318    0.314710    1.346119
   81.633836  220.643142    0.193757    0.409022
   81.635193  220.637960    0.253560    0.770798
   81.636551  220.632774    0.152380    0.321676
   81.637909  220.627579    0.283143    1.049031
   81.639270  220.622374    0.290277    1.116116
   81.640631  220.617168    0.182931    0.386167
   81.641992  220.611965    0.238631    0.630201
   81.643353  220.606771    0.428071    2.412291
   81.644711  220.601597    0.244489    0.685246
   81.646069  220.596428    0.346617    1.645965
   81.647427  220.591258    0.398745    2.136317
   81.648786  220.586083    0.314997    1.348439
   81.650144  220.580896    0.058494    0.123482
   81.651503  220.575704    0.279834    1.017587
   81.652862  220.570506    0.047831    0.100972
   81.654221  220.565299    0.205103    0.432972
   81.655579  220.560082    0.071522    0.150984
   81.656938  220.554861    0.413942    2.279060
   81.658296  220.549639    0.034708    0.073269
   81.659653  220.544421    0.075272    0.158899
   81.661009  220.539210    0.087559    0.184836
   81.662365  220.534002    0.217803    0.459783
   81.663722  220.528796    0.052667    0.111180
   81.665081  220.523595    0.000000    0.000000
   81.666442  220.518400    0.041341    0.087270
   81.667804  220.513204    0.114077    0.240817
   81.669165  220.508005    0.028147    0.059418
   81.670525  220.502798    0.440568    2.529233
   81.671881  220.497577    0.648703    4.487190
   81.673235  220.492351    0.421890    2.353454
   81.674589  220.487124    0.478617    2.887079
   81.675943  220.481901    0.429781    2.427626
   81.677297  220.476685    0.295403    1.163461
   81.678652  220.471472    0.491637    3.009465
   81.680006  220.466260    0.414599    2.284710
   81.681362  220.461049    0.296191    1.170777
   81.682720  220.455842    0.492615    3.018580
   81.684079  220.450631    0.286519    1.079737
   81.685438  220.445415    0.261714    0.846362
   81.686796  220.440189    0.198003    0.417985
   81.688155  220.434946    0.355029    1.724150
   81.689513  220.429695    0.238414    0.627085
   81.690871  220.424437    0.153388    0.323803
   81.692229  220.419171    0.090501    0.191048
   81.694945  220.408619    0.185841    0.392311
   81.696304  220.403342    0.163652    0.345470
   81.697662  220.398067    0.413789    2.276735
   81.699022  220.392797    0.089788    0.189542
   81.700381  220.387534    0.257135    0.802981
   81.701740  220.382279    0.288296    1.096098
   81.703099  220.377041    0.246279    0.700808
   81.704458  220.371827    0.447514    2.593862
   81.705815  220.366619    0.554673    3.601912
   81.707172  220.361410    0.179590    0.379115
   81.708527  220.356189    0.610336    4.125500
   81.709881  220.350944    0.686545    4.842396
   81.711234  220.345692    0.516860    3.246088
   81.712586  220.340435    0.362604    1.794919
   81.713937  220.335179    0.797152    5.882830
   81.715288  220.329928    0.549301    3.551184
   81.716639  220.324675    0.511985    3.200113
   81.717991  220.319421    0.592946    3.961716
   81.719343  220.314164    0.360715    1.777011
   81.720697  220.308902    0.269524    0.919125
   81.722052  220.303637    0.345343    1.632348
   81.723407  220.298368    0.229291    0.540579
   81.724762  220.293096    0.461481    2.724849
   81.726117  220.287821    0.442234    2.543759
   81.727473  220.282540    0.296398    1.171803
   81.728829  220.277254    0.415629    2.293419
   81.730185  220.271956    0.432774    2.454684
   81.731542  220.266640    0.621497    4.230035
   81.732898  220.261322    0.471175    2.815874
   81.734255  220.256006    0.336334    1.547353
   81.735612  220.250702    0.372902    1.891335
   81.736969  220.245422    0.557077    3.623906
   81.738325  220.240147    0.334980    1.534535
   81.739681  220.234871    0.501607    3.102021
   81.741037  220.229587    0.506290    3.146055
   81.742393  220.224287    0.322848    1.420321
   81.743748  220.218981    0.280984    1.026472
   81.745103  220.213671    0.305754    1.259460
   81.746457  220.208359    0.415827    2.294931
   81.747812  220.203049    0.397231    2.119964
   81.749166  220.197736    0.474109    2.843153
   81.750520  220.192420    0.421797    2.351013
   81.751874  220.187102    0.342239    1.602552
   81.753229  220.181777    0.559061    3.642241
   81.754583  220.176453    0.402137    2.165981
   81.755937  220.171129    0.511676    3.196424
   81.757291  220.165811    0.823888    6.133473
   81.758643  220.160503    0.790753    5.821738
   81.759996  220.155197    0.186105    0.392868
   81.761348  220.149891    0.260332    0.831836
   81.762701  220.144582    0.277743    0.995599
   81.764055  220.139268    0.460772    2.717385
   81.765409  220.133951    0.359190    1.761738
   81.766763  220.128628    0.447423    2.591752
   81.768117  220.123297    0.423484    2.366523
   81.769469  220.117953    0.393070    2.080376
   81.770821  220.112607    0.272897    0.949842
   81.772173  220.107260    0.449712    2.613170
   81.773524  220.101922    0.411461    2.253306
   81.774876  220.096600    0.287960    1.091462
   81.777578  220.085953    0.515432    3.231311
   81.781632  220.069892    0.335087    1.534664
   81.782984  220.064519    0.255446    0.785434
   81.784336  220.059142    0.426195    2.391693
   81.785687  220.053760    0.352482    1.698226
   81.787040  220.048377    0.315750    1.352645
   81.788393  220.042994    0.527508    3.344700
   81.789747  220.037614    0.326863    1.457136
   81.791105  220.032243    0.495047    3.039274
   81.792462  220.026872    0.331039    1.496370
   81.793819  220.021499    0.480078    2.898396
   81.795174  220.016119    0.718852    5.144599
   81.800575  219.994551    0.266355    0.887698
   81.801925  219.989180    0.364879    1.814520
   81.803275  219.983813    0.376653    1.925254
   81.804624  219.978449    0.763448    5.563938
   81.805974  219.973086    0.429101    2.418594
   81.807324  219.967720    0.325433    1.443327
   81.808674  219.962353    0.432072    2.446487
   81.810024  219.956984    0.728788    5.237770
   81.811374  219.951614    0.582961    3.865904
   81.812724  219.946241    0.443402    2.552997
   81.814073  219.940865    0.303876    1.240400
   81.818122  219.924713    0.373806    1.898170
   81.819472  219.919319    0.216711    0.457478
   81.820822  219.913920    0.240997    0.648737
   81.822172  219.908515    0.171967    0.363023
   81.823524  219.903101    0.197494    0.416911
   81.824876  219.897683    0.244216    0.678936
   81.826229  219.892262    0.171619    0.362287
   81.827583  219.886839    0.162882    0.343843
   81.828936  219.881419    0.171654    0.362362
   81.830290  219.875996    0.074662    0.157611
   81.831644  219.870570    0.055333    0.116808
   81.832998  219.865141    0.076361    0.161198
   81.834352  219.859707    0.050557    0.106725
   81.835705  219.854269    0.387677    2.028309
   81.837057  219.848829    0.327649    1.463578
   81.838407  219.843385    0.352036    1.692964
   81.839756  219.837936    0.442663    2.545499
   81.841103  219.832487    0.449238    2.607330
   81.842450  219.827040    0.474968    2.849350
   81.843798  219.821599    0.523680    3.307570
   81.845145  219.816170    0.882905    6.686902
   81.846493  219.810744    0.314998    1.344377
   81.847842  219.805320    0.307009    1.269199
   81.849191  219.799898    0.439607    2.516565
   81.850541  219.794475    0.359592    1.763808
   81.851892  219.789051    0.521537    3.287248
   81.853242  219.783626    0.539816    3.459184
   81.854592  219.778195    0.601800    4.042255
   81.855941  219.772757    0.459963    2.707924
   81.878867  219.679958    0.261198    0.837617
   81.880217  219.674460    0.093180    0.196703
   81.892355  219.625059    0.140588    0.296781
   81.893697  219.619570    0.255066    0.779635
   81.895039  219.614077    0.175596    0.370684
   81.896380  219.608583    0.124395    0.262599
   81.897722  219.603089    0.083889    0.177090
   81.899063  219.597598    0.022184    0.046830
   81.900405  219.592107    0.176412    0.372406
   81.901747  219.586617    0.295825    1.162915
   81.903090  219.581128    0.009342    0.019720
   81.904433  219.575644    0.026718    0.056402
   81.907121  219.564664    0.033513    0.070746
   81.908467  219.559159    0.157290    0.332039
   81.909816  219.553637    0.223795    0.485164
   81.911166  219.548108    0.190459    0.402059
   81.912515  219.542573    0.102714    0.216829
   81.913864  219.537036    0.082331    0.173801
   81.915210  219.531499    0.000214    0.000451
   81.916556  219.525962    0.039857    0.084137
   81.917902  219.520426    0.097162    0.205108
   81.920600  219.509369    0.079100    0.166981
   81.921950  219.503846    0.126295    0.266608
   81.923301  219.498323    0.084058    0.177447
   81.924650  219.492798    0.119335    0.251917
   81.925996  219.487272    0.055617    0.117407
   81.927340  219.481739    0.109273    0.230675
   81.928684  219.476198    0.072200    0.152414
   81.930026  219.470642    0.222570    0.473303
   81.931365  219.465060    0.200175    0.422569
   81.932705  219.459473    0.220311    0.465077
   81.934044  219.453885    0.374164    1.899328
   81.935385  219.448306    0.579079    3.827009
   81.936729  219.442747    0.822186    6.113978
   81.938073  219.437194    0.776570    5.684834
   81.939418  219.431646    0.356165    1.729919
   81.940762  219.426100    0.510265    3.179564
   81.942104  219.420555    0.635287    4.355662
   81.943447  219.415011    0.078427    0.165560
   81.944789  219.409467    0.260378    0.828726
   81.946131  219.403922    0.105984    0.223733
   81.947475  219.398375    0.099094    0.209187
   81.948819  219.392825    0.201675    0.425736
   81.950163  219.387272    0.232716    0.568405
   81.981069  219.258705    0.049806    0.105141
   82.041401  219.004260    0.601748    4.038493
   82.042741  218.998565    0.716688    5.119749
   82.044080  218.992864    0.620748    4.217189
   82.045419  218.987160    0.434972    2.469509
   82.046758  218.981454    0.430494    2.427362
   82.048096  218.975749    0.487186    2.960662
   82.049434  218.970046    0.576500    3.800842
   82.050772  218.964343    0.675117    4.728550
   82.052110  218.958641    0.500486    3.085709
   82.053447  218.952942    0.562662    3.670596
   82.057459  218.935852    0.410074    2.235087
   82.058795  218.930146    0.656658    4.554764
   82.060131  218.924431    0.531308    3.375535
   82.061467  218.918710    0.365784    1.818367
   82.066817  218.895790    0.589894    3.926561
   82.068156  218.890046    0.630685    4.310271
   82.069494  218.884287    0.500520    3.085745
   82.070833  218.878507    0.534158    3.402166
   82.072171  218.872720    0.455956    2.666472
   82.073509  218.866934    0.579057    3.824508
   82.074848  218.861158    0.371655    1.873382
   82.076186  218.855403    0.362057    1.783071
   82.077524  218.849654    0.473467    2.831120
   82.078861  218.843906    0.476991    2.864250
   82.080199  218.838156    0.417649    2.305971
   82.093557  218.780545    0.310963    1.302130
   82.094893  218.774759    0.332942    1.508871
   82.096228  218.768977    0.423385    2.359673
   82.097564  218.763205    0.310793    1.300461
   82.098899  218.757436    0.432511    2.445486
   82.100235  218.751670    0.498456    3.065825
   82.104244  218.734388    0.828858    6.173965
   82.105580  218.728625    0.470588    2.803576
   82.106916  218.722857    0.256629    0.790766
   82.108252  218.717078    0.515000    3.221335
   82.109587  218.711293    0.588539    3.913117
   82.110922  218.705502    0.560591    3.650182
   82.112257  218.699703    0.529430    3.357015
   82.113593  218.693895    0.297229    1.172598
   82.114928  218.688084    0.676907    4.744340
   82.116263  218.682269    0.645602    4.449820
   82.117598  218.676457    0.163262    0.344646
   82.118932  218.670651    0.105460    0.222625
   82.120266  218.664844    0.143849    0.303666
   82.121600  218.659034    0.029479    0.062231
   82.122935  218.653215    0.109065    0.230237
   82.124269  218.647384    0.141222    0.298120
   82.125604  218.641548    0.142256    0.300303
   82.130938  218.618214    0.122537    0.258677
   82.132271  218.612383    0.119895    0.253098
   82.133604  218.606547    0.142557    0.300939
   82.140271  218.577368    0.228803    0.528523
   82.141602  218.571553    0.327166    1.453839
   82.142934  218.565739    0.480440    2.895725
   82.144265  218.559922    0.468278    2.781293
   82.145596  218.554097    0.366445    1.823300
   82.146927  218.548269    0.423224    2.357420
   82.148259  218.542436    0.287505    1.080646
   82.149590  218.536597    0.403209    2.169102
   82.150922  218.530749    0.431146    2.431897
   82.152254  218.524898    0.486936    2.956712
   82.153588  218.519044    0.354688    1.712589
   82.154922  218.513189    0.250085    0.728537
   82.156259  218.507335    0.312767    1.318188
   82.157596  218.501480    0.215966    0.455905
   82.158934  218.495625    0.473148    2.826916
   82.160270  218.489771    0.182146    0.384511
   82.161604  218.483920    0.267567    0.892912
   82.162938  218.478066    0.155959    0.329229
   82.164271  218.472206    0.273345    0.947229
   82.165604  218.466334    0.470057    2.797748
   82.166938  218.460442    0.320208    1.388047
   82.168271  218.454544    0.656574    4.552341
   82.169604  218.448643    0.548327    3.534010
   82.170935  218.442746    0.393682    2.079188
   82.172264  218.436859    0.148535    0.313557
   82.173592  218.430973    0.118811    0.250809
   82.174920  218.425085    0.111478    0.235330
   82.176248  218.419192    0.494867    3.031006
   82.177576  218.413288    0.552647    3.574546
   82.178906  218.407381    0.212637    0.448878
   82.180235  218.401474    0.284983    1.056506
   82.181565  218.395570    0.210045    0.443405
   82.182896  218.389672    0.274883    0.961453
   82.184226  218.383776    0.107660    0.227270
   82.185557  218.377880    0.200984    0.424279
   82.188216  218.366085    0.238897    0.622849
   82.189545  218.360185    0.162607    0.343264
   82.190874  218.354282    0.092650    0.195584
   82.192203  218.348374    0.095834    0.202306
   82.193535  218.342460    0.218215    0.460652
   82.194866  218.336543    0.121772    0.257060
   82.196198  218.330625    0.141117    0.297899
   82.197529  218.324709    0.105902    0.223559
   82.198858  218.318798    0.223255    0.475562
   82.200187  218.312889    0.106157    0.224098
   82.202845  218.301069    0.182522    0.385304
   82.204173  218.295162    0.131851    0.278337
   82.205501  218.289250    0.137725    0.290737
   82.206829  218.283330    0.321203    1.396889
   82.208155  218.277395    0.219725    0.463840
   82.210807  218.265469    0.172850    0.364887
   82.222764  218.211727    0.155296    0.327830
   82.224092  218.205747    0.229497    0.533955
   82.225421  218.199767    0.230511    0.543474
   82.226748  218.193789    0.113848    0.240333
   82.228075  218.187812    0.066923    0.141275
   82.229402  218.181835    0.000000    0.000000
   82.230727  218.175859    0.149100    0.314750
   82.232053  218.169885    0.134651    0.284248
   82.233379  218.163915    0.194157    0.409866
   82.234705  218.157950    0.389371    2.037806
   82.236033  218.151994    0.090548    0.191147
   82.237360  218.146040    0.259381    0.814906
   82.250618  218.086258    0.280629    1.014622
   82.251946  218.080251    0.124589    0.263008
   82.253273  218.074239    0.076277    0.161022
   82.254601  218.068223    0.156248    0.329840
   82.257257  218.056178    0.178430    0.376667
   82.258585  218.050149    0.109666    0.231505
   82.259913  218.044118    0.368140    1.837739
   82.261240  218.038083    0.230127    0.539388
   82.262568  218.032044    0.203973    0.430587
   82.263895  218.026004    0.301102    1.207041
   82.265221  218.019963    0.304191    1.236081
   82.267867  218.007890    0.537633    3.432118
   82.269187  218.001856    0.360859    1.769127
   82.270508  217.995822    0.242187    0.652723
   82.271830  217.989785    0.365990    1.817362
   82.273154  217.983744    0.313561    1.324122
   82.274480  217.977701    0.200553    0.423368
   82.275806  217.971657    0.223659    0.478356
   82.277132  217.965610    0.225227    0.493084
   82.278457  217.959560    0.207219    0.437439
   82.279783  217.953509    0.186239    0.393151
   82.281108  217.947459    0.206688    0.436319
   82.282433  217.941411    0.240597    0.637604
   82.283757  217.935369    0.248616    0.713031
   82.285081  217.929326    0.387975    2.024009
   82.286405  217.923284    0.526183    3.324155
   82.287729  217.917239    0.280886    1.016551
   82.289051  217.911189    0.242183    0.652437
   82.290374  217.905137    0.347524    1.643398
   82.291696  217.899084    0.544248    3.494033
   82.293019  217.893032    0.426638    2.387614
   82.294342  217.886983    0.269437    0.908757
   82.295666  217.880930    0.300105    1.197243
   82.296990  217.874872    0.419427    2.319734
   82.298314  217.868803    0.502244    3.098797
   82.299638  217.862717    0.423165    2.354855
   82.300962  217.856624    0.565039    3.689495
   82.302286  217.850526    0.347854    1.646349
   82.303610  217.844429    0.343594    1.606255
   82.304933  217.838335    0.219378    0.463106
   82.306255  217.832241    0.178675    0.377184
   82.307578  217.826147    0.305014    1.243273
   82.308901  217.820052    0.283407    1.039987
   82.310224  217.813957    0.314354    1.331103
   82.311548  217.807860    0.234770    0.582410
   82.312871  217.801761    0.213398    0.450484
   82.315514  217.789551    0.316852    1.354530
   82.316835  217.783440    0.627146    4.273556
   82.318156  217.777324    0.441867    2.530557
   82.319479  217.771205    0.455879    2.662349
   82.320804  217.765079    0.348389    1.651140
   82.322129  217.758950    0.391351    2.055279
   82.323455  217.752821    0.514018    3.209239
   82.324780  217.746692    0.248106    0.707692
   82.326103  217.740567    0.182202    0.384629
   82.327425  217.734444    0.465217    2.750098
   82.328747  217.728320    0.241638    0.646796
   82.330071  217.722199    0.360940    1.769096
   82.331397  217.716081    0.238280    0.615172
   82.332722  217.709961    0.514142    3.210279
   82.334047  217.703838    0.180276    0.380564
   82.335370  217.697705    0.250747    0.732409
   82.336690  217.691558    0.320557    1.389123
   82.338008  217.685408    0.247327    0.700203
   82.339326  217.679256    0.188507    0.397938
   82.341962  217.666971    0.297867    1.175618
   82.343280  217.660835    0.315253    1.339155
   82.344598  217.654700    0.442975    2.540666
   82.347233  217.642426    0.441942    2.530921
   82.348550  217.636284    0.165323    0.348997
   82.349868  217.630140    0.221687    0.467981
   82.351185  217.623991    0.276376    0.973348
   82.352502  217.617837    0.478246    2.872393
   82.353818  217.611677    0.354820    1.711270
   82.355136  217.605513    0.295657    1.154695
   82.356453  217.599342    0.385292    1.997906
   82.357772  217.593165    0.193019    0.407463
   82.359092  217.586982    0.224772    0.487819
   82.364380  217.562217    0.258232    0.802534
   82.365705  217.556019    0.171107    0.361208
   82.368355  217.543619    0.247730    0.703692
   82.371005  217.531216    0.621919    4.223793
   82.372329  217.525013    0.341542    1.586174
   82.373652  217.518810    0.262456    0.842174
   82.374974  217.512608    0.115388    0.243584
   82.376295  217.506408    0.239452    0.625744
   82.377615  217.500211    0.197278    0.416454
   82.380249  217.487834    0.179078    0.378033
   82.381565  217.481649    0.204212    0.431092
   82.382879  217.475468    0.222959    0.470666
   82.385505  217.463115    0.171621    0.362293
   82.386817  217.456937    0.192392    0.406140
   82.388129  217.450755    0.230741    0.543678
   82.389442  217.444566    0.159699    0.337126
   82.390755  217.438374    0.336710    1.540539
   82.392069  217.432180    0.292859    1.128001
   82.393382  217.425986    0.256374    0.784761
   82.394697  217.419798    0.298447    1.180544
   82.396011  217.413604    0.204564    0.431836
   82.397327  217.407400    0.295273    1.150659
   82.398643  217.401180    0.176358    0.372293
   82.399961  217.394934    0.128421    0.271097
   82.401279  217.388676    0.316667    1.351887
   82.402598  217.382410    0.510423    3.174602
   82.403917  217.376140    0.367089    1.826196
   82.405236  217.369872    0.450775    2.613441
   82.406555  217.363601    0.440626    2.517961
   82.407875  217.357326    0.229006    0.527166
   82.409195  217.351048    0.702419    4.980709
   82.410517  217.344767    0.283506    1.039835
   82.411838  217.338485    0.341043    1.581098
   82.413160  217.332200    0.318381    1.367894
   82.414480  217.325913    0.520066    3.265201
   82.415800  217.319624    0.413385    2.261604
   82.417119  217.313336    0.380341    1.950734
   82.418437  217.307050    0.270469    0.917116
   82.419753  217.300771    0.380802    1.955043
   82.421068  217.294501    0.279350    1.000636
   82.422382  217.288235    0.273129    0.942104
   82.425009  217.275714    0.236673    0.599120
   82.426323  217.269457    0.294984    1.147659
   82.427637  217.263202    0.283231    1.037080
   82.428951  217.256946    0.321447    1.396583
   82.430265  217.250688    0.189031    0.399045
   82.431579  217.244427    0.199113    0.420328
   82.432892  217.238164    0.265761    0.872688
   82.434205  217.231898    0.271279    0.924584
   82.435518  217.225630    0.352154    1.685387
   82.436830  217.219359    0.236132    0.593918
   82.438141  217.213084    0.153624    0.324300
   82.439452  217.206805    0.370230    1.855398
   82.440764  217.200517    0.374031    1.891139
   82.442076  217.194218    0.371690    1.869108
   82.443388  217.187915    0.350254    1.667438
   82.444699  217.181609    0.313948    1.325887
   82.446011  217.175304    0.343383    1.602774
   82.447323  217.169004    0.386366    2.007120
   82.448635  217.162702    0.193988    0.409510
   82.449948  217.156395    0.219235    0.462807
   82.451261  217.150078    0.356571    1.726795
   82.452576  217.143747    0.342888    1.598059
   82.453892  217.137409    0.300597    1.200198
   82.456527  217.124723    0.356147    1.722749
   82.457847  217.118379    0.292789    1.126709
   82.459167  217.112034    0.285719    1.060189
   82.460487  217.105688    0.397595    2.112625
   82.461806  217.099345    0.274981    0.959148
   82.463122  217.093003    0.282970    1.034285
   82.464438  217.086662    0.288553    1.086792
   82.465752  217.080320    0.233439    0.568306
   82.467066  217.073976    0.313797    1.324250
   82.468380  217.067626    0.155793    0.328880
   82.469694  217.061275    0.329775    1.474539
   82.471006  217.054923    0.305971    1.250592
   82.472318  217.048571    0.322248    1.403697
   82.473629  217.042218    0.331594    1.491607
   82.474938  217.035867    0.203671    0.429950
   82.476246  217.029519    0.207148    0.437290
   82.477553  217.023181    0.199974    0.422146
   82.478857  217.016858    0.280704    1.012823
   82.480162  217.010537    0.291045    1.110089
   82.481466  217.004213    0.261981    0.836663
   82.482771  216.997881    0.424644    2.366872
   82.484078  216.991532    0.209251    0.441728
   82.485386  216.985176    0.335817    1.531228
   82.486695  216.978813    0.183845    0.388097
   82.488005  216.972442    0.171148    0.361294
   82.489315  216.966065    0.089813    0.189595
   82.490626  216.959682    0.313791    1.323970
   82.491937  216.953293    0.227250    0.509833
   82.494560  216.940502    0.208240    0.439594
   82.495871  216.934100    0.228862    0.524969
   82.497183  216.927693    0.327421    1.452133
   82.498497  216.921281    0.340048    1.570908
   82.499812  216.914863    0.217410    0.458954
   82.501127  216.908441    0.238734    0.617785
   82.502443  216.902014    0.227342    0.510604
   82.503759  216.895584    0.250837    0.731618
   82.505074  216.889151    0.319768    1.380058
   82.506389  216.882715    0.240639    0.635654
   82.507703  216.876279    0.239465    0.624602
   82.509017  216.869844    0.350824    1.672179
   82.510329  216.863414    0.266437    0.878309
   82.511641  216.856984    0.342277    1.591755
   82.512952  216.850554    0.318007    1.363425
   82.514262  216.844122    0.195219    0.412108
   82.515570  216.837686    0.284993    1.052824
   82.518185  216.824819    0.188980    0.398937
   82.519491  216.818394    0.209563    0.442388
   82.520796  216.811981    0.157722    0.332951
   82.522100  216.805571    0.380616    1.952324
   82.523405  216.799164    0.144862    0.305803
   82.524711  216.792759    0.152138    0.321164
   82.526019  216.786354    0.197146    0.416176
   82.527327  216.779948    0.095563    0.201733
   82.528635  216.773539    0.083250    0.175741
   82.529942  216.767124    0.210654    0.444692
   82.531245  216.760700    0.168915    0.356580
   82.532548  216.754270    0.201766    0.425929
   82.533851  216.747834    0.111217    0.234779
   82.535155  216.741393    0.119697    0.252680
   82.537768  216.728495    0.119360    0.251970
   82.539076  216.722035    0.159257    0.336191
   82.540386  216.715566    0.149449    0.315487
   82.543009  216.702596    0.160061    0.337890
   82.544321  216.696101    0.169740    0.358323
   82.545633  216.689601    0.214735    0.453307
   82.546944  216.683099    0.330882    1.484223
   82.548256  216.676591    0.270967    0.920581
   82.549568  216.670076    0.277404    0.981129
   82.550880  216.663549    0.222844    0.470424
   82.552193  216.657004    0.308519    1.273820
   82.553505  216.650457    0.159885    0.337518
   82.554817  216.643912    0.299816    1.191929
   82.556126  216.637380    0.283176    1.035379
   82.557433  216.630871    0.192594    0.406566
   82.558739  216.624372    0.247882    0.703346
   82.560043  216.617881    0.221245    0.467048
   82.561347  216.611400    0.226723    0.504279
   82.563952  216.598462    0.260902    0.825793
   82.565254  216.591994    0.079397    0.167607
   82.566556  216.585519    0.182012    0.384228
   82.567858  216.579028    0.227740    0.513801
   82.570461  216.566038    0.161486    0.340898
   82.571762  216.559544    0.147110    0.310550
   82.574360  216.546568    0.414915    2.274583
   82.575660  216.540076    0.392322    2.062031
   82.576962  216.533578    0.306437    1.254080
   82.578268  216.527072    0.317757    1.360564
   82.579574  216.520559    0.411186    2.239469
   82.580882  216.514038    0.259691    0.814298
   82.583499  216.500968    0.132407    0.279512
   82.584808  216.494422    0.210309    0.443964
   82.586117  216.487871    0.233634    0.569137
   82.587426  216.481317    0.146363    0.308973
   82.588733  216.474767    0.112109    0.236663
   82.590041  216.468212    0.137956    0.291225
   82.591349  216.461651    0.153805    0.324683
   82.592657  216.455082    0.175681    0.370863
   82.593967  216.448500    0.258209    0.800274
   82.596587  216.435323    0.162341    0.342703
   82.597895  216.428734    0.198844    0.419760
   82.599199  216.422151    0.315841    1.342407
   82.600503  216.415566    0.293296    1.130313
   82.601806  216.408980    0.293431    1.131570
   82.603109  216.402390    0.172828    0.364840
   82.604412  216.395791    0.193029    0.407484
   82.605715  216.389192    0.232936    0.562455
   82.607018  216.382594    0.221687    0.467982
   82.608319  216.375998    0.197912    0.417793
   82.609621  216.369408    0.247330    0.697843
   82.610921  216.362821    0.418660    2.309590
   82.612221  216.356239    0.250725    0.729764
   82.613521  216.349662    0.370390    1.855486
   82.614820  216.343092    0.368923    1.841677
   82.616119  216.336525    0.596039    3.978224
   82.617418  216.329961    0.273556    0.944512
   82.618717  216.323400    0.362687    1.782988
   82.621316  216.310282    0.300727    1.200096
   82.622616  216.303720    0.700651    4.962304
   82.623916  216.297150    0.397452    2.110001
   82.625215  216.290568    0.303060    1.222017
   82.626514  216.283979    0.356641    1.726060
   82.629114  216.270790    0.387860    2.019737
   82.630416  216.264195    0.613196    4.139534
   82.631719  216.257593    0.212670    0.448947
   82.633022  216.250982    0.349519    1.659020
   82.634326  216.244357    0.227778    0.513760
   82.635631  216.237710    0.191680    0.404637
   82.636937  216.231054    0.133425    0.281660
   82.638242  216.224390    0.166175    0.350797
   82.639548  216.217722    0.185918    0.392474
   82.640852  216.211054    0.145578    0.307315
   82.642156  216.204383    0.210083    0.443485
   82.643460  216.197709    0.328706    1.463169
   82.644763  216.191035    0.148503    0.313490
   82.646065  216.184358    0.241519    0.642952
   82.647367  216.177682    0.329630    1.471838
   82.649967  216.164332    0.237844    0.608364
   82.651264  216.157661    0.242304    0.650305
   82.652561  216.150993    0.335470    1.526749
   82.653856  216.144330    0.192157    0.405643
   82.656444  216.131032    0.370994    1.860907
   82.657738  216.124393    0.204859    0.432457
   82.659031  216.117757    0.432216    2.436832
   82.661619  216.104490    0.190010    0.401111
   82.662913  216.097855    0.309175    1.279316
   82.664207  216.091218    0.236680    0.597323
   82.665501  216.084575    0.401490    2.147746
   82.666795  216.077923    0.197950    0.417874
   82.668090  216.071267    0.129284    0.272919
   82.670682  216.057945    0.382117    1.965466
   82.673279  216.044621    0.171864    0.362805
   82.674579  216.037945    0.181418    0.382975
   82.675880  216.031251    0.314258    1.327059
   82.677184  216.024529    0.191152    0.403523
   82.679792  216.011059    0.440488    2.514530
   82.681095  216.004325    0.323093    1.410148
   82.682397  215.997604    0.230306    0.537254
   82.683697  215.990882    0.393853    2.075792
   82.684998  215.984158    0.405362    2.184050
   82.686298  215.977427    0.249526    0.718042
   82.688901  215.963939    0.254556    0.765348
   82.690201  215.957190    0.290385    1.102393
   82.691500  215.950440    0.243177    0.658292
   82.692796  215.943689    0.350093    1.664074
   82.694092  215.936938    0.256505    0.783658
   82.695387  215.930187    0.202004    0.426431
   82.696682  215.923438    0.256933    0.787667
   82.697978  215.916693    0.180837    0.381748
   82.699274  215.909949    0.096613    0.203950
   82.700569  215.903205    0.164513    0.347288
   82.701863  215.896457    0.285768    1.058897
   82.703157  215.889703    0.274647    0.954271
   82.704450  215.882949    0.425533    2.373703
   82.705742  215.876198    0.273996    0.948132
   82.707035  215.869455    0.327059    1.447300
   82.708328  215.862726    0.412522    2.251277
   82.709621  215.855998    0.301237    1.204369
   82.710914  215.849270    0.197362    0.416632
   82.712207  215.842537    0.180965    0.382017
   82.713500  215.835793    0.292270    1.119996
   82.714793  215.829043    0.149422    0.315430
   82.716087  215.822285    0.405774    2.187748
   82.717383  215.815516    0.598926    4.004785
   82.718680  215.808734    0.238252    0.611798
   82.719978  215.801946    0.161376    0.340666
   82.721277  215.795152    0.246547    0.689819
   82.722575  215.788359    0.182977    0.386266
   82.723871  215.781570    0.226892    0.504901
   82.725167  215.774777    0.179754    0.379460
   82.726464  215.767981    0.224304    0.480537
   82.729063  215.754359    0.158160    0.333877
   82.730363  215.747537    0.177260    0.374196
   82.732959  215.733892    0.217312    0.458746
   82.734250  215.727075    0.271609    0.925502
   82.735539  215.720260    0.216145    0.456283
   82.736828  215.713447    0.245643    0.681219
   82.738116  215.706639    0.160580    0.338986
   82.739406  215.699841    0.203171    0.428895
   82.740696  215.693041    0.288825    1.087419
   82.741985  215.686236    0.208758    0.440688
   82.743275  215.679419    0.182361    0.384966
   82.744563  215.672581    0.146654    0.309587
   82.745852  215.665736    0.078999    0.166766
   82.747141  215.658889    0.166051    0.350534
   82.748431  215.652045    0.197607    0.417148
   82.749723  215.645210    0.138318    0.291991
   82.751015  215.638378    0.107867    0.227708
   82.752308  215.631549    0.129334    0.273025
   82.753601  215.624722    0.211286    0.446025
   82.754895  215.617901    0.197589    0.417110
   82.756190  215.611080    0.443745    2.544714
   82.757485  215.604256    0.237962    0.608840
   82.758779  215.597427    0.227891    0.514096
   82.760074  215.590588    0.179976    0.379931
   82.761368  215.583744    0.128979    0.272274
   82.762662  215.576896    0.091782    0.193753
   82.763955  215.570044    0.150902    0.318554
   82.765246  215.563188    0.077084    0.162723
   83.457469  211.400335    0.141341    0.298370
   83.458697  211.391961    0.200574    0.423413
   83.459925  211.383577    0.189822    0.400715
   83.461153  211.375180    0.194225    0.410010
   83.462381  211.366777    0.227388    0.511059
   83.463610  211.358372    0.137248    0.289731
   83.464839  211.349970    0.166317    0.351095
   83.466069  211.341573    0.271360    0.924756
   83.467299  211.333178    0.044802    0.094577
   83.468528  211.324782    0.283514    1.039122
   83.469757  211.316384    0.108406    0.228846
   83.472208  211.299581    0.317920    1.362821
   83.473432  211.291179    0.238131    0.612228
   83.474657  211.282776    0.164186    0.346598
   83.475883  211.274374    0.182299    0.384834
   83.477108  211.265974    0.149315    0.315205
   83.478333  211.257575    0.248281    0.707758
   83.479557  211.249181    0.197941    0.417855
   83.480780  211.240794    0.106924    0.225718
   83.482003  211.232409    0.112662    0.237830
   83.483225  211.224023    0.194873    0.411378
   83.484446  211.215636    0.217675    0.459512
   83.485667  211.207247    0.272622    0.936811
   83.486887  211.198852    0.275585    0.964698
   83.489327  211.182028    0.200702    0.423681
   83.490546  211.173588    0.196787    0.415419
   83.491766  211.165136    0.211778    0.447064
   83.492986  211.156675    0.303868    1.230831
   83.494207  211.148207    0.120380    0.254122
   83.495430  211.139735    0.076825    0.162177
   83.496653  211.131258    0.089888    0.189753
   83.497878  211.122777    0.140967    0.297581
   83.499104  211.114293    0.154817    0.326819
   83.500332  211.105810    0.168148    0.354961
   83.501560  211.097323    0.245874    0.685341
   83.502789  211.088833    0.115162    0.243108
   83.504016  211.080340    0.212399    0.448375
   83.505242  211.071841    0.386041    2.003977
   83.506467  211.063339    0.100977    0.213163
   83.507692  211.054834    0.100011    0.211123
   83.508915  211.046325    0.226408    0.502286
   83.510138  211.037813    0.172528    0.364208
   83.512583  211.020782    0.120044    0.253414
   83.513805  211.012263    0.215956    0.455884
   83.515028  211.003741    0.162739    0.343542
   83.516250  210.995220    0.223575    0.475711
   83.517470  210.986701    0.130168    0.274785
   83.518688  210.978189    0.177651    0.375022
   83.519903  210.969689    0.129224    0.272792
   83.521116  210.961190    0.085886    0.181306
   83.522329  210.952690    0.020339    0.042936
   83.523544  210.944183    0.178615    0.377057
   83.524761  210.935664    0.121265    0.255990
   83.527197  210.918612    0.167676    0.353964
   83.528416  210.910086    0.039030    0.082392
   83.529634  210.901564    0.215987    0.455949
   83.530853  210.893039    0.177598    0.374909
   83.532072  210.884510    0.172566    0.364288
   83.533291  210.875972    0.099164    0.209336
   83.534509  210.867423    0.150131    0.316926
   83.535726  210.858867    0.148970    0.314477
   83.536944  210.850303    0.197812    0.417582
   83.538162  210.841730    0.136612    0.288389
   83.539381  210.833147    0.180009    0.379998
   83.540600  210.824559    0.261360    0.831406
   83.541820  210.815967    0.195646    0.413010
   83.543040  210.807377    0.163032    0.344161
   83.544260  210.798794    0.249081    0.715928
   83.546702  210.781620    0.281800    1.023749
   83.547923  210.773021    0.127531    0.269218
   83.549144  210.764411    0.119206    0.251644
   83.550365  210.755794    0.167853    0.354338
   83.551586  210.747173    0.188197    0.397285
   83.554023  210.729925    0.120371    0.254103
   83.555241  210.721300    0.112045    0.236528
   83.556458  210.712673    0.174872    0.369155
   83.557673  210.704045    0.138088    0.291505
   83.558887  210.695416    0.187563    0.395945
   83.560101  210.686788    0.113079    0.238710
   83.561314  210.678160    0.097825    0.206509
   83.562528  210.669535    0.180679    0.381414
   83.563744  210.660914    0.239860    0.629380
   83.567389  210.635055    0.204499    0.431698
   83.568601  210.626437    0.087544    0.184805
   83.569813  210.617816    0.032713    0.069058
   83.571024  210.609190    0.055668    0.117516
   83.572235  210.600556    0.199450    0.421039
   83.573446  210.591912    0.086766    0.183164
   83.574657  210.583260    0.197305    0.416511
   83.575868  210.574599    0.111142    0.234622
   83.577079  210.565931    0.061251    0.129302
   83.578291  210.557253    0.012350    0.026071
   83.579503  210.548569    0.041568    0.087749
   83.580716  210.539880    0.114677    0.242084
   83.581930  210.531189    0.131026    0.276597
   83.583145  210.522498    0.128944    0.272202
   83.584360  210.513802    0.097578    0.205988
   83.585577  210.505099    0.076209    0.160878
   83.586794  210.496384    0.175890    0.371304
   83.588012  210.487655    0.113112    0.238779
   83.589230  210.478917    0.184405    0.389279
   83.590448  210.470172    0.155990    0.329296
   83.591664  210.461420    0.114212    0.241101
   83.592879  210.452660    0.160681    0.339198
   83.594092  210.443900    0.172289    0.363703
   83.595305  210.435143    0.143826    0.303617
   83.596516  210.426399    0.231008    0.546511
   83.597728  210.417674    0.166729    0.351965
   83.598938  210.408957    0.185176    0.390907
   83.600148  210.400242    0.109752    0.231687
   83.601357  210.391526    0.183006    0.386325
   83.602566  210.382805    0.173739    0.366763
   83.603773  210.374081    0.192348    0.406046
   83.604980  210.365352    0.133153    0.281086
   83.606187  210.356617    0.158501    0.334597
   83.607392  210.347870    0.222401    0.469489
   83.608598  210.339120    0.157477    0.332435
   83.609804  210.330369    0.271039    0.923274
   83.611011  210.321624    0.302727    1.221382
   83.612219  210.312893    0.181947    0.384090
   83.613428  210.304160    0.359830    1.758602
   83.614638  210.295420    0.168465    0.355630
   83.615848  210.286664    0.178033    0.375827
   83.617058  210.277881    0.155178    0.327581
   83.618268  210.269087    0.070826    0.149514
   83.619478  210.260284    0.217536    0.459219
   83.620687  210.251475    0.188043    0.396960
   83.621897  210.242666    0.162532    0.343106
   83.623106  210.233851    0.093882    0.198185
   83.624315  210.225030    0.096650    0.204029
   83.625524  210.216202    0.223725    0.478375
   83.626732  210.207363    0.112635    0.237773
   83.627941  210.198520    0.164834    0.347965
   83.629150  210.189675    0.116056    0.244994
   83.630359  210.180833    0.098504    0.207941
   83.631568  210.171999    0.269918    0.913009
   83.633986  210.154326    0.191185    0.403592
   83.635194  210.145479    0.194525    0.410643
   83.636401  210.136618    0.403135    2.166296
   83.637607  210.127755    0.344387    1.613650
   83.640016  210.110035    0.299289    1.189430
   83.642422  210.092350    0.215968    0.455909
   83.644829  210.074682    0.240577    0.637169
   83.646035  210.065855    0.297440    1.172111
   83.647241  210.057029    0.095744    0.202115
   83.648446  210.048201    0.102044    0.215415
   83.649651  210.039367    0.209914    0.443129
   83.650854  210.030524    0.169171    0.357121
   83.652056  210.021677    0.318663    1.371845
   83.653258  210.012826    0.178662    0.377156
   83.654459  210.003972    0.174733    0.368862
   83.655660  209.995119    0.103313    0.218095
   83.656861  209.986262    0.317253    1.358645
   83.658063  209.977399    0.129502    0.273378
   83.659266  209.968533    0.334727    1.523060
   83.660472  209.959660    0.167899    0.354436
   83.661678  209.950779    0.229661    0.534696
   83.662884  209.941888    0.182565    0.385396
   83.664092  209.932982    0.235337    0.588125
   83.665301  209.924056    0.152571    0.322079
   83.666509  209.915118    0.424793    2.370438
   83.667717  209.906170    0.217363    0.458855
   83.668923  209.897214    0.222220    0.469107
   83.670127  209.888250    0.199186    0.420483
   83.671329  209.879282    0.228336    0.522366
   83.672530  209.870315    0.219190    0.462711
   83.673732  209.861353    0.244586    0.675264
   83.674934  209.852401    0.231209    0.549440
   83.676136  209.843455    0.142040    0.299846
   83.678540  209.825581    0.188973    0.398922
   83.679742  209.816660    0.188093    0.397065
   83.680944  209.807739    0.236499    0.599284
   83.682145  209.798813    0.142344    0.300488
   83.683345  209.789874    0.267826    0.894026
   83.684543  209.780912    0.158475    0.334540
   83.685741  209.771942    0.175367    0.370200
   83.686938  209.762965    0.306506    1.257947
   83.688134  209.753988    0.251778    0.743120
   83.689330  209.745012    0.237373    0.607624
   83.690527  209.736036    0.168045    0.354743
   83.691724  209.727061    0.230522    0.543203
   83.692922  209.718093    0.220345    0.465149
   83.695322  209.700175    0.292616    1.127398
   83.696523  209.691212    0.199906    0.422002
   83.697723  209.682238    0.229127    0.530167
   83.698923  209.673246    0.174234    0.367808
   83.700123  209.664246    0.203538    0.429669
   83.701322  209.655236    0.191031    0.403267
   83.702522  209.646215    0.176349    0.372274
   83.703722  209.637182    0.225518    0.496298
   83.704921  209.628143    0.046450    0.098055
   83.706120  209.619101    0.406387    2.197821
   83.707319  209.610062    0.202008    0.426438
   83.708518  209.601031    0.158802    0.335232
   83.710913  209.582968    0.122577    0.258761
   83.713307  209.564898    0.127443    0.269033
   83.714504  209.555855    0.213435    0.450561
   83.715701  209.546804    0.178484    0.376780
   83.716897  209.537737    0.230916    0.547255
   83.718093  209.528648    0.240066    0.633352
   83.719288  209.519551    0.260477    0.825380
   83.720483  209.510449    0.134656    0.284259
   83.721678  209.501350    0.153592    0.324233
   83.724068  209.483171    0.116859    0.246689
   83.725262  209.474083    0.205755    0.434350
   83.726457  209.464997    0.325986    1.441744
   83.728849  209.446827    0.078436    0.165578
   83.730045  209.437742    0.101111    0.213446
   83.731240  209.428657    0.116643    0.246233
   83.732434  209.419569    0.194748    0.411113
   83.733627  209.410480    0.056636    0.119560
   83.734819  209.401388    0.229924    0.538178
   83.736011  209.392292    0.135756    0.286581
   83.737203  209.383190    0.110174    0.232577
   83.738394  209.374083    0.268423    0.900401
   83.739585  209.364972    0.217595    0.459344
   83.740778  209.355855    0.218012    0.460223
   83.741972  209.346732    0.171496    0.362028
   83.743166  209.337605    0.153997    0.325089
   83.744361  209.328474    0.329648    1.476444
   83.746751  209.310216    0.175623    0.370741
   83.747947  209.301082    0.155862    0.329024
   83.749142  209.291937    0.160092    0.337954
   83.750337  209.282771    0.138603    0.292591
   83.752726  209.264369    0.256471    0.788161
   83.753921  209.255156    0.130602    0.275701
   83.755115  209.245945    0.330376    1.483447
   83.756310  209.236744    0.254678    0.771345
   83.757504  209.227546    0.192699    0.406788
   83.759888  209.209162    0.178320    0.376433
   83.761075  209.199980    0.213243    0.450157
   83.762262  209.190801    0.159524    0.336756
   83.763449  209.181622    0.276922    0.980698
   83.764636  209.172441    0.361378    1.775221
   83.765825  209.163256    0.369756    1.854052
   83.767015  209.154068    0.366103    1.819711
   83.768204  209.144874    0.231927    0.557491
   83.769392  209.135673    0.220836    0.466185
   83.770577  209.126459    0.152003    0.320878
   83.771763  209.117242    0.259027    0.812488
   83.774135  209.098810    0.173864    0.367027
   83.776514  209.080403    0.305547    1.250201
   83.777705  209.071195    0.167949    0.354540
   83.778895  209.061979    0.200091    0.422392
   83.780085  209.052749    0.167326    0.353225
   83.781276  209.043511    0.398244    2.122315
   83.782466  209.034266    0.348499    1.654367
   83.783655  209.025013    0.183727    0.387849
   83.784842  209.015752    0.135054    0.285099
   83.786030  209.006488    0.106127    0.224033
   83.788406  208.987960    0.276808    0.980047
   83.789597  208.978708    0.098011    0.206902
   83.790787  208.969453    0.064737    0.136661
   83.794357  208.941627    0.190170    0.401449
   83.795546  208.932326    0.130496    0.275477
   83.796733  208.923018    0.110880    0.234068
   83.799103  208.904384    0.264004    0.859783
   83.800287  208.895062    0.200554    0.423371
   83.801470  208.885739    0.162970    0.344031
   83.802654  208.876417    0.029272    0.061793
   83.803840  208.867100    0.192253    0.405847
   83.805026  208.857785    0.111249    0.234847
   83.808579  208.829856    0.152915    0.322805
   83.809760  208.820551    0.083788    0.176876
   83.810942  208.811243    0.131576    0.277758
   83.812124  208.801930    0.201215    0.424765
   83.813307  208.792607    0.132463    0.279631
   83.814491  208.783279    0.101739    0.214771
   83.815674  208.773944    0.126049    0.266090
   83.816857  208.764602    0.184408    0.389286
   83.818038  208.755248    0.329502    1.476284
   83.819218  208.745892    0.233795    0.575957
   83.820399  208.736537    0.133624    0.282081
   83.821582  208.727193    0.225891    0.501639
   83.822766  208.717872    0.226317    0.505665
   83.825137  208.699214    0.093166    0.196674
   83.826323  208.689855    0.157037    0.331505
   83.827509  208.680453    0.457894    2.684272
   83.828694  208.671036    0.408803    2.222484
   83.829878  208.661606    0.079279    0.167358
   83.831062  208.652171    0.236557    0.602148
   83.832243  208.642736    0.167640    0.353888
   83.833424  208.633300    0.203001    0.428536
   83.834604  208.623868    0.225355    0.496830
   83.835785  208.614449    0.052334    0.110477
   83.836967  208.605050    0.440454    2.520382
   83.839330  208.586261    0.180847    0.381769
   83.840510  208.576860    0.393095    2.074918
   83.841688  208.567444    0.308644    1.280481
   83.842865  208.558022    0.255947    0.784764
   83.844042  208.548594    0.139552    0.294594
   83.845218  208.539157    0.227697    0.519046
   83.846393  208.529712    0.156789    0.330982
   83.847568  208.520262    0.140728    0.297078
   83.848744  208.510811    0.119689    0.252663
   83.849920  208.501362    0.226508    0.507953
   83.851099  208.491920    0.086481    0.182562
   83.852277  208.482478    0.211397    0.446260
   83.853457  208.473033    0.168453    0.355604
   83.854637  208.463584    0.209428    0.442104
   83.855817  208.454128    0.018878    0.039852
   83.859358  208.425720    0.175976    0.371486
   83.860537  208.416232    0.075954    0.160339
   83.861715  208.406739    0.192791    0.406982
   83.862894  208.397242    0.232377    0.563397
   83.864073  208.387741    0.309320    1.287244
   83.865252  208.378236    0.346386    1.635955
   83.866432  208.368734    0.489271    2.980146
   83.867611  208.359236    0.268850    0.906592
   85.295550  190.895999    0.244366    0.734935
   85.296377  190.879981    0.200051    0.422309
   85.297204  190.863953    0.236649    0.662471
   85.298861  190.831875    0.448460    2.655171
   85.299690  190.815821    0.453611    2.703697
   85.300519  190.799753    0.613165    4.204742
   85.301346  190.783666    0.384471    2.053407
   85.302171  190.767557    0.454940    2.716394
   85.302995  190.751433    0.394424    2.147160
   85.303818  190.735297    0.261164    0.893603
   85.304640  190.719146    0.426666    2.450601
   85.305461  190.702983    0.409545    2.289604
   85.306282  190.686815    0.295295    1.214878
   85.332369  190.168581    0.366782    1.889450
   85.333181  190.152267    0.292992    1.195346
   85.334800  190.119590    0.341638    1.653111
   85.335609  190.103231    0.349563    1.727728
   85.336416  190.086865    0.355919    1.787588
   85.337223  190.070491    0.349621    1.728399
   85.338028  190.054115    0.512917    3.264652
   85.338834  190.037736    0.382418    2.037060
   85.339639  190.021355    0.217958    0.489997
   85.340445  190.004978    0.345880    1.693465
   85.341253  189.988607    0.469504    2.856506
   85.342061  189.972238    0.413968    2.334122
   85.342868  189.955871    0.264335    0.926547
   85.355682  189.693697    0.307816    1.336618
   85.356482  189.677210    0.272240    1.002010
   85.357281  189.660716    0.358837    1.816719
   85.373161  189.329855    0.300948    1.273448
   85.373951  189.313280    0.296736    1.233883
   85.378675  189.213668    0.233359    0.638073
   85.379465  189.197078    0.340834    1.649190
   85.380254  189.180488    0.361605    1.844648
   85.381043  189.163893    0.224611    0.555971
   85.381832  189.147288    0.158588    0.334779
   85.382619  189.130669    0.173305    0.365848
   85.386552  189.047370    0.287086    1.144152
   85.387337  189.030666    0.312252    1.380962
   85.389685  188.980450    0.298473    1.251527
   85.390466  188.963698    0.186197    0.393062
   85.391246  188.946958    0.179565    0.379063
   85.392025  188.930243    0.302115    1.285992
   85.392804  188.913533    0.074190    0.156615
   85.393583  188.896826    0.269637    0.980586
   85.422941  188.257145    0.341755    1.661579
   85.423704  188.240197    0.332211    1.571868
   85.424467  188.223242    0.345679    1.698632
   85.425230  188.206290    0.323130    1.486574
   85.426759  188.172398    0.257728    0.871453
   85.427523  188.155441    0.288352    1.159611
   85.428286  188.138464    0.462110    2.794287
   85.429049  188.121462    0.261931    0.911199
   85.429812  188.104448    0.237292    0.679483
   85.430575  188.087425    0.324968    1.504355
   85.431337  188.070398    0.404867    2.256055
   85.432099  188.053372    0.510841    3.253065
   85.432862  188.036344    0.391736    2.132671
   85.433624  188.019315    0.354566    1.783065
   85.434386  188.002293    0.321585    1.472877
   85.435149  187.985282    0.322624    1.482723
   85.435912  187.968267    0.383379    2.054336
   85.436674  187.951245    0.297995    1.251165
   85.437435  187.934207    0.395603    2.169469
   85.438194  187.917144    0.217206    0.491296
   85.438952  187.900069    0.204998    0.432752
   85.439710  187.882982    0.231790    0.628627
   85.440466  187.865888    0.167573    0.353747
   85.441222  187.848786    0.192348    0.406047
   85.441978  187.831679    0.237115    0.678932
   85.442733  187.814565    0.733874    5.352185
   85.443488  187.797445    0.480625    2.969851
   85.444244  187.780317    0.591366    4.011703
   85.444999  187.763188    0.318117    1.441227
   85.445754  187.746062    0.271982    1.007289
   85.446507  187.728948    0.271287    1.000825
   85.447259  187.711856    0.195590    0.412890
   85.448010  187.694766    0.186888    0.394521
   85.448760  187.677672    0.415182    2.354695
   85.449509  187.660564    0.193471    0.408418
   85.450257  187.643432    0.256746    0.864379
   85.451004  187.626290    0.460615    2.782310
   85.451751  187.609139    0.309895    1.364509
   85.452498  187.591981    0.437020    2.560486
   85.453246  187.574819    0.310385    1.369261
   85.453994  187.557652    0.193988    0.409510
   85.454742  187.540479    0.237760    0.686192
   85.455489  187.523306    0.298229    1.255106
   85.456236  187.506134    0.291986    1.196452
   85.456982  187.488956    0.227837    0.593048
   85.457729  187.471769    0.279860    1.082522
   85.458476  187.454570    0.308633    1.353268
   85.459224  187.437354    0.177932    0.375615
   85.459973  187.420125    0.238956    0.697924
   85.460721  187.402883    0.339583    1.644634
   85.461468  187.385625    0.416353    2.366898
   85.462214  187.368349    0.521122    3.352571
   85.462960  187.351065    0.290896    1.186823
   85.463706  187.333778    0.192667    0.406720
   85.464451  187.316500    0.283437    1.116797
   85.465197  187.299240    0.242208    0.729011
   85.465943  187.281981    0.257979    0.877436
   85.466688  187.264723    0.189752    0.400567
   85.467433  187.247462    0.244603    0.751744
   85.468175  187.230193    0.349892    1.742306
   85.468917  187.212922    0.213184    0.456314
   85.469658  187.195647    0.313470    1.399812
   85.470396  187.178370    0.282754    1.110924
   85.471133  187.161091    0.359043    1.828670
   85.471869  187.143809    0.352042    1.762881
   85.472604  187.126524    0.210437    0.444232
   85.473338  187.109238    0.293723    1.214389
   85.474073  187.091949    0.321011    1.471168
   85.474807  187.074656    0.408519    2.294457
   85.475542  187.057357    0.374244    1.972086
   85.476277  187.040053    0.237975    0.690224
   85.477013  187.022745    0.443706    2.625674
   85.477749  187.005426    0.414446    2.350487
   85.478485  186.988093    0.311186    1.379155
   85.479954  186.953360    0.211681    0.446858
   85.480688  186.935963    0.156475    0.330319
   85.481422  186.918552    0.313901    1.404972
   85.482156  186.901126    0.501889    3.173512
   85.482890  186.883686    0.545904    3.587643
   85.483624  186.866240    0.490919    3.070456
   85.484358  186.848792    0.461460    2.793394
   85.485094  186.831355    0.383881    2.063654
   85.485830  186.813937    0.229987    0.615988
   85.486566  186.796523    0.291679    1.196416
   85.487301  186.779107    0.494602    3.105453
   85.488035  186.761687    0.489263    3.055289
   85.488766  186.744257    0.433496    2.530746
   85.489496  186.726818    0.463449    2.812586
   85.490225  186.709370    0.365329    1.889615
   85.490953  186.691908    0.545356    3.583258
   85.491680  186.674426    0.298349    1.259652
   85.492407  186.656937    0.603952    4.134629
   85.493133  186.639444    0.771530    5.711160
   85.493859  186.621955    0.571694    3.831309
   85.494587  186.604475    0.353975    1.783218
   85.495314  186.586998    0.360510    1.844769
   85.496040  186.569526    0.406809    2.280386
   85.496766  186.552061    0.312960    1.397585
   85.497489  186.534610    0.436284    2.557805
   85.498211  186.517157    0.522188    3.366003
   85.498932  186.499698    0.497428    3.133145
   85.499652  186.482225    0.491662    3.078972
   85.500370  186.464726    0.278675    1.075402
   85.501087  186.447216    0.306815    1.340198
   85.501805  186.429695    0.442025    2.612237
   85.502523  186.412168    0.730811    5.329014
   85.503243  186.394637    0.515204    3.300796
   85.503964  186.377097    0.360736    1.847732
   85.504685  186.359547    0.398203    2.200259
   85.505407  186.341986    0.431336    2.512028
   85.506131  186.324416    0.312474    1.393926
   85.506854  186.306831    0.368486    1.920916
   85.507578  186.289227    0.274622    1.037978
   85.508301  186.271596    0.238139    0.694833
   85.509022  186.253928    0.347544    1.724114
   85.509742  186.236245    0.430550    2.505051
   85.510462  186.218558    0.366596    1.903491
   85.511181  186.200877    0.252669    0.831806
   85.511898  186.183218    0.730756    5.329407
   85.512615  186.165564    0.622868    4.314534
   85.513332  186.147912    0.522644    3.371764
   85.514049  186.130261    0.434325    2.540984
   85.514768  186.112607    0.462300    2.804228
   85.515487  186.094957    0.421289    2.418489
   85.516205  186.077310    0.737197    5.390417
   85.516921  186.059675    0.649200    4.562672
   85.517634  186.042053    0.674012    4.796155
   85.518346  186.024434    0.456426    2.749319
   85.519057  186.006816    0.605355    4.150413
   85.519766  185.989191    0.511294    3.265615
   85.520473  185.971556    0.471243    2.888913
   85.521179  185.953915    0.630296    4.385254
   85.521886  185.936266    0.577564    3.889248
   85.522594  185.918611    0.674196    4.798368
   85.523303  185.900951    0.266503    0.963133
   85.524013  185.883279    0.117494    0.248030
   85.524723  185.865595    0.190466    0.402074
   85.525433  185.847892    0.136320    0.287772
   85.526141  185.830168    0.179724    0.379398
   85.526849  185.812428    0.063046    0.133090
   85.527557  185.794671    0.104624    0.220862
   85.528971  185.759102    0.130082    0.274604
   85.529678  185.741297    0.085733    0.180982
   85.530385  185.723484    0.101035    0.213284
   85.531093  185.705672    0.005642    0.011910
   85.531800  185.687864    0.137399    0.290050
   85.532507  185.670056    0.174525    0.368422
   85.533214  185.652249    0.150244    0.317165
   85.533920  185.634445    0.073357    0.154858
   85.534625  185.616647    0.076343    0.161161
   85.535329  185.598848    0.066741    0.140890
   85.536033  185.581045    0.038651    0.081592
   85.538139  185.527585    0.139066    0.293569
   85.538839  185.509752    0.315270    1.423497
   85.539539  185.491914    0.216795    0.497176
   85.542331  185.420551    0.000000    0.000000
   85.543030  185.402728    0.000000    0.000000
   85.562419  184.900334    0.303042    1.310981
   85.565170  184.828259    0.073133    0.154384
   85.565854  184.810237    0.294888    1.234647
   85.578735  184.466822    0.044735    0.094436
   85.586166  184.266523    0.320063    1.473710
   85.586834  184.248282    0.029592    0.062469
   85.589508  184.175382    0.193805    0.409124
   85.590177  184.157193    0.051367    0.108435
   85.590846  184.139010    0.286984    1.163042
   85.591515  184.120837    0.544776    3.588257
   85.592184  184.102671    0.135328    0.285678
   85.593519  184.066320    0.237116    0.694221
   85.594185  184.048117    0.000000    0.000000
   85.594847  184.029881    0.191053    0.403313
   85.595508  184.011627    0.161189    0.340270
   85.596168  183.993359    0.167361    0.353299
   85.596830  183.975083    0.427359    2.484271
   85.600823  183.865190    0.383933    2.076193
   85.601490  183.846823    0.142921    0.301706
   85.602154  183.828441    0.218040    0.515737
   85.606111  183.717908    0.053095    0.112083
   85.606769  183.699473    0.107746    0.227453
   85.609392  183.625842    0.125386    0.264690
   85.610047  183.607457    0.160640    0.339111
   85.610700  183.589079    0.155666    0.328611
   85.611353  183.570706    0.237286    0.697843
   85.612005  183.552334    0.078598    0.165920
   85.615897  183.442051    0.215760    0.495859
   85.616549  183.423656    0.037017    0.078142
   85.618504  183.368422    0.182039    0.384285
   85.619156  183.349987    0.340234    1.667201
   85.619807  183.331533    0.379353    2.035281
   85.620456  183.313048    0.268537    0.992870
   85.623044  183.238861    0.157479    0.332438
   85.623691  183.220303    0.119221    0.251675
   85.624338  183.201744    0.244693    0.769014
   85.624985  183.183184    0.497552    3.147824
   85.625632  183.164630    0.563264    3.766069
   85.626280  183.146087    0.177370    0.374428
   85.626927  183.127542    0.396735    2.199624
   85.627572  183.108991    0.090310    0.190644
   85.628216  183.090425    0.497245    3.145309
   85.628856  183.071834    0.447688    2.679181
   85.629494  183.053235    0.492874    3.104336
   85.630132  183.034632    0.345487    1.717898
   85.630770  183.016031    0.233442    0.663925
   85.631410  182.997439    0.284130    1.140834
   85.632049  182.978846    0.419776    2.416986
   85.632689  182.960254    0.382190    2.063477
   85.633328  182.941659    0.717676    5.219580
   85.633968  182.923062    0.381153    2.053870
   85.634608  182.904464    0.549432    3.636995
   85.635884  182.867275    0.272667    1.033530
   85.636521  182.848691    0.348645    1.748351
   85.637156  182.830106    0.271801    1.025530
   85.637791  182.811517    0.247049    0.792759
   85.638424  182.792918    0.377427    2.019338
   85.639057  182.774303    0.174853    0.369115
   85.639689  182.755680    0.320117    1.480360
   85.640321  182.737051    0.389684    2.134884
   85.640953  182.718417    0.302762    1.317256
   85.641587  182.699781    0.432571    2.538487
   85.642221  182.681139    0.433236    2.544822
   85.642855  182.662488    0.370677    1.956391
   85.643489  182.643830    0.632906    4.423347
   85.644123  182.625165    0.292257    1.218823
   85.644757  182.606484    0.361410    1.869447
   85.645390  182.587786    0.360648    1.862359
   85.646021  182.569059    0.491306    3.091584
   85.646651  182.550296    0.439367    2.603054
   85.647280  182.531516    0.203103    0.428750
   85.647908  182.512725    0.303331    1.323474
   85.648537  182.493932    0.262344    0.937973
   85.649167  182.475143    0.308446    1.371752
   85.649797  182.456353    0.318828    1.469504
   85.650426  182.437561    0.534316    3.496749
   85.651056  182.418769    0.294462    1.240445
   85.651685  182.399977    0.311536    1.401142
   85.652313  182.381186    0.249644    0.818980
   85.652940  182.362399    0.386085    2.102609
   85.653565  182.343621    0.388477    2.125186
   85.654186  182.324854    0.387824    2.119123
   85.654806  182.306092    0.297476    1.269272
   85.655424  182.287332    0.285342    1.155199
   85.656043  182.268572    0.184991    0.390516
   85.656661  182.249808    0.244440    0.770582
   85.657280  182.231042    0.212300    0.468309
   85.657898  182.212277    0.623110    4.333011
   85.658518  182.193513    0.330024    1.575937
   85.659138  182.174753    0.447546    2.681578
   85.659758  182.155988    0.286801    1.169481
   85.660379  182.137219    0.417062    2.394967
   85.660999  182.118442    0.257572    0.894666
   85.661620  182.099652    0.332942    1.603781
   85.662240  182.080851    0.406888    2.299491
   85.662859  182.062034    0.332965    1.604154
   85.663477  182.043196    0.395260    2.190265
   85.664093  182.024332    0.639450    4.487517
   85.664709  182.005450    0.402545    2.258952
   85.665324  181.986554    0.310596    1.394035
   85.665939  181.967645    0.365603    1.911584
   85.666554  181.948728    0.538565    3.538782
   85.667170  181.929801    0.432484    2.540918
   85.667786  181.910865    0.443270    2.642463
   85.668402  181.891922    0.388811    2.130230
   85.669021  181.872971    0.432303    2.539458
   85.669639  181.854017    0.483750    3.023513
   85.670256  181.835061    0.462151    2.820400
   85.670870  181.816107    0.331513    1.591529
   85.671481  181.797160    0.438832    2.601198
   85.672090  181.778213    0.548107    3.629257
   85.672698  181.759268    0.577338    3.904323
   85.673304  181.740322    0.514502    3.313283
   85.673910  181.721374    0.305600    1.348151
   85.674516  181.702426    0.458650    2.788025
   85.675121  181.683477    0.417659    2.402489
   85.675728  181.664531    0.438647    2.600010
   85.676336  181.645585    0.340564    1.677387
   85.676945  181.626636    0.519434    3.360157
   85.677553  181.607684    0.414262    2.370853
   85.678160  181.588724    0.410046    2.331272
   85.678767  181.569759    0.288650    1.189338
   85.679372  181.550784    0.330076    1.579119
   85.679976  181.531799    0.288346    1.186638
   85.680579  181.512800    0.271640    1.029556
   85.681181  181.493780    0.321951    1.502929
   85.681781  181.474751    0.382289    2.070631
   85.682382  181.455720    0.251830    0.843431
   85.682982  181.436695    0.272149    1.034660
   85.683584  181.417686    0.325538    1.536993
   85.684186  181.398676    0.419912    2.424881
   85.684789  181.379662    0.397303    2.212268
   85.685393  181.360636    0.549341    3.642617
   85.685998  181.341593    0.453780    2.743723
   85.686603  181.322540    0.469256    2.889389
   85.687207  181.303478    0.369885    1.954649
   85.687809  181.284408    0.317751    1.464289
   85.688408  181.265330    0.259269    0.914210
   85.689006  181.246245    0.553663    3.683757
   85.689602  181.227155    0.317116    1.458554
   85.690197  181.208059    0.310451    1.395938
   85.690792  181.188961    0.269670    1.012375
   85.691385  181.169860    0.261937    0.939708
   85.691979  181.150756    0.381394    2.063559
   85.692573  181.131651    0.241240    0.745162
   85.693168  181.112544    0.307108    1.364890
   85.693763  181.093438    0.301003    1.307530
   85.694357  181.074334    0.153010    0.323005
   85.694950  181.055238    0.258153    0.904587
   85.695541  181.036155    0.197735    0.417418
   85.696131  181.017069    0.297249    1.272534
   85.696720  180.997977    0.355125    1.817079
