Converting ICESat/GLAS binary freeboard vector data to ASCII
Wed Feb 12 09:56:29 2014

write_fb:
  file_in:       laser3k0013002.dat
  laser_period:  3k
  track:         0013
  cycle:         002
  file_out:      laser3k0013002.txt
  non_zero_only:        0
  nan_replace:       -999

read_fb:
  Year:                  2008
  Month:                   10
  Day:                     10
  Hour:                     5
  Minute:                  22
  Doy:                    284
  record_count:          1110
  non_zero_count:        1106
  nan_count:                0

    Latitude   Longitude   Freeboard   Thickness
   80.849451   38.546202    0.303490    2.077378
   80.850842   38.541872    0.256902    1.638808
   80.852233   38.537541    0.278427    1.841008
   80.853624   38.533207    0.259747    1.664991
   80.855015   38.528870    0.329467    2.320575
   80.856405   38.524529    0.318500    2.217108
   80.857795   38.520184    0.279894    1.853639
   80.859184   38.515830    0.353278    2.543689
   80.860573   38.511471    0.318657    2.217708
   80.861962   38.507107    0.432029    3.283942
   80.863351   38.502740    0.270420    1.763337
   80.864740   38.498371    0.273787    1.794716
   80.867521   38.489629    0.283119    1.881925
   80.868913   38.485260    0.306464    2.101245
   80.870306   38.480900    0.328811    2.311172
   80.871700   38.476544    0.304154    2.078922
   80.873094   38.472189    0.390492    2.890844
   80.874488   38.467834    0.351829    2.526826
   80.875882   38.463474    0.247292    1.543124
   80.877274   38.459110    0.287676    1.922738
   80.880058   38.450366    0.293093    1.973106
   80.881448   38.445977    0.257174    1.634914
   80.882838   38.441581    0.293313    1.974584
   80.887010   38.428392    0.258108    1.642517
   80.889795   38.419624    0.236514    1.438788
   80.891188   38.415241    0.237980    1.452289
   80.895366   38.402075    0.306419    2.095234
   80.896757   38.397685    0.273529    1.785531
   80.898145   38.393296    0.281493    1.860160
   80.899532   38.388908    0.336080    2.373384
   80.900918   38.384518    0.302515    2.057337
   80.902303   38.380126    0.344954    2.456281
   80.903689   38.375724    0.354388    2.544736
   80.906461   38.366913    0.213255    1.216464
   80.907847   38.362511    0.308028    2.107733
   80.909232   38.358125    0.293438    1.970186
   80.910616   38.353747    0.352073    2.521490
   80.913384   38.344992    0.230835    1.380386
   80.914768   38.340602    0.260170    1.656051
   80.918923   38.327386    0.314868    2.169743
   80.920311   38.322965    0.279812    1.839662
   80.921701   38.318536    0.291673    1.950948
   80.923093   38.314105    0.289097    1.926426
   80.924485   38.309674    0.371033    2.696923
   80.925877   38.305253    0.248117    1.540324
   80.927269   38.300836    0.291306    1.946316
   80.928661   38.296417    0.206391    1.147206
   80.930054   38.291994    0.173013    0.832914
   80.932843   38.283111    0.167441    0.779902
   80.935630   38.274206    0.115911    0.294557
   80.937022   38.269748    0.173796    0.838799
   80.938412   38.265290    0.331668    2.323664
   80.939801   38.260834    0.309154    2.111573
   80.941190   38.256383    0.200085    1.085235
   80.942577   38.251946    0.324112    2.251699
   80.943964   38.247518    0.308313    2.102778
   80.945350   38.243095    0.326189    2.270655
   80.946735   38.238676    0.171083    0.811227
   80.948120   38.234260    0.191619    1.004121
   80.950888   38.225429    0.292858    1.955933
   80.952272   38.221009    0.178700    0.881712
   80.953656   38.216579    0.259121    1.637974
   80.955040   38.212140    0.254092    1.590365
   80.956424   38.207698    0.354313    2.532897
   80.957809   38.203254    0.290571    1.932962
   80.959193   38.198811    0.316157    2.173372
   80.960576   38.194369    0.400956    2.970810
   80.961961   38.189926    0.253900    1.587123
   80.963346   38.185480    0.190722    0.992496
   80.971684   38.158738    0.260538    1.647541
   80.974461   38.149794    0.371892    2.694502
   80.975849   38.145315    0.247772    1.526577
   80.977237   38.140833    0.296990    1.989293
   80.978625   38.136350    0.246273    1.511892
   80.980013   38.131868    0.234692    1.402662
   80.981403   38.127393    0.251088    1.556616
   80.982792   38.122923    0.257171    1.613548
   80.984182   38.118453    0.184545    0.930040
   80.992510   38.091598    0.219112    1.253489
   80.993895   38.087096    0.277705    1.804399
   80.996662   38.078086    0.271447    1.744953
   80.998048   38.073588    0.271697    1.747013
   80.999433   38.069096    0.234991    1.401426
   81.000819   38.064607    0.269399    1.724817
   81.002204   38.060124    0.186270    0.942510
   81.006354   38.046720    0.217079    1.231477
   81.007738   38.042249    0.292687    1.942461
   81.009121   38.037762    0.295166    1.965491
   81.010505   38.033262    0.320832    2.206649
   81.014660   38.019719    0.258825    1.622458
   81.016046   38.015192    0.186973    0.946232
   81.017431   38.010663    0.167387    0.761693
   81.018818   38.006135    0.199773    1.066073
   81.020204   38.001618    0.272815    1.752907
   81.021592   37.997105    0.224600    1.299045
   81.022979   37.992594    0.261086    1.641991
   81.024366   37.988082    0.224967    1.301926
   81.025754   37.983565    0.200644    1.072817
   81.028528   37.974519    0.343120    2.412562
   81.029915   37.969994    0.230085    1.348907
   81.031298   37.965465    0.213088    1.188724
   81.032681   37.960935    0.205396    1.116078
   81.034063   37.956405    0.239031    1.432203
   81.038219   37.942828    0.245999    1.496887
   81.042380   37.929271    0.248736    1.521770
   81.046531   37.915717    0.212095    1.176210
   81.047915   37.911179    0.224557    1.293148
   81.050684   37.902077    0.241416    1.451175
   81.052068   37.897520    0.238336    1.421913
   81.053453   37.892963    0.254275    1.571563
   81.054838   37.888405    0.291023    1.916977
   81.057608   37.879294    0.241817    1.453495
   81.060378   37.870206    0.202459    1.082671
   81.061762   37.865666    0.238954    1.425697
   81.063147   37.861125    0.164502    0.725017
   81.064530   37.856582    0.292217    1.926188
   81.071446   37.833792    0.221091    1.255638
   81.075599   37.820079    0.298440    1.982421
   81.078366   37.810962    0.000000    0.000000
   81.083907   37.792645    0.209699    1.145863
   81.085293   37.788052    0.232925    1.364075
   81.086677   37.783459    0.220875    1.250421
   81.088061   37.778868    0.313157    2.118267
   81.089444   37.774279    0.291235    1.911746
   81.090827   37.769693    0.219866    1.240065
   81.093591   37.760545    0.293685    1.933928
   81.094973   37.755976    0.264777    1.661693
   81.096354   37.751410    0.299040    1.983730
   81.099116   37.742282    0.228128    1.316064
   81.100496   37.737717    0.241942    1.445726
   81.101876   37.733148    0.182855    0.889584
   81.103256   37.728571    0.218141    1.221245
   81.104635   37.723989    0.494493    3.820694
   81.106015   37.719402    0.345425    2.418073
   81.107396   37.714814    0.184384    0.902819
   81.108776   37.710226    0.254782    1.564788
   81.110157   37.705639    0.201742    1.065534
   81.111539   37.701049    0.254977    1.566046
   81.112921   37.696457    0.233347    1.362276
   81.115688   37.687255    0.190073    0.954606
   81.117072   37.682649    0.267243    1.680283
   81.118456   37.678040    0.239012    1.414416
   81.123987   37.659591    0.278641    1.786067
   81.125369   37.654966    0.325696    2.228441
   81.126750   37.650335    0.221683    1.249661
   81.128132   37.645706    0.304484    2.028310
   81.129512   37.641080    0.228513    1.313335
   81.130892   37.636472    0.229834    1.325478
   81.132272   37.631874    0.191820    0.967581
   81.133652   37.627279    0.240318    1.423530
   81.135031   37.622682    0.214470    1.180085
   81.136411   37.618075    0.145507    0.531033
   81.137791   37.613461    0.276214    1.760353
   81.140551   37.604214    0.362344    2.570032
   81.141929   37.599577    0.233918    1.361594
   81.143306   37.594932    0.281001    1.804236
   81.146060   37.585639    0.242761    1.443923
   81.147439   37.580999    0.331468    2.278126
   81.148818   37.576364    0.245919    1.473055
   81.152961   37.562487    0.254846    1.556164
   81.154343   37.557874    0.384641    2.776901
   81.155725   37.553258    0.297346    1.955405
   81.158488   37.543990    0.317147    2.141105
   81.161247   37.534664    0.445353    3.346597
   81.162626   37.529994    0.308689    2.060664
   81.164005   37.525331    0.346293    2.414133
   81.166762   37.516014    0.308443    2.057488
   81.168141   37.511358    0.289323    1.877332
   81.169521   37.506704    0.263503    1.634143
   81.170901   37.502052    0.292763    1.909114
   81.172281   37.497399    0.300673    1.983240
   81.173662   37.492746    0.242275    1.433587
   81.175042   37.488095    0.336603    2.320683
   81.176422   37.483442    0.268878    1.683285
   81.177801   37.478782    0.165513    0.710610
   81.179181   37.474113    0.184146    0.885614
   81.180560   37.469415    0.365162    2.588205
   81.181939   37.464701    0.280151    1.788197
   81.183318   37.459984    0.315903    2.124243
   81.186078   37.450581    0.236958    1.381005
   81.187459   37.445908    0.211418    1.140458
   81.188840   37.441242    0.221140    1.231629
   81.190221   37.436581    0.294734    1.923670
   81.191601   37.431922    0.235276    1.364043
   81.192980   37.427263    0.427525    3.172316
   81.194360   37.422601    0.321350    2.173205
   81.195738   37.417934    0.195281    0.986943
   81.197116   37.413253    0.331048    2.263870
   81.198493   37.408562    0.451367    3.395465
   81.199869   37.403865    0.368560    2.616188
   81.201246   37.399165    0.212201    1.144984
   81.202621   37.394463    0.300232    1.972837
   81.203997   37.389760    0.273992    1.725696
   81.205373   37.385058    0.382976    2.750668
   81.206749   37.380359    0.311947    2.082190
   81.208128   37.375671    0.289850    1.874025
   81.209508   37.370989    0.419696    3.095247
   81.210889   37.366308    0.319262    2.150148
   81.212269   37.361625    0.270812    1.694081
   81.213648   37.356932    0.286850    1.844670
   81.215027   37.352230    0.291369    1.886901
   81.216405   37.347526    0.182228    0.859887
   81.219159   37.338111    0.246804    1.466810
   81.220535   37.333403    0.334253    2.289188
   81.221911   37.328695    0.312109    2.080583
   81.223287   37.323986    0.502608    3.872387
   81.227422   37.309863    0.269871    1.682104
   81.228801   37.305152    0.205691    1.078049
   81.232940   37.290994    0.045347    0.094879
   81.234319   37.286267    0.155875    0.608276
   81.237073   37.276796    0.289838    1.867941
   81.238449   37.272056    0.225839    1.265604
   81.239825   37.267315    0.297403    1.938547
   81.241200   37.262574    0.304149    2.001716
   81.242576   37.257834    0.260844    1.594055
   81.243951   37.253095    0.230040    1.303980
   81.245326   37.248358    0.221822    1.226391
   81.246704   37.243629    0.283600    1.807271
   81.248081   37.238904    0.272736    1.704791
   81.249459   37.234178    0.298804    1.949737
   81.250835   37.229449    0.256844    1.554719
   81.252208   37.224708    0.205095    1.067611
   81.253579   37.219958    0.221887    1.225299
   81.254949   37.215207    0.288572    1.852345
   81.257691   37.205712    0.192588    0.948825
   81.260439   37.196236    0.366601    2.585254
   81.261814   37.191498    0.203467    1.050317
   81.263190   37.186756    0.270043    1.676334
   81.264567   37.182011    0.321901    2.163897
   81.265944   37.177266    0.330967    2.248901
   81.270080   37.163043    0.217513    1.180743
   81.272839   37.153557    0.195670    0.974695
   81.275598   37.144025    0.321593    2.158720
   81.276978   37.139250    0.230779    1.304120
   81.278357   37.134471    0.245141    1.438946
   81.279734   37.129695    0.271367    1.685374
   81.281110   37.124919    0.287812    1.839794
   81.282485   37.120145    0.222060    1.220959
   81.285236   37.110605    0.199005    1.003508
   81.286612   37.105842    0.204785    1.057595
   81.287987   37.101076    0.205096    1.060244
   81.290736   37.091518    0.374680    2.655008
   81.292110   37.086721    0.202709    1.036931
   81.293483   37.081921    0.226481    1.260285
   81.294856   37.077120    0.156633    0.602909
   81.296229   37.072328    0.202561    1.034687
   81.297602   37.067541    0.267596    1.646212
   81.298974   37.062756    0.342062    2.346456
   81.300348   37.057972    0.366334    2.574502
   81.301723   37.053190    0.199753    1.007138
   81.303099   37.048409    0.125988    0.312921
   81.304475   37.043626    0.218606    1.183931
   81.305851   37.038840    0.228112    1.273067
   81.308599   37.029255    0.283344    1.792093
   81.309973   37.024456    0.194287    0.954013
   81.311346   37.019652    0.192656    0.938392
   81.315470   37.005204    0.209921    1.099956
   81.316844   37.000387    0.274164    1.704025
   81.318218   36.995580    0.251224    1.487941
   81.319591   36.990781    0.228571    1.274547
   81.320964   36.985984    0.236559    1.349411
   81.322337   36.981189    0.233118    1.316759
   81.323710   36.976397    0.219236    1.185886
   81.325083   36.971604    0.293930    1.888268
   81.326456   36.966808    0.233558    1.320051
   81.327830   36.962004    0.328643    2.214260
   81.329204   36.957179    0.239164    1.372217
   81.330578   36.952341    0.186929    0.880543
   81.331953   36.947497    0.198559    0.989668
   81.333327   36.942651    0.178307    0.798868
   81.336074   36.932985    0.238526    1.364799
   81.337447   36.928154    0.189386    0.902238
   81.338820   36.923320    0.268099    1.642432
   81.340194   36.918480    0.235896    1.339208
   81.341568   36.913634    0.195772    0.961457
   81.342941   36.908784    0.266516    1.626689
   81.344314   36.903931    0.259168    1.557279
   81.345685   36.899072    0.226987    1.254260
   81.347055   36.894210    0.177611    0.789478
   81.351166   36.879637    0.104493    0.218628
   81.352537   36.874791    0.239234    1.368055
   81.353908   36.869947    0.197277    0.973069
   81.356652   36.860267    0.320419    2.130935
   81.358025   36.855428    0.498381    3.804799
   81.359398   36.850588    0.211175    1.102673
   81.360771   36.845745    0.211022    1.100956
   81.362142   36.840898    0.309518    2.027253
   81.363514   36.836045    0.285386    1.799953
   81.364885   36.831188    0.378948    2.679845
   81.367629   36.821457    0.306318    1.996019
   81.369001   36.816583    0.261243    1.571701
   81.370374   36.811706    0.198448    0.980678
   81.371747   36.806829    0.269977    1.653299
   81.373119   36.801957    0.290069    1.842019
   81.374491   36.797087    0.208308    1.072587
   81.375863   36.792216    0.227540    1.253229
   81.378607   36.782459    0.262231    1.579012
   81.379981   36.777570    0.185725    0.859005
   81.381353   36.772678    0.023712    0.049611
   81.384095   36.762899    0.193640    0.932617
   81.385463   36.758014    0.197667    0.970219
   81.386830   36.753129    0.205484    1.043466
   81.388196   36.748243    0.119658    0.250357
   81.390928   36.738465    0.181649    0.818405
   81.392295   36.733574    0.290347    1.840691
   81.393662   36.728681    0.238265    1.350450
   81.395032   36.723787    0.173269    0.738733
   81.396402   36.718891    0.225874    1.233326
   81.397774   36.713994    0.250920    1.468662
   81.399146   36.709094    0.251770    1.476386
   81.400518   36.704191    0.220191    1.179031
   81.401889   36.699285    0.200807    0.996395
   81.404632   36.689464    0.159222    0.604632
   81.406004   36.684545    0.194469    0.935935
   81.407375   36.679621    0.274472    1.688270
   81.408746   36.674700    0.246143    1.421487
   81.410117   36.669783    0.315826    2.076741
   81.411487   36.664887    0.264582    1.594390
   81.412858   36.660002    0.276851    1.709534
   81.414229   36.655118    0.264097    1.589273
   81.415599   36.650230    0.238471    1.347920
   81.416968   36.645323    0.216181    1.137957
   81.418336   36.640401    0.314492    2.062517
   81.419704   36.635473    0.204111    1.023847
   81.421072   36.630541    0.269783    1.641364
   81.422441   36.625611    0.236744    1.330278
   81.423810   36.620680    0.259080    1.540119
   81.426548   36.610816    0.320500    2.117358
   81.427919   36.605884    0.226069    1.228735
   81.429290   36.600952    0.318611    2.099035
   81.430660   36.596020    0.270946    1.650349
   81.432030   36.591089    0.253542    1.486349
   81.434760   36.581234    0.267665    1.618650
   81.436124   36.576306    0.275409    1.691224
   81.438850   36.566445    0.210613    1.081114
   81.440214   36.561509    0.273663    1.673960
   81.442943   36.551630    0.242134    1.376801
   81.444307   36.546684    0.197173    0.953558
   81.447038   36.536785    0.238918    1.345711
   81.449774   36.526879    0.181147    0.801687
   81.452516   36.516968    0.304028    1.957112
   81.453888   36.512010    0.222708    1.191828
   81.455259   36.507050    0.240960    1.363246
   81.456630   36.502089    0.252335    1.469971
   81.458001   36.497124    0.248759    1.436057
   81.459372   36.492157    0.312066    2.031329
   81.460744   36.487184    0.305127    1.965771
   81.462116   36.482206    0.289481    1.818303
   81.463488   36.477227    0.218671    1.151887
   81.464860   36.472247    0.230755    1.265291
   81.466232   36.467268    0.343724    2.327745
   81.467602   36.462289    0.344616    2.335859
   81.468972   36.457311    0.212648    1.094106
   81.470340   36.452335    0.344972    2.338648
   81.473069   36.442399    0.232117    1.276428
   81.475794   36.432458    0.261553    1.552789
   81.481238   36.412493    0.212477    1.089994
   81.483963   36.402506    0.260675    1.542859
   81.485327   36.397511    0.271443    1.643875
   81.486691   36.392515    0.247647    1.419743
   81.488055   36.387514    0.299547    1.907702
   81.489420   36.382510    0.254825    1.486712
   81.492150   36.372497    0.223910    1.195323
   81.494884   36.362487    0.237639    1.323914
   81.498987   36.347445    0.112608    0.235607
   81.501721   36.337384    0.160312    0.595082
   81.503088   36.332354    0.113172    0.236786
   81.504456   36.327336    0.181433    0.793216
   81.509927   36.307282    0.200076    0.967479
   81.511293   36.302256    0.176227    0.742844
   81.512659   36.297227    0.327416    2.164850
   81.514024   36.292195    0.208671    1.047496
   81.515390   36.287163    0.265546    1.582265
   81.516755   36.282129    0.200151    0.966787
   81.518121   36.277093    0.238148    1.323963
   81.519485   36.272057    0.149245    0.487343
   81.520848   36.267021    0.315464    2.050748
   81.522210   36.261984    0.277385    1.692245
   81.523572   36.256947    0.272780    1.648646
   81.526296   36.246872    0.327505    2.162909
   81.527660   36.241835    0.205725    1.017003
   81.530387   36.231756    0.199600    0.958821
   81.531749   36.226711    0.189993    0.868169
   81.533111   36.221662    0.330216    2.187018
   81.534473   36.216611    0.225916    1.205556
   81.535834   36.211559    0.168401    0.664211
   81.537196   36.206507    0.236548    1.305012
   81.539917   36.196402    0.211922    1.072793
   81.542641   36.186295    0.144337    0.436447
   81.544004   36.181240    0.183520    0.804768
   81.545368   36.176182    0.128131    0.283432
   81.546733   36.171121    0.148662    0.476295
   81.548100   36.166051    0.149958    0.488211
   81.549468   36.160976    0.106564    0.222960
   81.550837   36.155897    0.212915    1.079907
   81.552205   36.150814    0.229226    1.233069
   81.553574   36.145728    0.174682    0.719676
   81.554942   36.140639    0.203110    0.986828
   81.556309   36.135549    0.226794    1.209357
   81.557675   36.130458    0.209317    1.044664
   81.559039   36.125373    0.139778    0.390210
   81.560402   36.120291    0.165856    0.635251
   81.561764   36.115208    0.198987    0.946654
   81.563126   36.110124    0.163489    0.612430
   81.564489   36.105035    0.208131    1.032115
   81.565852   36.099944    0.213273    1.080212
   81.567214   36.094850    0.185414    0.817851
   81.568576   36.089757    0.255368    1.475655
   81.569935   36.084665    0.025880    0.054149
   81.571293   36.079574    0.072949    0.152629
   81.574008   36.069393    0.153407    0.515362
   81.575366   36.064305    0.196850    0.923768
   81.576725   36.059218    0.156534    0.544224
   81.578084   36.054129    0.152172    0.502913
   81.579443   36.049037    0.195753    0.912612
   81.580802   36.043936    0.215898    1.101848
   81.582161   36.038829    0.200063    0.952603
   81.583521   36.033718    0.191409    0.870911
   81.584881   36.028605    0.180993    0.772653
   81.587605   36.018383    0.206834    1.015190
   81.588969   36.013269    0.169064    0.659593
   81.590334   36.008152    0.158344    0.558472
   81.591700   36.003028    0.228526    1.218413
   81.593067   35.997900    0.275837    1.663204
   81.594434   35.992768    0.196765    0.919068
   81.595801   35.987633    0.229857    1.230099
   81.597166   35.982496    0.221268    1.149017
   81.598530   35.977358    0.177120    0.733430
   81.599893   35.972219    0.133346    0.321355
   81.602620   35.961947    0.210834    1.049751
   81.603984   35.956816    0.201787    0.964369
   81.605348   35.951685    0.255906    1.473211
   81.606710   35.946552    0.104113    0.217834
   81.609429   35.936264    0.057093    0.119455
   81.610787   35.931117    0.083545    0.174799
   81.612145   35.925970    0.062050    0.129826
   81.614863   35.915695    0.100352    0.209965
   81.616223   35.910559    0.062984    0.131780
   81.617582   35.905420    0.050260    0.105157
   81.620299   35.895125    0.183016    0.784497
   81.624373   35.879653    0.111967    0.234265
   81.625731   35.874489    0.117745    0.246355
   81.627089   35.869322    0.297281    1.858057
   81.628447   35.864152    0.342729    2.285325
   81.629806   35.858973    0.225575    1.182946
   81.631165   35.853791    0.145899    0.433134
   81.632525   35.848606    0.204879    0.987697
   81.633886   35.843423    0.192474    0.870731
   81.635247   35.838247    0.214380    1.076533
   81.636610   35.833076    0.202107    0.960797
   81.640699   35.817546    0.117296    0.245416
   81.642061   35.812356    0.089002    0.186217
   81.644787   35.801961    0.146069    0.431986
   81.648878   35.786321    0.146326    0.433575
   81.651600   35.775908    0.087760    0.183617
   81.652958   35.770715    0.120505    0.252129
   81.654314   35.765528    0.117062    0.244927
   81.659736   35.744798    0.074614    0.156112
   81.661090   35.739614    0.071264    0.149103
   81.662445   35.734420    0.014269    0.029854
   81.667861   35.713599    0.164020    0.596201
   81.669216   35.708385    0.189914    0.839518
   81.671927   35.697950    0.177373    0.720994
   81.676006   35.682280    0.103427    0.216398
   81.677367   35.677049    0.106560    0.222953
   81.678725   35.671812    0.150963    0.471171
   81.680083   35.666570    0.134004    0.311359
   81.681441   35.661325    0.116334    0.243403
   81.682799   35.656075    0.113385    0.237232
   81.684158   35.650823    0.014603    0.030554
   81.685517   35.645568    0.001779    0.003722
   81.689596   35.629806    0.486265    3.623280
   81.690956   35.624558    0.162971    0.581672
   81.692315   35.619312    0.243979    1.343469
   81.693674   35.614067    0.079602    0.166550
   81.695030   35.608826    0.186127    0.798687
   81.696384   35.603588    0.025467    0.053283
   81.699090   35.593109    0.291478    1.788934
   81.704507   35.572107    0.307245    1.936166
   81.705862   35.566863    0.323679    2.090492
   81.707217   35.561621    0.076793    0.160672
   81.708572   35.556380    0.273640    1.619215
   81.709927   35.551138    0.205413    0.977109
   81.711280   35.545892    0.367339    2.500128
   81.712632   35.540643    0.291957    1.790709
   81.716690   35.524856    0.202047    0.944082
   81.718044   35.519577    0.322833    2.080082
   81.719398   35.514293    0.316112    2.016581
   81.720753   35.509005    0.233088    1.235267
   81.722106   35.503713    0.272289    1.603773
   81.723459   35.498421    0.247412    1.369474
   81.724813   35.493128    0.216813    1.081345
   81.726167   35.487839    0.303112    1.892916
   81.727525   35.482564    0.253919    1.429866
   81.728885   35.477296    0.285913    1.730567
   81.730245   35.472027    0.405601    2.856243
   81.731606   35.466754    0.261950    1.504597
   81.732966   35.461463    0.469809    3.459717
   81.734326   35.456160    0.391970    2.727184
   81.735685   35.450851    0.280407    1.677404
   81.737043   35.445537    0.263559    1.518638
   81.738398   35.440222    0.252358    1.412986
   81.741106   35.429588    0.249945    1.389744
   81.742459   35.424271    0.161578    0.558170
   81.743815   35.418955    0.339046    2.227396
   81.745172   35.413641    0.310515    1.958723
   81.749235   35.397734    0.204847    0.963848
   81.750585   35.392452    0.198477    0.903651
   81.753282   35.381882    0.225149    1.154019
   81.754631   35.376576    0.283501    1.702683
   81.755980   35.371257    0.268356    1.559935
   81.757328   35.365933    0.192325    0.844417
   81.758677   35.360603    0.228168    1.181324
   81.760024   35.355272    0.176109    0.691318
   81.761372   35.349939    0.362237    2.442018
   81.762719   35.344606    0.286296    1.727339
   81.764068   35.339273    0.231369    1.210351
   81.765418   35.333948    0.233244    1.227713
   81.766769   35.328626    0.263096    1.508272
   81.768121   35.323300    0.170812    0.639850
   81.769474   35.317968    0.236787    1.260221
   81.770827   35.312618    0.237061    1.262532
   81.772180   35.307256    0.142033    0.368291
   81.773534   35.301886    0.223803    1.137259
   81.776243   35.291122    0.200981    0.922013
   81.777599   35.285731    0.162226    0.557158
   81.778955   35.280341    0.254711    1.426922
   81.780311   35.274957    0.133611    0.287416
   81.783021   35.264248    0.247128    1.354762
   81.784376   35.258904    0.266483    1.536563
   81.785730   35.253559    0.280709    1.670118
   81.789790   35.237460    0.211485    1.018085
   81.791141   35.232083    0.205130    0.958030
   81.792490   35.226702    0.235231    1.240922
   81.793837   35.221319    0.207029    0.975350
   81.795184   35.215935    0.233036    1.219732
   81.797879   35.205177    0.213199    1.032571
   81.799229   35.199806    0.264838    1.518080
   81.800580   35.194436    0.161538    0.546031
   81.801930   35.189066    0.167274    0.599722
   81.803282   35.183696    0.026360    0.055152
   81.805984   35.172950    0.178390    0.703467
   81.807335   35.167571    0.247240    1.350896
   81.808685   35.162182    0.212827    1.026885
   81.810034   35.156786    0.164216    0.569314
   81.811384   35.151384    0.378877    2.588425
   81.812734   35.145976    0.265380    1.520444
   81.814085   35.140560    0.287051    1.724043
   81.815437   35.135138    0.311519    1.953949
   81.816790   35.129713    0.222401    1.115309
   81.818144   35.124287    0.243168    1.310401
   81.820859   35.113452    0.245638    1.333097
   81.823575   35.102616    0.251969    1.392113
   81.824930   35.097188    0.218292    1.075035
   81.826284   35.091755    0.260676    1.473479
   81.827637   35.086322    0.234600    1.227911
   81.831690   35.070041    0.203955    0.938807
   81.833039   35.064623    0.141003    0.346328
   81.834388   35.059209    0.231526    1.197637
   81.835738   35.053802    0.183324    0.743918
   81.837088   35.048400    0.183366    0.744046
   81.843815   35.021374    0.406049    2.837553
   81.845156   35.015960    0.243056    1.303959
   81.846498   35.010539    0.208526    0.978857
   81.847841   35.005114    0.262197    1.483489
   81.849185   34.999685    0.269167    1.548790
   81.850530   34.994255    0.259546    1.458010
   81.851877   34.988827    0.324805    2.071656
   81.853226   34.983398    0.329761    2.118009
   81.854576   34.977968    0.202634    0.921812
   81.855926   34.972533    0.179930    0.707965
   81.857277   34.967095    0.219700    1.081824
   81.859980   34.956201    0.242477    1.295554
   81.862682   34.945277    0.236546    1.239216
   81.864033   34.939801    0.254194    1.404970
   81.865384   34.934319    0.187289    0.775304
   81.866735   34.928831    0.155185    0.473019
   81.873492   34.901353    0.213987    1.024841
   81.878891   34.879492    0.222108    1.100162
   81.881585   34.868538    0.150077    0.421996
   81.882930   34.863054    0.241263    1.279550
   81.885608   34.852053    0.251620    1.376439
   81.886946   34.846550    0.220528    1.083680
   81.888283   34.841051    0.236848    1.236942
   81.889626   34.835571    0.177101    0.674614
   81.890971   34.830103    0.167341    0.582529
   81.892316   34.824638    0.222748    1.103492
   81.893663   34.819171    0.301405    1.843181
   81.895007   34.813693    0.218227    1.060423
   81.896351   34.808206    0.139841    0.322757
   81.897696   34.802714    0.127445    0.266649
   81.899040   34.797217    0.396066    2.732614
   81.900385   34.791712    0.150787    0.424924
   81.901730   34.786201    0.162690    0.536627
   81.903077   34.780689    0.216684    1.044301
   81.904423   34.775177    0.269464    1.540550
   81.907118   34.764175    0.233564    1.202290
   81.909814   34.753173    0.260105    1.451423
   81.911162   34.747662    0.301001    1.835884
   81.912510   34.742144    0.239019    1.252525
   81.913859   34.736617    0.231564    1.182124
   81.915207   34.731083    0.080623    0.168685
   81.917906   34.719980    0.280107    1.637973
   81.919255   34.714417    0.200574    0.889516
   81.920604   34.708850    0.000000    0.000000
   81.923301   34.697699    0.120384    0.251876
   81.924649   34.692130    0.013217    0.027654
   81.925995   34.686574    0.079950    0.167277
   81.927339   34.681061    0.170799    0.607792
   81.928682   34.675573    0.138284    0.301641
   81.930024   34.670090    0.227342    1.139178
   81.931365   34.664605    0.189987    0.787497
   81.932709   34.659090    0.158750    0.493373
   81.934052   34.653555    0.265183    1.494356
   81.935396   34.648010    0.267939    1.520010
   81.936738   34.642457    0.201879    0.898298
   81.938078   34.636897    0.150185    0.411727
   81.944769   34.609084    0.193670    0.819465
   81.946110   34.603528    0.202908    0.906098
   81.947452   34.597972    0.228902    1.150365
   81.950141   34.586852    0.199714    0.875249
   81.951487   34.581285    0.236756    1.223447
   81.952833   34.575712    0.149271    0.400175
   81.954177   34.570126    0.115366    0.241378
   81.960907   34.542120    0.208832    0.958868
   81.963607   34.530909    0.215670    1.022653
   81.966305   34.519705    0.163710    0.533316
   81.967653   34.514103    0.218208    1.045725
   81.968999   34.508500    0.229835    1.154831
   81.970344   34.502894    0.232980    1.184149
   81.973028   34.491674    0.172671    0.616268
   81.974368   34.486064    0.220938    1.070061
   81.977042   34.474838    0.240705    1.255479
   81.978378   34.469226    0.187600    0.755632
   81.979713   34.463618    0.126712    0.265117
   81.981050   34.458021    0.263847    1.472383
   81.983727   34.446840    0.138122    0.289112
   81.985066   34.441248    0.337611    2.165497
   81.986407   34.435649    0.165303    0.544269
   81.989091   34.424430    0.217097    1.030977
   81.991772   34.413171    0.177438    0.657356
   81.993111   34.407521    0.243520    1.278746
   81.994450   34.401868    0.210265    0.965636
   81.995789   34.396215    0.282358    1.643574
   81.998470   34.384942    0.163648    0.526289
   81.999812   34.379310    0.264490    1.474673
   82.001155   34.373677    0.158758    0.479754
   82.002501   34.368038    0.187240    0.747424
   82.003848   34.362393    0.178488    0.664816
   82.005195   34.356743    0.286517    1.680818
   82.006542   34.351087    0.159193    0.482767
   82.007886   34.345422    0.225391    1.105239
   82.009229   34.339750    0.174568    0.626867
   82.011911   34.328397    0.117548    0.245943
   82.013251   34.322721    0.135749    0.284025
   82.014590   34.317046    0.277459    1.593718
   82.015930   34.311372    0.329353    2.081634
   82.017269   34.305702    0.161443    0.501777
   82.019949   34.294384    0.175250    0.631134
   82.022628   34.283067    0.099066    0.207274
   82.025308   34.271718    0.202513    0.886527
   82.026647   34.266035    0.238186    1.221849
   82.029323   34.254651    0.117195    0.245204
   82.030660   34.248952    0.117188    0.245190
   82.031996   34.243252    0.211774    0.972330
   82.033333   34.237555    0.112296    0.234955
   82.034669   34.231869    0.164500    0.527080
   82.036006   34.226191    0.159984    0.484328
   82.040018   34.209174    0.190030    0.766191
   82.042698   34.197832    0.175608    0.629988
   82.044038   34.192151    0.284839    1.657299
   82.045379   34.186447    0.134099    0.280572
   82.046721   34.180728    0.139059    0.290950
   82.048062   34.175002    0.226495    1.107646
   82.049403   34.169272    0.289736    1.702307
   82.050743   34.163544    0.165203    0.530523
   82.052082   34.157819    0.348844    2.257826
   82.053421   34.152095    0.147681    0.365157
   82.054759   34.146372    0.158668    0.468252
   82.056098   34.140658    0.227708    1.117464
   82.058775   34.129235    0.163761    0.515366
   82.060113   34.123521    0.187368    0.737183
   82.061450   34.117798    0.317952    1.965370
   82.062787   34.112068    0.086747    0.181500
   82.064123   34.106335    0.223261    1.074047
   82.065459   34.100600    0.123285    0.257946
   82.066795   34.094866    0.250305    1.327928
   82.068132   34.089131    0.242199    1.251412
   82.069469   34.083395    0.240260    1.232906
   82.070806   34.077654    0.177515    0.642381
   82.072144   34.071907    0.203939    0.890690
   82.073482   34.066155    0.187502    0.735801
   82.076159   34.054648    0.224636    1.084603
   82.080171   34.037415    0.179614    0.660275
   82.082844   34.025923    0.204374    0.892669
   82.084180   34.020171    0.218664    1.026838
   82.085516   34.014417    0.219540    1.034818
   82.088185   34.002911    0.171562    0.582942
   82.089519   33.997159    0.208778    0.932780
   82.090853   33.991407    0.206491    0.911006
   82.092187   33.985655    0.184251    0.701526
   82.093521   33.979904    0.145273    0.334583
   82.094855   33.974152    0.138436    0.289646
   82.097523   33.962634    0.144344    0.325051
   82.098858   33.956859    0.212368    0.964710
   82.100193   33.951073    0.086125    0.180197
   82.101529   33.945282    0.197348    0.822887
   82.102865   33.939486    0.143335    0.314505
   82.104203   33.933688    0.210319    0.944382
   82.105542   33.927889    0.171479    0.578732
   82.108221   33.916285    0.206112    0.904011
   82.109559   33.910484    0.206764    0.909876
   82.110895   33.904682    0.143076    0.310478
   82.113566   33.893070    0.169791    0.561270
   82.114901   33.887253    0.211769    0.955908
   82.116235   33.881430    0.257383    1.384742
   82.117569   33.875606    0.205719    0.898459
   82.118902   33.869782    0.208116    0.920744
   82.120235   33.863963    0.225615    1.085105
   82.121568   33.858147    0.140417    0.293790
   82.122900   33.852334    0.231947    1.144140
   82.124232   33.846523    0.230264    1.128048
   82.125565   33.840718    0.179400    0.649290
   82.128229   33.829111    0.194816    0.793782
   82.129561   33.823306    0.250832    1.320479
   82.130894   33.817492    0.205753    0.896149
   82.132227   33.811674    0.254191    1.351553
   82.133560   33.805851    0.256474    1.372766
   82.134893   33.800026    0.221519    1.043673
   82.136225   33.794199    0.235886    1.178558
   82.137557   33.788370    0.170450    0.562718
   82.138888   33.782540    0.242641    1.241586
   82.141553   33.770877    0.200974    0.849084
   82.142886   33.765045    0.147175    0.342708
   82.144220   33.759211    0.161531    0.477502
   82.146887   33.747538    0.159124    0.454330
   82.148220   33.741698    0.161627    0.477613
   82.149553   33.735854    0.246317    1.274058
   82.150886   33.730003    0.172754    0.581758
   82.153548   33.718264    0.145634    0.326101
   82.154879   33.712387    0.006079    0.012718
   82.156209   33.706510    0.009982    0.020884
   82.158869   33.694782    0.100559    0.210397
   82.160199   33.688922    0.081160    0.169810
   82.161529   33.683059    0.294467    1.724649
   82.162860   33.677190    0.157317    0.434170
   82.165524   33.665438    0.161703    0.474904
   82.166857   33.659557    0.208731    0.917048
   82.168189   33.653668    0.334437    2.099341
   82.169521   33.647776    0.311602    1.884257
   82.170852   33.641881    0.223912    1.059062
   82.172185   33.635986    0.282968    1.614358
   82.173518   33.630093    0.198793    0.822231
   82.174851   33.624201    0.181772    0.661844
   82.176185   33.618311    0.212753    0.953029
   82.178851   33.606535    0.226978    1.086328
   82.180185   33.600650    0.197441    0.808194
   82.181517   33.594765    0.155492    0.413308
   82.182849   33.588877    0.149850    0.359964
   82.184180   33.582984    0.229118    1.105406
   82.185511   33.577086    0.248157    1.284243
   82.186840   33.571185    0.245073    1.254975
   82.188169   33.565281    0.212274    0.946152
   82.192154   33.547563    0.146191    0.323703
   82.193481   33.541653    0.132478    0.277180
   82.194809   33.535745    0.211829    0.940651
   82.196138   33.529834    0.175845    0.601882
   82.197467   33.523918    0.156019    0.415107
   82.198797   33.517995    0.118748    0.248453
   82.200131   33.512054    0.159713    0.449329
   82.201466   33.506101    0.315088    1.910725
   82.202801   33.500143    0.301050    1.778402
   82.204136   33.494184    0.250405    1.301705
   82.205467   33.488237    0.308192    1.845059
   82.206795   33.482295    0.250798    1.304875
   82.208123   33.476352    0.279750    1.576971
   82.209451   33.470407    0.053448    0.111828
   82.212108   33.458486    0.300959    1.775701
   82.213437   33.452520    0.271257    1.496021
   82.214766   33.446554    0.134022    0.280412
   82.216096   33.440597    0.211524    0.933565
   82.217426   33.434645    0.189845    0.729362
   82.218756   33.428693    0.194541    0.773271
   82.221415   33.416778    0.176802    0.605868
   82.222743   33.410812    0.131451    0.275032
   82.224072   33.404844    0.147792    0.332435
   82.225400   33.398875    0.246976    1.265235
   82.226728   33.392907    0.274729    1.526049
   82.228057   33.386939    0.307822    1.837101
   82.229386   33.380973    0.133454    0.279223
   82.232040   33.369058    0.284486    1.616787
   82.233366   33.363112    0.306250    1.821261
   82.234691   33.357164    0.189621    0.723832
   82.236015   33.351213    0.300538    1.767003
   82.237338   33.345246    0.275494    1.531145
   82.238660   33.339270    0.194632    0.770195
   82.239982   33.333285    0.268255    1.462528
   82.241305   33.327296    0.239425    1.191064
   82.243957   33.315301    0.213378    0.945512
   82.245284   33.309299    0.211962    0.931925
   82.246611   33.303295    0.286118    1.629281
   82.247938   33.297291    0.255110    1.337315
   82.249265   33.291288    0.273646    1.511431
   82.250592   33.285283    0.281387    1.583998
   82.251919   33.279278    0.253378    1.320243
   82.253248   33.273276    0.227323    1.074879
   82.257236   33.255257    0.252053    1.306747
   82.258564   33.249233    0.212584    0.935190
   82.259891   33.243201    0.252009    1.305809
   82.261218   33.237164    0.208323    0.894580
   82.262545   33.231126    0.243370    1.224019
   82.265197   33.219055    0.195015    0.768607
   82.266523   33.213021    0.219414    0.997884
   82.267848   33.206990    0.173443    0.565160
   82.271822   33.188922    0.204662    0.858070
   82.273146   33.182901    0.177638    0.603583
   82.274468   33.176877    0.209462    0.902705
   82.275790   33.170850    0.214062    0.945722
   82.277111   33.164823    0.236804    1.159409
   82.278432   33.158798    0.343735    2.165083
   82.279753   33.152781    0.198186    0.795598
   82.281075   33.146767    0.356168    2.281528
   82.282397   33.140749    0.228516    1.080408
   82.283720   33.134725    0.038975    0.081545
   82.286367   33.122621    0.279641    1.560576
   82.287692   33.116558    0.323895    1.976634
   82.289016   33.110491    0.270236    1.471584
   82.290340   33.104435    0.212837    0.931357
   82.291665   33.098382    0.236400    1.152758
   82.292989   33.092327    0.168886    0.517375
   82.294313   33.086266    0.196039    0.772553
   82.296964   33.074102    0.104342    0.218312
   82.298289   33.068010    0.163735    0.467885
   82.299614   33.061916    0.224598    1.040182
   82.300937   33.055827    0.141429    0.295909
   82.302260   33.049742    0.204352    0.849200
   82.303582   33.043656    0.222718    1.021717
   82.304903   33.037568    0.239900    1.183099
   82.306225   33.031480    0.220308    0.998533
   82.307547   33.025389    0.195516    0.765044
   82.308868   33.019293    0.178236    0.602225
   82.310190   33.013192    0.116602    0.243964
   82.311513   33.007075    0.217741    0.973347
   82.312836   33.000949    0.141055    0.295126
   82.315483   32.988692    0.070523    0.147554
   82.319448   32.970348    0.081433    0.170380
   82.320770   32.964242    0.170907    0.530945
   82.322094   32.958142    0.248647    1.262016
   82.323418   32.952045    0.236870    1.150962
   82.324743   32.945949    0.179189    0.608082
   82.326066   32.939851    0.179026    0.606287
   82.327388   32.933745    0.231377    1.098516
   82.328708   32.927635    0.251801    1.290397
   82.330027   32.921522    0.240047    1.179557
   82.331345   32.915409    0.200939    0.811401
   82.332661   32.909298    0.199399    0.796659
   82.335290   32.897077    0.264345    1.407113
   82.336606   32.890962    0.235847    1.138760
   82.339246   32.878719    0.438454    3.044236
   82.340568   32.872590    0.234540    1.125695
   82.341890   32.866456    0.211362    0.907386
   82.343211   32.860314    0.170014    0.518151
   82.344531   32.854166    0.185009    0.658964
   82.345851   32.848013    0.214155    0.932885
   82.347172   32.841856    0.184270    0.651487
   82.348494   32.835695    0.161157    0.433799
   82.349818   32.829530    0.159568    0.418591
   82.351141   32.823364    0.292609    1.669892
   82.355110   32.804862    0.355269    2.258578
   82.356432   32.798693    0.186708    0.672609
   82.357753   32.792521    0.210072    0.892148
   82.360391   32.780149    0.330223    2.021929
   82.361710   32.773959    0.239650    1.169621
   82.363027   32.767768    0.148127    0.309923
   82.364345   32.761583    0.143638    0.300531
   82.365662   32.755402    0.171594    0.528615
   82.368296   32.743047    0.196027    0.757944
   82.369611   32.736871    0.177286    0.581386
   82.373556   32.718348    0.219721    0.979812
   82.374873   32.712179    0.272135    1.472634
   82.377510   32.699839    0.215627    0.940528
   82.378829   32.693659    0.135977    0.284500
   82.380146   32.687462    0.182175    0.625311
   82.382781   32.675034    0.183228    0.634704
   82.384098   32.668808    0.236570    1.136248
   82.385415   32.662569    0.224122    1.018882
   82.386732   32.656325    0.235409    1.124803
   82.388050   32.650081    0.264360    1.396897
   82.390686   32.637621    0.207778    0.864096
   82.394640   32.619001    0.034620    0.072436
   82.395958   32.612782    0.065372    0.136777
   82.397277   32.606555    0.063413    0.132677
   82.401230   32.587836    0.241737    1.181495
   82.402546   32.581582    0.173832    0.542430
   82.403862   32.575327    0.304353    1.770017
   82.405178   32.569069    0.211365    0.894992
   82.409131   32.550322    0.243126    1.193003
   82.410448   32.544071    0.238882    1.152824
   82.411765   32.537812    0.295872    1.688690
   82.413081   32.531548    0.197984    0.767561
   82.414396   32.525280    0.156136    0.373623
   82.415712   32.519008    0.250060    1.256935
   82.417028   32.512734    0.232907    1.095320
   82.419659   32.500177    0.269109    1.435363
   82.423609   32.481337    0.357191    2.263208
   82.426243   32.468788    0.199054    0.775037
   82.428872   32.456287    0.263599    1.381718
   82.432813   32.437503    0.232572    1.089064
   82.435441   32.424898    0.272529    1.464439
   82.436755   32.418587    0.248489    1.238023
   82.438068   32.412280    0.135062    0.282588
   82.439382   32.405976    0.263034    1.374339
   82.440697   32.399671    0.190961    0.696061
   82.442011   32.393365    0.171333    0.511159
   82.443327   32.387059    0.270176    1.440747
   82.444644   32.380752    0.226744    1.031920
   82.445962   32.374441    0.276113    1.496094
   82.447279   32.368126    0.234077    1.100393
   82.449911   32.355472    0.314035    1.852077
   82.451226   32.349137    0.269300    1.430976
   82.452541   32.342799    0.323938    1.944725
   82.453854   32.336457    0.219971    0.966413
   82.455168   32.330113    0.282796    1.557178
   82.456481   32.323768    0.212785    0.898302
   82.457794   32.317424    0.225714    1.019681
   82.459107   32.311088    0.281127    1.540712
   82.460420   32.304756    0.235241    1.108790
   82.461733   32.298423    0.282784    1.555789
   82.463047   32.292089    0.225762    1.019109
   82.464360   32.285748    0.207971    0.851493
   82.465673   32.279402    0.184132    0.626977
   82.466985   32.273055    0.222429    0.986990
   82.468297   32.266707    0.261476    1.354063
   82.469608   32.260363    0.207653    0.847481
   82.470917   32.254021    0.163892    0.435549
   82.472226   32.247679    0.187102    0.653641
   82.473535   32.241336    0.234675    1.100926
   82.476154   32.228641    0.341349    2.103940
   82.477464   32.222294    0.223168    0.991911
   82.478773   32.215949    0.341359    2.103523
   82.482702   32.196963    0.262634    1.362171
   82.484011   32.190625    0.332304    2.017330
   82.485319   32.184263    0.279185    1.517366
   82.487934   32.171493    0.226955    1.025505
   82.489243   32.165093    0.238994    1.138508
   82.490554   32.158686    0.220991    0.968893
   82.491867   32.152273    0.262686    1.360880
   82.494496   32.139441    0.256953    1.306440
   82.495809   32.133034    0.174101    0.526761
   82.497123   32.126631    0.127905    0.267612
   82.499751   32.113815    0.095423    0.199652
   82.501065   32.107387    0.177738    0.559956
   82.502380   32.100948    0.288704    1.603598
   82.503695   32.094505    0.206028    0.825584
   82.505008   32.088060    0.260917    1.341690
   82.506321   32.081617    0.163244    0.422585
   82.507632   32.075176    0.251098    1.248805
   82.508942   32.068742    0.242445    1.167148
   82.510250   32.062315    0.236050    1.106733
   82.511557   32.055912    0.303008    1.736380
   82.512862   32.049521    0.227592    1.026663
   82.514167   32.043135    0.464919    3.259025
   82.515471   32.036750    0.282922    1.546665
   82.516777   32.030352    0.348839    2.166515
   82.518083   32.023947    0.262100    1.350275
   82.519389   32.017536    0.284862    1.564158
   82.520696   32.011121    0.331088    1.998767
   82.522003   32.004700    0.306199    1.764374
   82.523311   31.998275    0.372011    2.383237
   82.524618   31.991845    0.216324    0.918382
   82.525926   31.985410    0.242458    1.163979
   82.527232   31.978970    0.341493    2.095381
   82.528537   31.972527    0.379449    2.452188
   82.531149   31.959631    0.331951    2.004854
   82.532458   31.953185    0.265725    1.381591
   82.533768   31.946739    0.315810    1.852498
   82.535078   31.940288    0.240150    1.140491
   82.536389   31.933830    0.284703    1.559358
   82.537698   31.927356    0.293112    1.638216
   82.539006   31.920872    0.376681    2.424118
   82.540314   31.914381    0.363139    2.296469
   82.541622   31.907886    0.290421    1.612133
   82.544239   31.894895    0.257010    1.297311
   82.545548   31.888400    0.314188    1.834954
   82.546856   31.881906    0.270236    1.421231
   82.548165   31.875422    0.296245    1.665647
   82.550781   31.862462    0.297925    1.680947
   82.552087   31.855982    0.315047    1.841762
   82.553393   31.849493    0.304735    1.744506
   82.554697   31.842999    0.252685    1.254599
   82.556000   31.836503    0.279703    1.508507
   82.557304   31.830006    0.182686    0.595583
   82.558609   31.823510    0.416148    2.791587
   82.559914   31.817014    0.261196    1.333650
   82.562524   31.804030    0.383403    2.482788
   82.563826   31.797545    0.340059    2.074783
   82.565127   31.791064    0.249842    1.225824
   82.566428   31.784585    0.191553    0.677231
   82.567730   31.778108    0.363485    2.294397
   82.569034   31.771633    0.253587    1.260293
   82.570340   31.765159    0.284728    1.552998
   82.571646   31.758679    0.256937    1.291303
   82.574257   31.745681    0.269598    1.409902
   82.578165   31.726090    0.225865    0.997732
   82.579469   31.719555    0.309166    1.781125
   82.580773   31.713021    0.257374    1.293646
   82.582078   31.706485    0.220878    0.950053
   82.583383   31.699945    0.277384    1.481377
   82.584688   31.693401    0.321940    1.900274
   82.585994   31.686854    0.291633    1.614916
   82.587299   31.680302    0.169087    0.461825
   82.588605   31.673745    0.218528    0.926683
   82.589911   31.667183    0.304990    1.739805
   82.591218   31.660616    0.238458    1.113660
   82.592524   31.654042    0.303119    1.721695
   82.593830   31.647463    0.204918    0.797633
   82.595136   31.640872    0.158707    0.362651
   82.596441   31.634275    0.155176    0.329178
   82.597746   31.627677    0.339648    2.064317
   82.599052   31.621079    0.270252    1.411236
   82.600358   31.614491    0.335543    2.025188
   82.601664   31.607909    0.271442    1.421915
   82.602970   31.601332    0.244909    1.172058
   82.604274   31.594759    0.272392    1.430348
   82.605576   31.588194    0.278871    1.491042
   82.606875   31.581634    0.223468    0.969597
   82.609471   31.568515    0.213095    0.871511
   82.610769   31.561948    0.313600    1.816739
   82.612068   31.555376    0.199904    0.746914
   82.613367   31.548801    0.196658    0.716121
   82.614666   31.542222    0.293327    1.625267
   82.615965   31.535639    0.231909    1.047231
   82.617264   31.529053    0.358751    2.240225
   82.618563   31.522463    0.215330    0.890761
   82.621163   31.509264    0.127187    0.266110
   82.622464   31.502656    0.128768    0.269418
   82.623766   31.496042    0.227268    1.002055
   82.626371   31.482800    0.012298    0.025730
   82.627675   31.476173    0.130530    0.273104
   82.628979   31.469542    0.052761    0.110390
   82.630282   31.462910    0.129049    0.270006
   82.631584   31.456278    0.300262    1.687216
   82.632885   31.449646    0.251735    1.230449
   82.635488   31.436374    0.243858    1.155836
   82.636791   31.429730    0.226270    0.990132
   82.638095   31.423083    0.320319    1.874629
   82.639399   31.416432    0.235257    1.074161
   82.640702   31.409780    0.336593    2.027212
   82.642003   31.403124    0.212701    0.861464
   82.643302   31.396467    0.283057    1.523079
   82.645899   31.383155    0.336260    2.023069
   82.647197   31.376506    0.453810    3.128644
   82.648495   31.369861    0.335222    2.012800
   82.649793   31.363218    0.209216    0.827167
   82.651090   31.356575    0.260655    1.310818
   82.652388   31.349930    0.274428    1.440143
   82.653687   31.343284    0.248831    1.199094
   82.654985   31.336637    0.230299    1.024504
   82.656283   31.329988    0.304063    1.718177
   82.657581   31.323337    0.231576    1.036021
   82.658878   31.316684    0.330346    1.964938
   82.660175   31.310028    0.268806    1.385758
   82.661473   31.303367    0.307167    1.746382
   82.662772   31.296701    0.222396    0.948670
   82.664072   31.290029    0.308836    1.761591
   82.665372   31.283353    0.277496    1.466512
   82.667972   31.269982    0.248955    1.197519
   82.669272   31.263289    0.193187    0.672643
   82.670571   31.256590    0.275682    1.448449
   82.673172   31.243183    0.275192    1.443338
   82.674473   31.236476    0.286596    1.550371
   82.675774   31.229765    0.385694    2.482368
   82.677074   31.223049    0.353070    2.175222
   82.678375   31.216325    0.243448    1.143716
   82.679674   31.209597    0.178077    0.528504
   82.680973   31.202865    0.239119    1.102493
   82.682271   31.196133    0.081839    0.171229
   82.683568   31.189400    0.187192    0.613500
   82.684864   31.182668    0.390583    2.526622
   82.686160   31.175939    0.426043    2.859956
   82.687455   31.169213    0.184392    0.586414
   82.688749   31.162501    0.288992    1.570168
   82.690044   31.155795    0.172749    0.476387
   82.691339   31.149090    0.260617    1.302739
   82.692632   31.142383    0.153951    0.322108
   82.693925   31.135664    0.134970    0.282394
   82.695217   31.128937    0.234545    1.056728
   82.696510   31.122204    0.065273    0.136569
   82.697802   31.115466    0.172319    0.470846
   82.699096   31.108723    0.117058    0.244918
   82.700392   31.101975    0.189195    0.629104
   82.701687   31.095224    0.054669    0.114383
   82.702984   31.088469    0.153499    0.321162
   82.704280   31.081713    0.218892    0.907727
   82.705576   31.074954    0.253247    1.230672
   82.706873   31.068193    0.087554    0.183186
   82.708169   31.061428    0.235291    1.061253
   82.709467   31.054659    0.174685    0.490863
   82.710764   31.047886    0.128688    0.269251
   82.712061   31.041111    0.153459    0.321078
   82.713359   31.034336    0.208672    0.809840
   82.714655   31.027564    0.170284    0.448464
   82.715951   31.020793    0.138043    0.288824
   82.717246   31.014020    0.156111    0.326628
   82.718541   31.007246    0.176996    0.510863
   82.719835   31.000464    0.050341    0.105327
