Converting ICESat/GLAS binary freeboard vector data to ASCII
Wed Feb 12 09:58:16 2014

write_fb:
  file_in:       laser3k0122002.dat
  laser_period:  3k
  track:         0122
  cycle:         002
  file_out:      laser3k0122002.txt
  non_zero_only:        0
  nan_replace:       -999

read_fb:
  Year:                  2008
  Month:                   10
  Day:                     17
  Hour:                    12
  Minute:                  57
  Doy:                    291
  record_count:          1723
  non_zero_count:        1717
  nan_count:                0

    Latitude   Longitude   Freeboard   Thickness
   85.469713  245.111130    0.324572    1.151008
   85.470453  245.093841    0.435342    2.193179
   85.471194  245.076515    0.261031    0.563209
   85.471935  245.059169    0.289852    0.824733
   85.472676  245.041807    0.247663    0.534366
   85.473415  245.024432    0.160288    0.345843
   85.474891  244.989661    0.095124    0.205244
   85.478574  244.902688    0.231555    0.499612
   85.479309  244.885274    0.228238    0.492455
   85.480044  244.867837    0.161464    0.348380
   85.480778  244.850399    0.249960    0.539322
   85.481511  244.832968    0.440271    2.241300
   85.482244  244.815559    0.427845    2.124528
   85.482975  244.798190    0.260873    0.562869
   85.483706  244.780830    0.219137    0.472817
   85.484437  244.763470    0.333837    1.240511
   85.485167  244.746098    0.256423    0.553267
   85.485899  244.728699    0.277539    0.711132
   85.486631  244.711293    0.170242    0.367321
   85.487362  244.693879    0.067283    0.145172
   85.488091  244.676460    0.236902    0.511149
   85.488819  244.659039    0.465542    2.480204
   85.489545  244.641614    0.619112    3.925005
   85.490271  244.624189    0.375450    1.632909
   85.490997  244.606768    0.403083    1.892982
   85.491723  244.589355    0.384091    1.714432
   85.492449  244.571938    0.375961    1.638068
   85.493176  244.554512    0.387652    1.748163
   85.493902  244.537069    0.153185    0.330517
   85.494630  244.519600    0.038215    0.082455
   85.495358  244.502116    0.096792    0.208842
   85.496812  244.467108    0.149610    0.322805
   85.497537  244.449588    0.083731    0.180661
   85.498262  244.432055    0.102317    0.220764
   85.498987  244.414509    0.135187    0.291685
   85.499710  244.396948    0.175637    0.378960
   85.500434  244.379365    0.210052    0.453216
   85.501157  244.361776    0.426382    2.113805
   85.501879  244.344186    0.440775    2.249316
   85.502601  244.326604    0.314808    1.064424
   85.503322  244.309041    0.329019    1.198222
   85.504042  244.291482    0.350436    1.399822
   85.504761  244.273928    0.285511    0.789169
   85.505480  244.256377    0.351132    1.406603
   85.506198  244.238829    0.258334    0.557392
   85.506915  244.221280    0.427362    2.123954
   85.507632  244.203726    0.275597    0.696372
   85.508348  244.186161    0.328709    1.196124
   85.509064  244.168577    0.366762    1.554222
   85.509779  244.150988    0.360414    1.494625
   85.510494  244.133398    0.607472    3.818895
   85.511209  244.115815    0.408491    1.947129
   85.511924  244.098251    0.339830    1.301327
   85.512638  244.080684    0.313784    1.056421
   85.513353  244.063107    0.286830    0.802980
   85.514067  244.045514    0.220033    0.474751
   85.514782  244.027891    0.399464    1.862795
   85.515497  244.010253    0.368133    1.568175
   85.516211  243.992600    0.341799    1.320555
   85.516924  243.974929    0.351963    1.416288
   85.518348  243.939543    0.268323    0.629696
   85.519059  243.921840    0.335138    1.258361
   85.519771  243.904140    0.696870    4.661419
   85.520483  243.886449    0.330096    1.211165
   85.521908  243.851061    0.329274    1.203668
   85.522619  243.833357    0.296302    0.893605
   85.523330  243.815641    0.268441    0.631621
   85.524040  243.797917    0.395579    1.827773
   85.524749  243.780187    0.398610    1.856404
   85.525458  243.762450    0.570470    3.473263
   85.526164  243.744709    0.505751    2.864551
   85.526870  243.726962    0.568381    3.453850
   85.527575  243.709211    0.354281    1.439853
   85.528280  243.691459    0.288226    0.818569
   85.528984  243.673706    0.283210    0.771499
   85.529688  243.655949    0.421224    2.069957
   85.530391  243.638185    0.480574    2.628402
   85.531095  243.620409    0.368870    1.577683
   85.531799  243.602619    0.286394    0.801917
   85.532502  243.584822    0.141173    0.304599
   85.535311  243.513668    0.125756    0.271336
   85.536012  243.495881    0.298352    0.915111
   85.536713  243.478082    0.265948    0.610399
   85.537413  243.460265    0.204390    0.441000
   85.538114  243.442439    0.410485    1.970336
   85.538814  243.424608    0.108502    0.234108
   85.539514  243.406773    0.229878    0.495994
   85.540214  243.388940    0.289608    0.833559
   85.540914  243.371104    0.411782    1.983007
   85.541612  243.353265    0.213529    0.460718
   85.542310  243.335429    0.431269    2.166567
   85.543005  243.317597    0.130244    0.281018
   85.543701  243.299760    0.134172    0.289494
   85.545091  243.264050    0.001570    0.003388
   85.545788  243.246163    0.196083    0.423075
   85.546485  243.228264    0.239808    0.517419
   85.549959  243.138707    0.122325    0.263932
   85.550651  243.120781    0.163473    0.352715
   85.553416  243.048979    0.177264    0.382471
   85.554106  243.030980    0.211900    0.457204
   85.554796  243.012977    0.193579    0.417673
   85.555485  242.994973    0.072133    0.155637
   85.558230  242.923138    0.253040    0.545968
   85.558915  242.905191    0.027051    0.058365
   85.559600  242.887238    0.242033    0.522219
   85.560285  242.869276    0.237388    0.512198
   85.560970  242.851305    0.266935    0.623757
   85.561655  242.833315    0.163721    0.353249
   85.562339  242.815299    0.259175    0.559205
   85.563023  242.797272    0.187237    0.403989
   85.563707  242.779236    0.492821    2.749208
   85.564392  242.761198    0.190261    0.410515
   85.565076  242.743164    0.163679    0.353160
   85.565761  242.725124    0.155370    0.335232
   85.566445  242.707077    0.176994    0.381889
   85.569181  242.634757    0.245256    0.529173
   85.569863  242.616672    0.317809    1.103855
   85.570546  242.598599    0.287929    0.822876
   85.571227  242.580526    0.329978    1.218568
   85.571907  242.562447    0.287509    0.819160
   85.572586  242.544356    0.327945    1.199670
   85.573263  242.526248    0.314226    1.070727
   85.573939  242.508131    0.329944    1.218705
   85.574615  242.490009    0.262983    0.588895
   85.575290  242.471884    0.225524    0.486600
   85.575965  242.453760    0.229956    0.496162
   85.576639  242.435635    0.274243    0.695173
   85.577313  242.417507    0.145240    0.313374
   85.577987  242.399380    0.323846    1.162036
   85.578660  242.381258    0.326598    1.188037
   85.579333  242.363128    0.193760    0.418065
   85.580005  242.344987    0.276904    0.720780
   85.580677  242.326825    0.187454    0.404458
   85.581348  242.308633    0.248182    0.535488
   85.582019  242.290428    0.366250    1.561638
   85.582690  242.272214    0.370233    1.599226
   85.583360  242.253997    0.418678    2.055081
   85.584032  242.235784    0.449417    2.344367
   85.584703  242.217568    0.388744    1.773712
   85.585374  242.199350    0.295112    0.892999
   85.586045  242.181130    0.251344    0.542309
   85.586716  242.162909    0.286936    0.816320
   85.587386  242.144684    0.243406    0.525182
   85.588056  242.126454    0.345480    1.367290
   85.588726  242.108217    0.490927    2.735680
   85.589394  242.089967    0.412937    2.002112
   85.590063  242.071713    0.450885    2.359224
   85.590730  242.053456    0.207210    0.447084
   85.591397  242.035200    0.281923    0.769973
   85.592727  241.998697    0.226277    0.488224
   85.593392  241.980445    0.413279    2.006028
   85.594057  241.962193    0.432168    2.183836
   85.594723  241.943946    0.482655    2.658900
   85.595388  241.925693    0.432242    2.184768
   85.596053  241.907434    0.558873    3.376144
   85.596718  241.889163    0.387930    1.768141
   85.597381  241.870877    0.423224    2.100281
   85.598043  241.852579    0.260893    0.573288
   85.598704  241.834268    0.363756    1.541073
   85.599364  241.815939    0.452819    2.379040
   85.600022  241.797590    0.268613    0.646266
   85.600679  241.779229    0.322334    1.151754
   85.601336  241.760859    0.354672    1.456086
   85.601993  241.742483    0.465068    2.494734
   85.602652  241.724103    0.413172    2.006640
   85.603311  241.705721    0.318980    1.120660
   85.603969  241.687336    0.331495    1.238508
   85.604628  241.668955    0.556738    3.357568
   85.605286  241.650579    0.324823    1.175983
   85.605944  241.632202    0.383325    1.726441
   85.606601  241.613826    0.350952    1.422019
   85.607257  241.595448    0.519750    3.010072
   85.607911  241.577069    0.388157    1.772246
   85.608564  241.558685    0.488769    2.718856
   85.609217  241.540291    0.357460    1.483697
   85.609870  241.521883    0.391940    1.808181
   85.610525  241.503450    0.351339    1.426347
   85.611179  241.485012    0.356452    1.474570
   85.611833  241.466574    0.379997    1.696181
   85.612486  241.448145    0.476445    2.603616
   85.613139  241.429738    0.395107    1.838553
   85.613791  241.411334    0.415645    2.031881
   85.614442  241.392930    0.350609    1.420176
   85.615093  241.374520    0.663853    4.367090
   85.615744  241.356097    0.432886    2.194422
   85.616394  241.337670    0.408027    1.960673
   85.617043  241.319238    0.366346    1.568684
   85.617691  241.300807    0.321696    1.148765
   85.618985  241.263945    0.453813    2.391862
   85.619632  241.245502    0.347293    1.389915
   85.620278  241.227044    0.360321    1.512586
   85.620923  241.208568    0.334319    1.268091
   85.621568  241.190075    0.373576    1.637513
   85.622214  241.171566    0.505240    2.876237
   85.622859  241.153038    0.483480    2.671647
   85.623506  241.134488    0.386533    1.759751
   85.624152  241.115922    0.347789    1.395390
   85.624798  241.097343    0.328916    1.217963
   85.625442  241.078750    0.337543    1.299237
   85.626084  241.060147    0.370378    1.608238
   85.626725  241.041537    0.421219    2.086638
   85.627365  241.022924    0.551768    3.314869
   85.628005  241.004313    0.442061    2.282940
   85.628645  240.985708    0.385629    1.752178
   85.629286  240.967106    0.385335    1.749530
   85.629926  240.948504    0.384780    1.744426
   85.630566  240.929904    0.377228    1.673493
   85.631207  240.911303    0.475210    2.595363
   85.631848  240.892705    0.500271    2.831230
   85.632488  240.874112    0.450875    2.366661
   85.633126  240.855530    0.395130    1.842365
   85.633763  240.836966    0.481769    2.657523
   85.634398  240.818403    0.484001    2.678637
   85.635033  240.799838    0.376236    1.664970
   85.635667  240.781262    0.423468    2.109418
   85.636301  240.762667    0.408040    1.964395
   85.636934  240.744064    0.410248    1.985288
   85.637567  240.725454    0.458169    2.436213
   85.638200  240.706837    0.294819    0.899638
   85.638835  240.688217    0.323344    1.168099
   85.639470  240.669590    0.504579    2.873146
   85.640104  240.650957    0.436291    2.230855
   85.640738  240.632321    0.328165    1.213801
   85.641371  240.613681    0.441580    2.280845
   85.642003  240.595032    0.475156    2.596821
   85.642634  240.576370    0.421642    2.093510
   85.643265  240.557689    0.434720    2.216664
   85.643895  240.538981    0.454833    2.405986
   85.644524  240.520260    0.340247    1.328154
   85.645152  240.501532    0.502805    2.857507
   85.645780  240.482801    0.472234    2.570030
   85.646407  240.464075    0.493875    2.773729
   85.647033  240.445346    0.330785    1.239604
   85.647660  240.426615    0.347096    1.393168
   85.648286  240.407885    0.114890    0.247890
   85.648912  240.389157    0.116521    0.251411
   85.652652  240.276576    0.633551    4.088866
   85.653273  240.257782    0.515270    2.976273
   85.653896  240.238990    0.281863    0.780649
   85.654518  240.220195    0.132868    0.286682
   85.655141  240.201394    0.224929    0.485315
   85.657634  240.126129    0.200820    0.433296
   85.658255  240.107312    0.229660    0.495523
   85.658873  240.088504    0.210480    0.454138
   85.660721  240.032081    0.519898    3.021183
   85.661337  240.013268    0.480156    2.647430
   85.661951  239.994451    0.543879    3.247007
   85.662566  239.975629    0.377167    1.678805
   85.663182  239.956798    0.450340    2.367281
   85.663798  239.937957    0.356473    1.484366
   85.664414  239.919109    0.456712    2.427457
   85.665030  239.900255    0.417328    2.057077
   85.665645  239.881399    0.369912    1.611133
   85.666259  239.862544    0.396499    1.861357
   85.666872  239.843679    0.470787    2.560329
   85.667484  239.824796    0.304431    0.995474
   85.668096  239.805888    0.333216    1.266375
   85.668707  239.786943    0.416623    2.051133
   85.669318  239.767979    0.434817    2.222399
   85.669929  239.749002    0.446202    2.329617
   85.670539  239.730013    0.562362    3.422490
   85.671148  239.711019    0.407603    1.966732
   85.671757  239.692021    0.376517    1.674418
   85.672366  239.673024    0.421232    2.095174
   85.672974  239.654038    0.556956    3.372093
   85.673583  239.635070    0.481913    2.666258
   85.674191  239.616106    0.409184    1.982186
   85.674798  239.597141    0.401388    1.908957
   85.675405  239.578169    0.513534    2.964066
   85.676617  239.540194    0.411479    2.004230
   85.677222  239.521208    0.474671    2.598818
   85.677825  239.502232    0.276180    0.731658
   85.678427  239.483271    0.301310    0.968183
   85.679029  239.464314    0.445459    2.324353
   85.679630  239.445356    0.615861    3.927497
   85.680231  239.426398    0.440431    2.277278
   85.680833  239.407434    0.428510    2.165254
   85.681435  239.388463    0.399891    1.896137
   85.682036  239.369481    0.391020    1.812800
   85.682639  239.350480    0.345336    1.383148
   85.684445  239.293375    0.513435    2.964856
   85.685046  239.274337    0.352426    1.450305
   85.685644  239.255313    0.426614    2.148328
   85.686242  239.236283    0.372451    1.638916
   85.686840  239.217244    0.435525    2.232386
   79.594019  147.904744    0.078906    0.170250
   79.592593  147.901355    0.149730    0.323063
   79.591167  147.897971    0.158251    0.341449
   79.589741  147.894590    0.136738    0.295030
   79.588314  147.891210    0.153386    0.330950
   79.586886  147.887828    0.205616    0.749035
   79.585456  147.884443    0.153388    0.330956
   79.584026  147.881058    0.167201    0.387798
   79.582595  147.877672    0.149122    0.321751
   79.581164  147.874285    0.139692    0.301404
   79.579733  147.870896    0.132525    0.285941
   79.578302  147.867509    0.136121    0.293699
   79.576871  147.864124    0.136189    0.293847
   79.575439  147.860746    0.144820    0.312470
   79.574006  147.857375    0.186127    0.566346
   79.572574  147.854008    0.193722    0.637868
   79.571141  147.850642    0.093541    0.201828
   79.569707  147.847276    0.156514    0.337701
   79.568271  147.843907    0.112114    0.241901
   79.566836  147.840538    0.164878    0.366804
   79.565402  147.837169    0.143420    0.309449
   79.563969  147.833800    0.117935    0.254460
   79.559682  147.823691    0.208159    0.774327
   79.558255  147.820323    0.168675    0.402962
   79.556827  147.816955    0.172392    0.438000
   79.555400  147.813588    0.134800    0.290849
   79.553974  147.810223    0.133011    0.286990
   79.552548  147.806859    0.187553    0.580841
   79.551123  147.803498    0.164619    0.365162
   79.548273  147.796779    0.131257    0.283204
   79.546847  147.793420    0.120540    0.260081
   79.545420  147.790062    0.145015    0.312889
   79.543993  147.786703    0.148317    0.320015
   79.542565  147.783344    0.147845    0.318995
   79.541136  147.779983    0.052075    0.112360
   79.539707  147.776617    0.002258    0.004873
   79.538277  147.773252    0.041255    0.089014
   79.532560  147.759817    0.063690    0.137420
   79.531131  147.756464    0.114935    0.247987
   79.529702  147.753111    0.164076    0.361139
   79.528270  147.749755    0.179189    0.503381
   79.525407  147.743049    0.144195    0.311121
   79.523975  147.739701    0.074206    0.160110
   79.516821  147.722996    0.098880    0.213348
   79.515390  147.719651    0.152508    0.329056
   79.513960  147.716307    0.152860    0.329817
   79.512528  147.712961    0.181583    0.526693
   79.511094  147.709616    0.184310    0.552424
   79.509661  147.706272    0.153948    0.332165
   79.508228  147.702930    0.110702    0.238854
   79.506795  147.699593    0.152804    0.329696
   79.505365  147.696264    0.230387    0.986176
   79.503934  147.692936    0.178742    0.500406
   79.502505  147.689609    0.168154    0.400865
   79.501076  147.686276    0.078829    0.170085
   79.499648  147.682936    0.149442    0.322441
   79.498221  147.679596    0.190251    0.608958
   79.496793  147.676258    0.121061    0.261206
   79.495366  147.672926    0.096231    0.207633
   79.493938  147.669604    0.213961    0.832220
   79.491082  147.662968    0.092012    0.198529
   79.489654  147.659651    0.180891    0.521341
   79.488227  147.656333    0.194032    0.645031
   79.486800  147.653016    0.219116    0.881075
   79.485373  147.649699    0.127892    0.275944
   79.483945  147.646385    0.102052    0.220192
   79.482515  147.643073    0.209057    0.786669
   79.481085  147.639761    0.225090    0.937563
   79.479653  147.636448    0.146606    0.316321
   79.478221  147.633131    0.150715    0.325187
   79.476786  147.629810    0.047697    0.102913
   79.473917  147.623166    0.162768    0.351649
   79.472483  147.619845    0.117464    0.253445
   79.471050  147.616526    0.088611    0.191190
   79.468184  147.609893    0.163683    0.360546
   79.465316  147.603267    0.140687    0.303552
   79.463882  147.599956    0.182187    0.534844
   79.462448  147.596645    0.141529    0.305368
   79.461014  147.593332    0.144426    0.311619
   79.459581  147.590016    0.187531    0.585328
   79.456717  147.583386    0.126747    0.273475
   79.455288  147.580075    0.131652    0.284058
   79.453864  147.576767    0.162062    0.349670
   79.452440  147.573462    0.067557    0.145763
   79.451016  147.570159    0.152890    0.329880
   79.449591  147.566858    0.111795    0.241214
   79.448164  147.563557    0.150593    0.324926
   79.446736  147.560259    0.048072    0.103722
   79.445307  147.556961    0.121711    0.262608
   79.443878  147.553665    0.203447    0.735866
   79.442447  147.550371    0.078210    0.168750
   79.441017  147.547077    0.194908    0.655683
   79.438155  147.540489    0.096354    0.207897
   79.436725  147.537193    0.152700    0.329470
   79.435295  147.533896    0.235461    1.037466
   79.432432  147.527302    0.073415    0.158403
   79.430998  147.524003    0.107196    0.231290
   79.428129  147.517411    0.134117    0.289376
   79.426694  147.514120    0.134044    0.289218
   79.425259  147.510833    0.179647    0.512914
   79.423825  147.507550    0.092930    0.200509
   79.418086  147.494451    0.109107    0.235412
   79.416651  147.491180    0.108994    0.235170
   79.415217  147.487902    0.176880    0.487397
   79.413782  147.484615    0.062550    0.134960
   79.412348  147.481326    0.124557    0.268750
   79.410913  147.478037    0.159700    0.344575
   79.409479  147.474750    0.136404    0.294311
   79.408045  147.471468    0.045575    0.098335
   79.406610  147.468188    0.181785    0.533981
   79.400874  147.455094    0.226790    0.957651
   79.399440  147.451824    0.159557    0.344266
   79.398008  147.448554    0.131463    0.283649
   79.396578  147.445280    0.090337    0.194915
   79.395148  147.442008    0.098715    0.212992
   79.393718  147.438736    0.082494    0.177992
   79.392288  147.435467    0.129004    0.278344
   79.390858  147.432202    0.070453    0.152012
   79.389427  147.428939    0.115589    0.249398
   79.387997  147.425678    0.153952    0.332173
   79.386566  147.422420    0.139630    0.301271
   79.385136  147.419165    0.127738    0.275612
   79.383706  147.415912    0.129518    0.279452
   79.382275  147.412659    0.148124    0.319599
   79.380843  147.409409    0.166246    0.389101
   79.377975  147.402909    0.069143    0.149185
   79.376541  147.399655    0.130944    0.282530
   79.375107  147.396393    0.055329    0.119380
   79.373674  147.393119    0.109871    0.237062
   79.372240  147.389842    0.197694    0.685376
   79.370807  147.386565    0.087443    0.188671
   79.369373  147.383292    0.081459    0.175760
   79.367939  147.380028    0.060278    0.130058
   79.366505  147.376767    0.136036    0.293517
   79.365070  147.373508    0.081770    0.176430
   79.363635  147.370250    0.134464    0.290125
   79.362198  147.366993    0.035217    0.075986
   79.360761  147.363736    0.129714    0.279877
   79.357890  147.357227    0.142151    0.306711
   79.356457  147.353974    0.096236    0.207642
   79.355025  147.350721    0.063870    0.137809
   79.353593  147.347471    0.146790    0.316719
   79.352159  147.344223    0.113544    0.244987
   79.350724  147.340979    0.147375    0.317982
   79.349289  147.337737    0.084089    0.181433
   79.347853  147.334494    0.088680    0.191339
   79.346417  147.331249    0.100157    0.216102
   79.344981  147.327999    0.138628    0.299109
   79.343545  147.324750    0.086624    0.186904
   79.342110  147.321503    0.041426    0.089382
   79.340675  147.318263    0.112537    0.242813
   79.339240  147.315033    0.157907    0.340706
   79.337806  147.311804    0.083241    0.179603
   79.336372  147.308577    0.193264    0.645503
   79.334938  147.305348    0.160941    0.347253
   79.333505  147.302113    0.107941    0.232898
   79.332071  147.298878    0.201466    0.722874
   79.330638  147.295642    0.157051    0.338859
   79.329205  147.292407    0.198580    0.695867
   79.327770  147.289172    0.145733    0.314439
   79.326336  147.285937    0.130203    0.280930
   79.324902  147.282704    0.164340    0.373983
   79.323469  147.279475    0.207066    0.775985
   79.320605  147.273025    0.229878    0.990732
   79.319172  147.269800    0.185429    0.572653
   79.317737  147.266572    0.151784    0.327494
   79.316299  147.263339    0.139931    0.301921
   79.314861  147.260104    0.163311    0.364800
   79.313422  147.256869    0.168687    0.415444
   79.311983  147.253634    0.187542    0.592900
   79.310544  147.250400    0.202873    0.737191
   79.309106  147.247167    0.191350    0.628863
   79.306231  147.240713    0.197548    0.687316
   79.304795  147.237497    0.110462    0.238336
   79.300488  147.227854    0.211729    0.821006
   79.299053  147.224631    0.278698    1.451078
   79.297618  147.221408    0.183669    0.557186
   79.294750  147.214972    0.130897    0.282429
   79.293319  147.211765    0.221864    0.916714
   79.291887  147.208561    0.183623    0.557038
   79.290456  147.205357    0.206918    0.776255
   79.289025  147.202150    0.262748    1.301537
   79.286162  147.195725    0.178630    0.510356
   79.281853  147.186120    0.264321    1.316696
   79.280412  147.182931    0.245469    1.139415
   79.278971  147.179741    0.276479    1.431214
   79.277532  147.176548    0.287064    1.530862
   79.276095  147.173346    0.199132    0.703725
   79.274660  147.170143    0.313269    1.777522
   79.273225  147.166940    0.272655    1.395526
   79.271789  147.163739    0.194097    0.656580
   79.270352  147.160541    0.223660    0.934756
   79.268915  147.157345    0.299745    1.650587
   79.267478  147.154148    0.337687    2.007599
   79.266041  147.150948    0.232178    1.015112
   79.264604  147.147744    0.050835    0.109683
   79.263167  147.144540    0.186132    0.582082
   79.258856  147.134945    0.287299    1.534007
   79.257419  147.131753    0.169641    0.427234
   79.255983  147.128563    0.253727    1.218334
   79.254547  147.125374    0.285647    1.518687
   79.253112  147.122185    0.335717    1.989788
   79.251677  147.118998    0.268026    1.353059
   79.250242  147.115811    0.282081    1.485355
   79.248807  147.112627    0.256244    1.242373
   79.247371  147.109445    0.261629    1.293097
   79.245936  147.106264    0.272784    1.398115
   79.244500  147.103085    0.264978    1.324751
   79.243064  147.099907    0.290415    1.564115
   79.241629  147.096732    0.269458    1.367038
   79.240194  147.093557    0.220512    0.906659
   79.238758  147.090383    0.232576    1.020221
   79.237324  147.087211    0.143785    0.310235
   79.235890  147.084040    0.198123    0.696251
   79.230154  147.071343    0.312857    1.775884
   79.175569  146.951191    0.243801    1.128992
   79.174132  146.948036    0.222515    0.928823
   79.172694  146.944877    0.261558    1.296185
   79.171255  146.941717    0.191671    0.638805
   79.169815  146.938558    0.237271    1.067852
   79.168375  146.935402    0.237320    1.068387
   79.166932  146.932252    0.206113    0.774879
   79.165489  146.929103    0.163293    0.372132
   79.164047  146.925955    0.236682    1.062591
   79.162605  146.922805    0.215886    0.867033
   79.159724  146.916499    0.100336    0.216488
   79.156844  146.910206    0.192590    0.648163
   79.155404  146.907070    0.263932    1.319374
   79.153965  146.903939    0.155393    0.335282
   79.148207  146.891434    0.216854    0.876843
   79.145330  146.885191    0.269297    1.370338
   79.142456  146.878955    0.299526    1.654850
   79.138148  146.869588    0.211206    0.824209
   79.136713  146.866461    0.205672    0.772218
   79.135278  146.863335    0.225844    0.962055
   79.125234  146.841481    0.136722    0.294997
   79.123794  146.838358    0.252364    1.212108
   79.122353  146.835233    0.257112    1.256848
   79.120912  146.832104    0.163433    0.375646
   79.119471  146.828976    0.212409    0.836449
   79.118029  146.825849    0.229427    0.996618
   79.116586  146.822727    0.226279    0.967071
   79.115144  146.819611    0.185022    0.579028
   79.113701  146.816498    0.219088    0.899566
   79.112258  146.813387    0.300956    1.669801
   79.110815  146.810277    0.230396    1.006091
   79.109373  146.807170    0.202073    0.739715
   79.107931  146.804063    0.233481    1.035256
   79.106490  146.800957    0.242314    1.118414
   79.105050  146.797851    0.066331    0.143119
   79.103613  146.794744    0.151328    0.326512
   79.097871  146.782330    0.238714    1.084974
   79.096435  146.779232    0.150375    0.324454
   79.093563  146.773043    0.205294    0.770795
   79.092126  146.769953    0.133031    0.287033
   79.090688  146.766865    0.112032    0.241725
   79.089249  146.763778    0.136681    0.294907
   79.073424  146.729664    0.140063    0.302204
   79.067652  146.717308    0.175549    0.492254
   79.020135  146.615771    0.203201    0.754743
   79.018695  146.612697    0.218980    0.903250
   79.017253  146.609623    0.109160    0.235527
   79.015810  146.606550    0.122319    0.263920
   79.007144  146.588233    0.175092    0.490960
   79.005701  146.585183    0.134322    0.289818
   79.002817  146.579083    0.202564    0.749604
   79.001375  146.576031    0.120121    0.259177
   78.999933  146.572979    0.162347    0.371419
   78.998491  146.569928    0.255442    1.247260
   78.997049  146.566879    0.226054    0.970870
   78.995608  146.563832    0.268753    1.372629
   78.994168  146.560790    0.200846    0.733872
   78.992728  146.557750    0.255083    1.244168
   78.991289  146.554710    0.177869    0.517869
   78.989852  146.551671    0.137083    0.295774
   78.988415  146.548631    0.255283    1.246265
   78.986979  146.545591    0.204941    0.772758
   78.984105  146.539506    0.146998    0.317168
   78.982665  146.536460    0.179122    0.530083
   78.981225  146.533412    0.135092    0.291480
   78.979784  146.530363    0.195215    0.681618
   78.976902  146.524260    0.153011    0.330142
   78.975460  146.521207    0.183670    0.573222
   78.974018  146.518154    0.257608    1.268851
   78.972576  146.515101    0.266490    1.352483
   78.971134  146.512048    0.332875    1.977057
   78.969692  146.508997    0.201905    0.745054
   78.968249  146.505949    0.227097    0.982118
   78.963916  146.496827    0.246553    1.165359
   78.962471  146.493794    0.303379    1.700009
   78.961028  146.490767    0.268928    1.375992
   78.958144  146.484729    0.257263    1.266390
   78.956702  146.481710    0.243654    1.138433
   78.955260  146.478685    0.270539    1.391420
   78.953818  146.475652    0.345038    2.092331
   78.952376  146.472618    0.254785    1.243361
   78.950934  146.469584    0.307694    1.741162
   78.949492  146.466555    0.258446    1.277944
   78.948049  146.463533    0.238856    1.093722
   78.946607  146.460514    0.258617    1.279688
   78.945165  146.457496    0.239216    1.097250
   78.940840  146.448449    0.200568    0.733884
   78.939399  146.445433    0.256295    1.258196
   78.937957  146.442415    0.317360    1.832726
   78.936514  146.439393    0.289790    1.573435
   78.933628  146.433351    0.258847    1.282483
   78.932185  146.430335    0.253127    1.228747
   78.930742  146.427326    0.266071    1.350585
   78.929299  146.424318    0.258402    1.278511
   78.927857  146.421309    0.274199    1.427185
   78.926414  146.418293    0.239016    1.096273
   78.924971  146.415267    0.213409    0.855450
   78.923529  146.412241    0.301713    1.686230
   78.922086  146.409215    0.219855    0.916231
   78.920643  146.406193    0.190165    0.636996
   78.919199  146.403180    0.199829    0.727978
   78.916312  146.397165    0.182293    0.563157
   78.914869  146.394160    0.237064    1.078473
   78.913426  146.391158    0.208099    0.806061
   78.911984  146.388158    0.228848    1.001322
   78.910541  146.385161    0.202750    0.755882
   78.909100  146.382170    0.236838    1.076630
   78.907659  146.379186    0.181996    0.560786
   78.901901  146.367242    0.151625    0.327152
   78.900462  146.364248    0.000000    0.000000
   78.897584  146.358259    0.257704    1.273480
   78.896142  146.355266    0.166385    0.414485
   78.893255  146.349281    0.300996    1.680952
   78.887473  146.337322    0.186676    0.605794
   78.886027  146.334328    0.182847    0.569839
   78.877343  146.316326    0.307944    1.747097
   78.875897  146.313327    0.183359    0.575151
   78.873010  146.307342    0.205440    0.783012
   78.871568  146.304354    0.242568    1.132362
   78.867241  146.295396    0.190496    0.642713
   78.865798  146.292411    0.141006    0.304240
   78.834050  146.227012    0.199647    0.730417
   78.832605  146.224041    0.209251    0.820833
   78.831161  146.221070    0.167319    0.426439
   78.829716  146.218103    0.188067    0.621688
   78.828270  146.215140    0.187837    0.619598
   78.825378  146.209229    0.250108    1.205547
   78.823931  146.206275    0.300242    1.677243
   78.822485  146.203319    0.192108    0.660055
   78.821038  146.200359    0.212706    0.853904
   78.816700  146.191474    0.201397    0.747726
   78.813812  146.185549    0.126199    0.272292
   78.812368  146.182589    0.181143    0.557396
   78.809480  146.176677    0.189488    0.636045
   78.808036  146.173726    0.305408    1.726615
   78.806592  146.170777    0.171719    0.469023
   78.805149  146.167829    0.257846    1.279327
   78.803708  146.164882    0.211884    0.847018
   78.802266  146.161938    0.182181    0.567657
   78.800824  146.158995    0.206634    0.797769
   78.799381  146.156055    0.210318    0.832493
   78.797936  146.153118    0.180909    0.555903
   78.796490  146.150183    0.207141    0.802743
   78.795045  146.147250    0.228337    1.002212
   78.793599  146.144317    0.219641    0.920483
   78.792153  146.141384    0.158755    0.347770
   78.790707  146.138451    0.247988    1.187288
   78.789262  146.135517    0.241835    1.129473
   78.787815  146.132581    0.209674    0.826997
   78.786369  146.129643    0.258995    1.291046
   78.784922  146.126701    0.308037    1.752474
   78.783475  146.123757    0.205184    0.784970
   78.782029  146.120808    0.223244    0.954940
   78.780581  146.117852    0.295810    1.637660
   78.779134  146.114896    0.281475    1.502875
   78.777687  146.111939    0.218751    0.912881
   78.776238  146.108986    0.193987    0.679991
   78.774790  146.106038    0.262969    1.329001
   78.770446  146.097220    0.276345    1.455044
   78.769000  146.094292    0.201324    0.749368
   78.767555  146.091368    0.228533    1.005398
   78.766111  146.088446    0.196392    0.703109
   78.764668  146.085524    0.229821    1.017654
   78.761786  146.079678    0.249350    1.201513
   78.760345  146.076757    0.242371    1.135928
   78.758903  146.073839    0.252199    1.228460
   78.757461  146.070924    0.234219    1.059387
   78.756018  146.068010    0.241487    1.127826
   78.754574  146.065096    0.323801    1.902252
   78.753130  146.062181    0.213415    0.863888
   78.751685  146.059265    0.354473    2.190936
   78.750239  146.056347    0.189836    0.642209
   78.748792  146.053428    0.326333    1.926355
   78.744451  146.044651    0.265586    1.355097
   78.743003  146.041724    0.209839    0.830732
   78.741555  146.038798    0.235693    1.074021
   78.740106  146.035874    0.260546    1.307892
   78.735758  146.027105    0.224654    0.970454
   78.734310  146.024179    0.232511    1.044435
   78.732861  146.021253    0.200101    0.739613
   78.729965  146.015409    0.235661    1.074270
   78.728517  146.012494    0.246192    1.173414
   78.727070  146.009580    0.262488    1.326781
   78.725623  146.006668    0.251734    1.225681
   78.724177  146.003756    0.203000    0.767295
   78.722733  146.000843    0.234166    1.060554
   78.721288  145.997930    0.308593    1.760789
   78.719844  145.995017    0.256228    1.268236
   78.718399  145.992105    0.243056    1.144396
   78.716953  145.989193    0.302415    1.702874
   78.715507  145.986282    0.232859    1.048607
   78.712614  145.980469    0.229818    1.020139
   78.711168  145.977570    0.330325    1.965707
   78.709722  145.974672    0.328129    1.945124
   78.708277  145.971775    0.251571    1.224985
   78.706831  145.968876    0.225207    0.977033
   78.705386  145.965974    0.257241    1.278465
   78.703940  145.963073    0.171197    0.469086
   78.702495  145.960173    0.249264    1.203556
   78.701048  145.957276    0.294376    1.628015
   78.699601  145.954383    0.255706    1.264297
   78.698153  145.951492    0.285750    1.547004
   78.696705  145.948601    0.237053    1.088959
   78.695256  145.945710    0.288227    1.570443
   78.693807  145.942816    0.259505    1.300314
   78.692357  145.939922    0.223666    0.963231
   78.690908  145.937025    0.271993    1.417936
   78.689459  145.934124    0.323073    1.898523
   78.688010  145.931218    0.322457    1.892802
   78.686562  145.928310    0.309846    1.774235
   78.685114  145.925404    0.277244    1.467604
   78.683665  145.922501    0.260502    1.310179
   78.682216  145.919605    0.197797    0.720360
   78.680767  145.916711    0.265212    1.354623
   78.677869  145.910928    0.276769    1.463482
   78.676420  145.908039    0.260222    1.307896
   78.674972  145.905150    0.332963    1.992266
   78.673524  145.902263    0.254444    1.253676
   78.672077  145.899375    0.216942    0.900954
   78.670633  145.896488    0.245457    1.169275
   78.669189  145.893601    0.272716    1.425774
   78.667745  145.890715    0.228972    1.014332
   78.666301  145.887831    0.267528    1.377109
   78.664857  145.884949    0.315097    1.824676
   78.663413  145.882068    0.361681    2.262975
   78.661968  145.879188    0.311277    1.788879
   78.660524  145.876307    0.278087    1.476722
   78.659080  145.873425    0.273356    1.432280
   78.657635  145.870543    0.237019    1.090514
   78.656189  145.867663    0.267952    1.381582
   78.654743  145.864785    0.254723    1.257200
   78.653296  145.861911    0.237676    1.096906
   78.651848  145.859038    0.181604    0.569489
   78.650400  145.856165    0.191530    0.662936
   78.648952  145.853290    0.299219    1.676073
   78.647504  145.850414    0.281656    1.510915
   78.646057  145.847537    0.205582    0.795333
   78.644609  145.844660    0.193367    0.680492
   78.643161  145.841785    0.261292    1.319553
   78.641712  145.838912    0.260211    1.309453
   78.640264  145.836040    0.276131    1.459290
   78.637367  145.830301    0.290966    1.598986
   78.635920  145.827435    0.294884    1.635910
   78.634473  145.824569    0.212799    0.863782
   78.633026  145.821706    0.265713    1.361635
   78.631578  145.818843    0.229626    1.022218
   78.630130  145.815983    0.279658    1.492955
   78.627233  145.810261    0.248397    1.199010
   78.625785  145.807398    0.307347    1.753641
   78.624337  145.804532    0.210401    0.841711
   78.622889  145.801664    0.315233    1.827965
   78.621441  145.798797    0.210315    0.841040
   78.619993  145.795931    0.233244    1.056806
   78.618546  145.793067    0.278393    1.481609
   78.617098  145.790203    0.254695    1.258744
   78.615650  145.787338    0.255496    1.266350
   78.614203  145.784468    0.294753    1.635727
   78.609862  145.775844    0.281847    1.514522
   78.608413  145.772979    0.257895    1.289272
   78.606964  145.770124    0.170243    0.464766
   78.605514  145.767273    0.232853    1.053831
   78.604064  145.764426    0.296021    1.648143
   78.602615  145.761581    0.272691    1.428734
   78.601166  145.758737    0.264941    1.355897
   78.599718  145.755894    0.187076    0.623464
   78.598270  145.753052    0.254040    1.253486
   78.596821  145.750210    0.251655    1.231120
   78.595372  145.747367    0.250469    1.220039
   78.593923  145.744523    0.185839    0.612104
   78.592474  145.741679    0.226921    0.998647
   78.591023  145.738831    0.270321    1.407001
   78.589573  145.735979    0.187107    0.624248
   78.588122  145.733127    0.233155    1.057507
   78.586670  145.730277    0.258653    1.297445
   78.585218  145.727430    0.174888    0.509505
   78.583767  145.724590    0.159898    0.368557
   78.580862  145.718914    0.270505    1.409219
   78.579410  145.716075    0.240106    1.123312
   78.577958  145.713233    0.252712    1.241969
   78.575056  145.707551    0.282881    1.525925
   78.573607  145.704713    0.260287    1.313445
   78.572160  145.701879    0.338716    2.051321
   78.570714  145.699046    0.293933    1.630104
   78.569269  145.696214    0.282766    1.525121
   78.567824  145.693380    0.319454    1.870328
   78.566379  145.690542    0.215410    0.891620
   78.564933  145.687705    0.279932    1.498663
   78.563488  145.684871    0.256007    1.273661
   78.562042  145.682044    0.206739    0.810258
   78.560595  145.679227    0.341496    2.078029
   78.559147  145.676411    0.237799    1.102585
   78.557699  145.673597    0.304488    1.730018
   78.556251  145.670778    0.294115    1.632512
   78.554802  145.667953    0.303667    1.722440
   78.553353  145.665125    0.269177    1.398043
   78.551902  145.662296    0.264887    1.357760
   78.550450  145.659465    0.241281    1.135757
   78.547541  145.653797    0.207164    0.814950
   78.546085  145.650966    0.207260    0.815920
   78.544631  145.648140    0.272542    1.430119
   78.543179  145.645321    0.270009    1.406360
   78.541727  145.642505    0.237124    1.097074
   78.540275  145.639690    0.224807    0.981272
   78.533016  145.625598    0.200337    0.751422
   78.531565  145.622776    0.174084    0.504527
   78.527213  145.614323    0.279327    1.494787
   78.525763  145.611514    0.222697    0.962119
   78.524313  145.608707    0.279902    1.500331
   78.522863  145.605902    0.313262    1.814225
   78.521414  145.603098    0.231565    1.045740
   78.519964  145.600295    0.251895    1.237065
   78.518515  145.597491    0.216003    0.899482
   78.517065  145.594685    0.098314    0.212126
   78.515616  145.591875    0.444423    3.048441
   78.512717  145.586240    0.225014    0.984523
   78.511268  145.583423    0.192170    0.675616
   78.501120  145.563795    0.173232    0.497942
   78.499669  145.560994    0.242581    1.150396
   78.492406  145.546965    0.192556    0.680144
   78.488046  145.538588    0.239905    1.125773
   78.466294  145.496691    0.180546    0.568386
   78.427130  145.421693    0.205615    0.806073
   78.412602  145.394005    0.163936    0.414671
   78.411151  145.391237    0.206994    0.819797
   78.409699  145.388467    0.184740    0.610519
   78.408247  145.385699    0.179857    0.564655
   78.406796  145.382933    0.174188    0.511394
   78.405346  145.380174    0.237768    1.109575
   78.403897  145.377424    0.183616    0.600222
   78.402447  145.374676    0.214133    0.887369
   78.400998  145.371931    0.165870    0.433415
   78.399548  145.369185    0.233488    1.069585
   78.398097  145.366438    0.254953    1.271582
   78.396645  145.363690    0.168635    0.459628
   78.395192  145.360940    0.215456    0.900164
   78.393739  145.358188    0.233162    1.066800
   78.392285  145.355433    0.155941    0.340424
   78.390830  145.352676    0.241720    1.147443
   78.389375  145.349919    0.203578    0.788695
   78.387920  145.347162    0.196995    0.726834
   78.386466  145.344407    0.182728    0.592691
   78.385012  145.341653    0.097745    0.210898
   78.383558  145.338898    0.198569    0.741848
   78.382104  145.336140    0.224194    0.982977
   78.380650  145.333379    0.236435    1.098203
   78.379196  145.330619    0.121400    0.261937
   78.377743  145.327862    0.227588    1.015118
   78.376290  145.325111    0.166184    0.437533
   78.374838  145.322370    0.272572    1.438437
   78.373386  145.319632    0.168120    0.455883
   78.371934  145.316896    0.202785    0.782059
   78.370482  145.314161    0.228194    1.021158
   78.369031  145.311426    0.217470    0.920342
   78.367580  145.308691    0.228763    1.026654
   78.366129  145.305955    0.248061    1.208263
   78.364678  145.303217    0.174104    0.512588
   78.363227  145.300476    0.247397    1.202156
   78.361777  145.297735    0.120738    0.260509
   78.360326  145.294992    0.146912    0.316982
   78.357425  145.289506    0.155741    0.340193
   78.355974  145.286764    0.153698    0.331625
   78.354523  145.284024    0.023717    0.051172
   78.353072  145.281290    0.267777    1.394354
   78.351619  145.278562    0.101391    0.218764
   78.348713  145.273111    0.170931    0.483497
   78.347259  145.270382    0.159338    0.374508
   78.345805  145.267649    0.272311    1.437349
   78.344351  145.264914    0.201656    0.772743
   78.342897  145.262178    0.179009    0.559768
   78.341443  145.259443    0.212334    0.873335
   78.339990  145.256709    0.103615    0.223563
   78.338536  145.253974    0.184768    0.614152
   78.337083  145.251239    0.183646    0.603662
   78.332722  145.243017    0.182334    0.591525
   78.331268  145.240278    0.130090    0.280687
   78.329814  145.237547    0.018447    0.039801
   78.328361  145.234827    0.045555    0.098291
   78.326907  145.232109    0.012763    0.027538
   78.323997  145.226666    0.244125    1.173230
   78.322542  145.223933    0.203691    0.792925
   78.321086  145.221196    0.186205    0.628501
   78.319629  145.218458    0.235958    1.096608
   78.318174  145.215718    0.182585    0.594585
   78.316719  145.212977    0.136191    0.293850
   78.315264  145.210237    0.192674    0.689635
   78.313809  145.207501    0.141921    0.306214
   78.312354  145.204772    0.217872    0.926810
   78.310898  145.202053    0.121756    0.262706
   78.306535  145.193919    0.163060    0.411450
   78.305084  145.191215    0.158033    0.364228
   78.303634  145.188511    0.196776    0.728766
   78.300733  145.183092    0.241853    1.152951
   78.299280  145.180369    0.175973    0.533263
   78.297826  145.177644    0.228816    1.030444
   78.294920  145.172202    0.179724    0.568756
   78.293469  145.169493    0.229973    1.041539
   78.292017  145.166786    0.000000    0.000000
   78.289111  145.161372    0.275832    1.473149
   78.287655  145.158659    0.166771    0.447245
   78.286198  145.155946    0.209677    0.850944
   78.284740  145.153232    0.257718    1.302956
   78.283283  145.150518    0.161690    0.399650
   78.281827  145.147804    0.191132    0.676695
   78.278914  145.142378    0.215146    0.902737
   78.277459  145.139666    0.231137    1.053239
   78.274547  145.134245    0.264875    1.370758
   78.273091  145.131539    0.249420    1.225442
   78.271635  145.128837    0.171598    0.493407
   78.270177  145.126142    0.203793    0.796342
   78.268720  145.123449    0.149355    0.322254
   78.267264  145.120758    0.171894    0.496401
   78.265808  145.118068    0.186674    0.635503
   78.264355  145.115376    0.138108    0.297987
   78.262903  145.112684    0.205334    0.811180
   78.261452  145.109991    0.154811    0.335965
   78.260001  145.107293    0.142551    0.307573
   78.258551  145.104590    0.168059    0.460728
   78.255650  145.099188    0.177608    0.550697
   78.254198  145.096494    0.199276    0.754602
   78.251289  145.091131    0.211955    0.874016
   78.249835  145.088453    0.050190    0.108291
   78.248380  145.085774    0.144642    0.312086
   78.246927  145.083094    0.224650    0.993648
   78.245474  145.080412    0.214945    0.902416
   78.244020  145.077726    0.213401    0.887958
   78.242567  145.075034    0.268701    1.408257
   78.241113  145.072332    0.101223    0.218403
   78.239659  145.069629    0.254802    1.277640
   78.238204  145.066924    0.215267    0.905788
   78.236747  145.064223    0.215491    0.907969
   78.235290  145.061526    0.276865    1.485399
   78.233832  145.058832    0.185053    0.621767
   78.232373  145.056140    0.253412    1.264903
   78.230913  145.053453    0.182053    0.593679
   78.229453  145.050771    0.228624    1.031853
   78.227994  145.048091    0.129989    0.280469
   78.226534  145.045412    0.295161    1.657932
   78.225075  145.042731    0.281261    1.527233
   78.220701  145.034680    0.144102    0.310921
   78.219245  145.032001    0.127546    0.275199
   78.217790  145.029327    0.160930    0.395581
   78.210528  145.015955    0.199943    0.762934
   78.209078  145.013281    0.132334    0.285528
   78.207627  145.010610    0.217136    0.924815
   78.206176  145.007946    0.292126    1.630332
   78.204725  145.005283    0.144988    0.312832
   78.203273  145.002623    0.183712    0.610588
   78.201821  144.999965    0.219748    0.949657
   78.200368  144.997308    0.191105    0.680275
   78.198914  144.994651    0.232226    1.067175
   78.193095  144.983961    0.257807    1.308104
   78.191638  144.981277    0.292833    1.637676
   78.188725  144.975919    0.230384    1.050329
   78.187268  144.973243    0.286145    1.574966
   78.185811  144.970569    0.356527    2.237143
   78.184353  144.967897    0.318993    1.884113
   78.182896  144.965228    0.291420    1.624790
   78.181439  144.962559    0.327458    1.963884
   78.179981  144.959891    0.334738    2.032439
   78.178525  144.957221    0.292044    1.630868
   78.177069  144.954549    0.302934    1.733386
   78.175613  144.951877    0.283087    1.546749
   78.174157  144.949207    0.269224    1.416398
   78.172701  144.946542    0.298995    1.696533
   78.171244  144.943883    0.259281    1.322996
   78.169787  144.941227    0.262224    1.350752
   78.168331  144.938574    0.259545    1.325620
   78.166874  144.935921    0.264313    1.370547
   78.165419  144.933268    0.279113    1.509839
   78.163963  144.930616    0.312867    1.827448
   78.162507  144.927966    0.315194    1.849406
   78.159595  144.922671    0.184041    0.615742
   78.158139  144.920024    0.305376    1.757252
   78.156683  144.917376    0.275326    1.474627
   78.153772  144.912068    0.251195    1.247759
   78.152316  144.909411    0.220360    0.957747
   78.150861  144.906753    0.294609    1.656308
   78.149406  144.904097    0.316953    1.866569
   78.146495  144.898794    0.270280    1.427640
   78.145039  144.896144    0.313947    1.838501
   78.143583  144.893496    0.322215    1.916351
   78.142127  144.890848    0.324965    1.942283
   78.140670  144.888201    0.311001    1.810988
   78.139213  144.885553    0.277986    1.500479
   78.137756  144.882903    0.235623    1.102024
   78.136299  144.880249    0.407258    2.716721
   78.134842  144.877596    0.270372    1.429057
   78.133385  144.874945    0.319477    1.891073
   78.131928  144.872300    0.376908    2.431413
   78.130471  144.869665    0.416644    2.805289
   78.129014  144.867032    0.285166    1.568503
   78.126100  144.861765    0.340680    2.090880
   78.124644  144.859124    0.290414    1.618080
   78.123187  144.856482    0.228143    1.032342
   78.121729  144.853839    0.338717    2.072616
   78.120271  144.851197    0.228243    1.033419
   78.118813  144.848557    0.229804    1.048175
   78.115895  144.843280    0.420277    2.840153
   78.114436  144.840646    0.285133    1.568880
   78.111520  144.835390    0.133150    0.287289
   78.110063  144.832765    0.330084    1.991953
   78.108607  144.830142    0.309131    1.794912
   78.107152  144.827522    0.318040    1.878793
   78.105699  144.824902    0.235917    1.106306
   78.104245  144.822283    0.268977    1.417375
   78.102792  144.819663    0.267686    1.405304
   78.101337  144.817042    0.260276    1.335665
   78.099883  144.814420    0.287132    1.588376
   78.098429  144.811799    0.293790    1.651072
   78.096974  144.809177    0.319451    1.892545
   78.095519  144.806554    0.317108    1.870576
   78.094064  144.803931    0.376417    2.428579
   78.092609  144.801307    0.278692    1.509309
   78.091152  144.798679    0.359569    2.270215
   78.089695  144.796047    0.301969    1.728426
   78.088238  144.793415    0.220380    0.960953
   78.086780  144.790783    0.276563    1.489559
   78.085322  144.788154    0.358994    2.265075
   78.083863  144.785528    0.305660    1.763413
   78.082405  144.782903    0.231004    1.061169
   78.080946  144.780278    0.187444    0.651450
   78.079488  144.777651    0.337616    2.064238
   78.078029  144.775020    0.285034    1.569647
   78.075112  144.769761    0.172302    0.509283
   78.072195  144.764521    0.278919    1.512396
   78.070737  144.761906    0.227770    1.031291
   78.069279  144.759294    0.276292    1.487815
   78.067821  144.756681    0.283360    1.554377
   78.066364  144.754066    0.256622    1.302909
   78.064907  144.751452    0.273103    1.458018
   78.063450  144.748840    0.288069    1.598878
   78.060537  144.743629    0.267711    1.407498
   78.059081  144.741027    0.273878    1.465576
   78.057624  144.738426    0.293106    1.646531
   78.056167  144.735824    0.310433    1.809599
   78.054710  144.733220    0.292584    1.641755
   78.053253  144.730616    0.237283    1.121585
   78.051796  144.728011    0.285657    1.576724
   78.050339  144.725404    0.231331    1.065733
   78.048883  144.722795    0.268933    1.419536
   78.047427  144.720185    0.217019    0.931228
   78.045971  144.717576    0.291730    1.634123
   78.044513  144.714968    0.338698    2.076039
   78.043053  144.712362    0.283019    1.552311
   78.041593  144.709757    0.223492    0.992390
   78.040132  144.707150    0.276265    1.488916
   78.038671  144.704541    0.336128    2.052136
   78.037210  144.701928    0.320341    1.903690
   78.034288  144.696702    0.313296    1.837548
   78.032828  144.694091    0.308494    1.792437
   78.031368  144.691483    0.334615    2.038240
   78.029909  144.688877    0.283892    1.561133
   78.028449  144.686274    0.287186    1.592191
   78.026990  144.683674    0.301030    1.722493
   78.025530  144.681077    0.263826    1.372571
   78.024070  144.678483    0.300980    1.722163
   78.022611  144.675889    0.251486    1.256624
   78.021152  144.673293    0.238238    1.132059
   78.019694  144.670695    0.264126    1.375662
   78.018237  144.668099    0.322796    1.927661
   78.016781  144.665505    0.286906    1.590103
   78.015325  144.662915    0.331972    2.014116
   78.013870  144.660333    0.291639    1.634762
   78.012415  144.657754    0.222779    0.987041
   78.009506  144.652597    0.290129    1.620758
   78.008052  144.650015    0.305157    1.762194
   78.006597  144.647434    0.301904    1.731658
   78.003687  144.642278    0.272383    1.454084
   78.002231  144.639705    0.271933    1.449914
   78.000774  144.637133    0.223923    0.998340
   77.997858  144.631981    0.346801    2.154429
   77.996397  144.629396    0.227631    1.033422
   77.994936  144.626809    0.295270    1.669798
   77.993474  144.624220    0.246785    1.213745
   77.992012  144.621630    0.334081    2.035037
   77.990549  144.619039    0.248326    1.228379
   77.989085  144.616449    0.341251    2.102627
   77.987621  144.613858    0.278664    1.513916
   77.986157  144.611267    0.310396    1.812492
   77.984694  144.608675    0.345494    2.142744
   77.983230  144.606084    0.262761    1.364518
   77.981767  144.603496    0.178182    0.568915
   77.974458  144.590623    0.278977    1.517473
   77.971539  144.585464    0.318010    1.884800
   77.968622  144.580318    0.272394    1.455815
   77.967163  144.577758    0.342191    2.112487
   77.965705  144.575201    0.356979    2.251669
   77.964248  144.572646    0.315588    1.862359
   77.962791  144.570091    0.320092    1.904798
   77.961334  144.567536    0.321767    1.920617
   77.959878  144.564979    0.335492    2.049803
   77.958422  144.562419    0.351657    2.201938
   77.956966  144.559852    0.328276    1.982050
   77.955509  144.557274    0.346612    2.154614
   77.954052  144.554694    0.358454    2.266080
   77.952596  144.552112    0.309196    1.802761
   77.951139  144.549534    0.354899    2.232776
   77.948224  144.544389    0.372085    2.394584
   77.946766  144.541820    0.274114    1.473005
   77.945308  144.539253    0.382834    2.495846
   77.943849  144.536689    0.259714    1.337677
   77.940929  144.531563    0.375421    2.426312
   77.938009  144.526431    0.284639    1.572431
   77.936549  144.523864    0.313401    1.843071
   77.935088  144.521296    0.349250    2.180384
   77.930702  144.513597    0.212792    0.896882
   77.929240  144.511033    0.299544    1.713054
   77.926317  144.505920    0.331232    2.011292
   77.921937  144.498263    0.202629    0.801682
   77.911729  144.480393    0.305204    1.767117
   77.910272  144.477853    0.301256    1.730037
   77.907361  144.472792    0.328706    1.988405
   77.905906  144.470263    0.277686    1.508509
   77.904450  144.467732    0.232055    1.079314
   77.902992  144.465197    0.302696    1.743921
   77.901533  144.462659    0.205734    0.831839
   77.900074  144.460119    0.034478    0.074392
   77.885449  144.434633    0.211963    0.891189
   77.883983  144.432082    0.255313    1.299063
   77.882516  144.429532    0.267669    1.415368
   77.879585  144.424432    0.248898    1.238922
   77.878121  144.421885    0.203161    0.808726
   77.876658  144.419341    0.116110    0.250524
   77.875196  144.416805    0.166768    0.466490
   77.867905  144.404211    0.234903    1.107792
   77.866447  144.401700    0.173759    0.532663
   77.864990  144.399189    0.159415    0.397783
   77.863532  144.396677    0.045100    0.097310
   77.856240  144.384071    0.325285    1.958575
   77.854781  144.381541    0.238493    1.142164
   77.853321  144.379010    0.225279    1.017925
   77.851861  144.376481    0.134030    0.289187
   77.844550  144.363835    0.259476    1.340028
   77.843087  144.361302    0.232016    1.081770
   77.841623  144.358768    0.241079    1.167097
   77.840159  144.356234    0.268091    1.421268
   77.838694  144.353699    0.271829    1.456498
   77.837229  144.351166    0.269910    1.438521
   77.835764  144.348634    0.327260    1.978092
   77.834299  144.346108    0.186216    0.651308
   77.832834  144.343586    0.296228    1.686300
   77.831370  144.341068    0.264476    1.387662
   77.829906  144.338552    0.221988    0.988027
   77.828442  144.336040    0.124471    0.268564
   77.826979  144.333532    0.221860    0.986961
   77.825516  144.331024    0.339201    2.090891
   77.824054  144.328518    0.085932    0.185411
   77.816761  144.315967    0.161559    0.420158
   77.815304  144.313450    0.272319    1.462181
   77.813847  144.310933    0.221993    0.988815
   77.812390  144.308417    0.197202    0.755663
   77.810933  144.305907    0.226699    1.033216
   77.809476  144.303404    0.313306    1.848027
   77.808018  144.300904    0.263563    1.380137
   77.806560  144.298405    0.261897    1.364530
   77.805101  144.295906    0.173038    0.528677
   77.803641  144.293407    0.144132    0.310984
   77.802180  144.290907    0.146791    0.316721
   77.800719  144.288405    0.264201    1.386472
   77.799256  144.285897    0.272338    1.463089
   77.797792  144.283383    0.166786    0.470198
   77.796327  144.280867    0.235045    1.112396
   77.794862  144.278352    0.232544    1.088938
   77.793396  144.275841    0.187832    0.668382
   77.790463  144.270835    0.229156    1.057260
   77.786066  144.263335    0.253387    1.285417
   77.784602  144.260835    0.142941    0.308416
   77.781677  144.255835    0.246753    1.223207
   77.780216  144.253333    0.243399    1.191720
   77.778755  144.250831    0.270860    1.450121
   77.777296  144.248329    0.159343    0.401110
   77.775837  144.245830    0.203140    0.813189
   77.774378  144.243332    0.230743    1.072927
   77.772921  144.240837    0.282082    1.555957
   77.771463  144.238345    0.243061    1.188946
   77.770005  144.235859    0.212406    0.900630
   77.768547  144.233380    0.221580    0.986998
   77.761248  144.220965    0.187471    0.666458
   77.759786  144.218473    0.107049    0.230974
   77.758324  144.215978    0.126728    0.273433
   77.756862  144.213482    0.000000    0.000000
   77.752473  144.205994    0.242999    1.189231
   77.751007  144.203501    0.226405    1.033188
   77.749542  144.201009    0.162663    0.433616
   77.748076  144.198519    0.000000    0.000000
   77.746611  144.196033    0.256244    1.314094
   77.739292  144.183612    0.316602    1.882242
   77.737828  144.181122    0.255831    1.310607
   77.736363  144.178632    0.303977    1.763603
   77.734898  144.176141    0.177950    0.578093
   77.733433  144.173651    0.233306    1.098917
   77.731967  144.171163    0.203415    0.817786
   77.729035  144.166202    0.238533    1.148288
   77.727569  144.163737    0.366552    2.352667
   77.714408  144.141498    0.295373    1.683670
   77.712948  144.139025    0.283724    1.574148
   77.710028  144.134093    0.281824    1.556408
   77.705646  144.126710    0.240972    1.172304
   77.704184  144.124245    0.331961    2.028334
   77.702722  144.121779    0.291018    1.643236
   77.701259  144.119312    0.313341    1.853303
   77.699796  144.116841    0.316007    1.878446
   77.698332  144.114367    0.295786    1.688287
   77.696868  144.111892    0.377430    2.456414
   77.695403  144.109414    0.234296    1.109963
   77.693938  144.106932    0.310381    1.825795
   77.692471  144.104446    0.268284    1.429837
   77.691005  144.101962    0.172407    0.527960
   77.686604  144.094554    0.339046    2.095786
   77.685137  144.092102    0.205531    0.839834
   77.683670  144.089651    0.304931    1.774989
   77.682203  144.087196    0.330656    2.017066
   77.680736  144.084732    0.287043    1.606851
   77.673417  144.072426    0.221989    0.995203
   77.661743  144.052833    0.152522    0.342239
   77.660283  144.050389    0.211676    0.898780
   77.658823  144.047941    0.214659    0.926915
   77.655899  144.043026    0.281672    1.557459
   77.648571  144.030766    0.438625    3.034293
   77.647103  144.028321    0.397494    2.647432
   77.645635  144.025879    0.317032    1.890562
   77.644167  144.023436    0.257486    1.330459
   77.642700  144.020992    0.232314    1.093723
   77.639770  144.016085    0.241008    1.175641
   77.625124  143.991562    0.399790    2.670020
   77.623658  143.989128    0.454645    3.186120
   77.622193  143.986698    0.339119    2.099399
   77.620728  143.984270    0.327979    1.994659
   77.619264  143.981841    0.388865    2.567501
   77.617801  143.979408    0.341443    2.121457
   77.616338  143.976971    0.306910    1.796657
   77.614876  143.974532    0.326831    1.984128
   77.611950  143.969656    0.230391    1.077017
   77.610487  143.967220    0.318634    1.907208
   77.609023  143.964786    0.362087    2.316055
   77.607559  143.962351    0.328012    1.995565
   77.606095  143.959916    0.411401    2.780097
   77.604630  143.957481    0.384417    2.526314
   77.603165  143.955046    0.257659    1.333933
   77.600235  143.950168    0.381261    2.496822
   77.598769  143.947722    0.395070    2.626796
   77.597302  143.945276    0.410786    2.774713
   77.595836  143.942832    0.338267    2.092569
   77.594369  143.940395    0.371537    2.405613
   77.592903  143.937967    0.458039    3.219431
   77.589970  143.933121    0.354831    2.248655
   77.584098  143.923433    0.276747    1.514349
   77.582632  143.921011    0.309301    1.820664
   77.581167  143.918590    0.343312    2.140688
   77.569479  143.899257    0.376084    2.449504
   77.568013  143.896849    0.394137    2.619407
   77.566546  143.894442    0.366860    2.362863
   77.565080  143.892036    0.421105    2.873229
   77.563616  143.889631    0.422203    2.883628
   77.560687  143.884815    0.329468    2.011366
   77.559220  143.882398    0.260391    1.361603
   77.557751  143.879971    0.306237    1.792965
   77.556281  143.877543    0.315264    1.877945
   77.551875  143.870269    0.387805    2.560562
   77.548941  143.865438    0.359623    2.295575
   77.547474  143.863025    0.380641    2.493367
   77.546008  143.860614    0.303659    1.769240
   77.544542  143.858203    0.381679    2.503268
   77.541611  143.853380    0.353680    2.240000
   77.540147  143.850965    0.440452    3.056360
   77.538683  143.848549    0.423552    2.897443
   77.535755  143.843721    0.334687    2.061587
   77.534290  143.841310    0.365889    2.355186
   77.532825  143.838901    0.344103    2.150303
   77.531360  143.836494    0.296896    1.706277
   77.529895  143.834088    0.320595    1.929290
   77.528431  143.831683    0.343804    2.147688
   77.525502  143.826878    0.348419    2.191236
   77.524038  143.824476    0.312448    1.852913
   77.522573  143.822075    0.331497    2.032178
   77.521107  143.819673    0.304009    1.773653
   77.519642  143.817271    0.320496    1.928818
   77.518176  143.814865    0.313742    1.865344
   77.516711  143.812455    0.304515    1.778616
   77.515245  143.810046    0.354596    2.249808
   77.513779  143.807638    0.293245    1.672726
   77.512312  143.805234    0.288375    1.626974
   77.510846  143.802838    0.332750    2.044496
   77.509379  143.800445    0.316416    1.890900
   77.507912  143.798054    0.365146    2.349386
   77.506446  143.795665    0.389896    2.582283
   77.504981  143.793276    0.300234    1.738869
   77.503516  143.790888    0.313867    1.867190
   77.502051  143.788498    0.336478    2.079965
   77.500586  143.786106    0.297133    1.709898
   77.496189  143.778911    0.111241    0.240017
   77.487379  143.764471    0.274899    1.501328
   77.482978  143.757343    0.226372    1.045023
   77.480047  143.752570    0.303728    1.772863
   77.478583  143.750180    0.286028    1.606424
   77.477120  143.747787    0.313223    1.862319
   77.475657  143.745391    0.275885    1.511132
   77.474194  143.742996    0.236200    1.137868
   77.472731  143.740603    0.274838    1.501422
   77.471268  143.738219    0.220310    0.988518
   77.469805  143.735847    0.224313    1.026248
   77.468342  143.733478    0.179934    0.608822
   77.465412  143.728744    0.321603    1.941687
   77.463944  143.726374    0.294805    1.689647
   77.462476  143.724003    0.308409    1.817693
   77.461007  143.721630    0.278983    1.540939
   77.459539  143.719256    0.289178    1.636919
   77.458072  143.716879    0.215578    0.944604
   77.455138  143.712120    0.192673    0.729254
   77.453671  143.709737    0.275608    1.509520
   77.452202  143.707352    0.106778    0.230389
   77.450732  143.704966    0.192841    0.731041
   77.447794  143.700197    0.284583    1.594220
   77.412602  143.643271    0.184194    0.651388
   77.405259  143.631431    0.261797    1.381755
   77.403790  143.629068    0.192694    0.731748
   77.402322  143.626704    0.228892    1.072331
   77.400852  143.624337    0.169179    0.510659
   77.399382  143.621967    0.194193    0.746039
   77.397911  143.619595    0.258139    1.347667
   77.396440  143.617223    0.282909    1.580748
   77.394970  143.614852    0.278601    1.540290
   77.393501  143.612481    0.256346    1.330998
   77.392032  143.610112    0.183831    0.648892
   77.390564  143.607746    0.324253    1.969954
   77.389096  143.605387    0.229506    1.078694
   77.387629  143.603036    0.231403    1.096612
   77.386163  143.600689    0.247022    1.243608
   77.384697  143.598346    0.251187    1.282853
   77.383233  143.596007    0.142126    0.306656
   77.377382  143.586661    0.281351    1.566942
   77.375919  143.584316    0.185414    0.664493
   77.374455  143.581970    0.336922    2.089843
   77.372990  143.579623    0.245243    1.227455
   77.371525  143.577277    0.249581    1.268328
   77.364191  143.565557    0.164704    0.470185
   77.362722  143.563213    0.347818    2.192867
   77.358312  143.556178    0.175984    0.576558
   77.350951  143.544429    0.220012    0.991074
   77.348009  143.539728    0.261282    1.379445
   77.346540  143.537385    0.144530    0.311842
   77.345072  143.535043    0.180758    0.622064
   77.342138  143.530365    0.350186    2.216060
   77.339206  143.525689    0.234302    1.126025
   77.336275  143.521015    0.307238    1.812288
   77.334809  143.518677    0.181383    0.628393
   77.330414  143.511669    0.133131    0.287248
   77.328948  143.509336    0.318034    1.914176
   77.327483  143.507005    0.202369    0.826147
   77.323086  143.500014    0.228386    1.071088
   77.321620  143.497683    0.167212    0.495667
   77.320153  143.495351    0.241099    1.190816
   77.301052  143.465095    0.168129    0.505214
   77.299583  143.462774    0.175074    0.570609
   77.298114  143.460451    0.219712    0.990603
   77.293702  143.453465    0.190604    0.716967
   77.292229  143.451132    0.170396    0.526930
   77.290756  143.448798    0.101827    0.219706
   77.289285  143.446464    0.168629    0.510441
   77.287814  143.444133    0.085447    0.184364
   77.286344  143.441804    0.381024    2.508644
   77.284875  143.439479    0.234428    1.129627
   77.283408  143.437160    0.188195    0.694765
   77.281941  143.434851    0.195069    0.759494
   77.280475  143.432544    0.190958    0.720886
   77.279010  143.430236    0.173613    0.557782
   77.277546  143.427924    0.221979    1.012845
   77.276083  143.425602    0.170244    0.526221
   77.274621  143.423280    0.147774    0.318844
   77.268767  143.414012    0.183837    0.654420
   77.267301  143.411701    0.182734    0.644106
   77.264366  143.407081    0.235545    1.141053
   77.262896  143.404771    0.233216    1.119202
   77.261426  143.402460    0.245587    1.235654
   77.255542  143.393195    0.245018    1.230560
   77.254069  143.390877    0.164716    0.475200
   77.252595  143.388560    0.188021    0.694502
   77.251122  143.386243    0.175716    0.578811
   77.249648  143.383926    0.162098    0.450769
   77.248175  143.381609    0.192486    0.736697
   77.246704  143.379291    0.178606    0.606195
   77.245234  143.376975    0.168108    0.507499
   77.243764  143.374662    0.000000    0.000000
   77.242294  143.372355    0.030698    0.066235
   77.237887  143.365468    0.322560    1.960807
   77.236419  143.363172    0.213794    0.937678
   77.234953  143.360870    0.083196    0.179508
   77.233487  143.358569    0.254120    1.317169
   77.232022  143.356269    0.137190    0.296006
   77.230557  143.353973    0.232657    1.115391
   77.229091  143.351683    0.180670    0.626398
   77.227626  143.349395    0.176010    0.582619
   77.226161  143.347108    0.221238    1.008163
   77.224697  143.344821    0.223582    1.030274
   77.223232  143.342532    0.205838    0.863423
   77.221768  143.340243    0.184145    0.659408
   77.220303  143.337954    0.175455    0.577728
   77.218837  143.335666    0.221623    1.012111
   77.215902  143.331092    0.279236    1.554218
   77.214433  143.328803    0.190670    0.721112
   77.212964  143.326511    0.137093    0.295798
   77.211495  143.324213    0.280396    1.565320
   77.210025  143.321913    0.209191    0.895534
   77.208554  143.319613    0.239656    1.182193
   77.207082  143.317312    0.155654    0.392024
   77.205609  143.315012    0.185675    0.674513
   77.204136  143.312713    0.107773    0.232535
   77.202662  143.310416    0.113828    0.245599
   77.199712  143.305826    0.410619    2.790885
   77.180584  143.276092    0.279348    1.556808
   77.179117  143.273801    0.132284    0.285421
   77.177651  143.271511    0.206049    0.867390
   77.174724  143.266936    0.210030    0.904976
   77.173261  143.264651    0.220047    0.999268
   77.170333  143.260090    0.179869    0.621432
   77.168867  143.257811    0.300182    1.753322
   77.165932  143.253247    0.240905    1.195807
   77.164463  143.250957    0.225696    1.052795
   77.162992  143.248666    0.235984    1.149640
   77.160050  143.244088    0.254766    1.326461
   77.158579  143.241806    0.240442    1.191777
   77.157108  143.239526    0.244108    1.226329
   77.155636  143.237250    0.212885    0.932666
   77.154164  143.234977    0.243841    1.223941
   77.152692  143.232709    0.164866    0.481062
   77.151220  143.230443    0.242972    1.215896
   77.149748  143.228177    0.190144    0.718991
   77.148276  143.225910    0.178669    0.611105
   77.146806  143.223640    0.233719    1.129048
   77.145336  143.221370    0.275397    1.521187
   77.143867  143.219100    0.256488    1.343369
   77.142399  143.216832    0.254943    1.328899
   77.140932  143.214565    0.245232    1.237611
   77.139466  143.212299    0.202768    0.838207
   77.138000  143.210035    0.235309    1.144388
   77.132125  143.200997    0.262199    1.397611
   77.130656  143.198739    0.242524    1.212586
   77.129189  143.196482    0.155064    0.389888
   77.127723  143.194222    0.300260    1.755865
   77.126256  143.191960    0.274238    1.511133
   77.124788  143.189691    0.247646    1.261032
   77.111555  143.169247    0.298249    1.737658
   77.108615  143.164731    0.195924    0.775189
   77.107144  143.162469    0.210019    0.907844
   77.099785  143.151140    0.279404    1.560899
   77.098311  143.148880    0.284171    1.605814
   77.096837  143.146620    0.145044    0.312952
   77.095361  143.144362    0.177714    0.604463
   77.093883  143.142106    0.118587    0.255868
   77.089454  143.135341    0.252527    1.308522
   77.087981  143.133085    0.238360    1.175308
   77.086508  143.130830    0.247146    1.258024
   77.085037  143.128576    0.238943    1.180923
   77.083566  143.126326    0.262750    1.404948
   77.082094  143.124080    0.211043    0.918594
   77.080623  143.121835    0.202701    0.840179
   77.077683  143.117348    0.265809    1.433990
   77.076215  143.115104    0.262295    1.400994
   77.074747  143.112861    0.255163    1.333964
   77.073280  143.110617    0.291038    1.671519
   77.071815  143.108373    0.208715    0.897141
   77.070350  143.106128    0.250293    1.288348
   77.068885  143.103883    0.214538    0.952056
   77.065953  143.099390    0.281464    1.581782
   77.064484  143.097141    0.158131    0.421612
   77.063014  143.094892    0.180063    0.627993
   77.061543  143.092643    0.171682    0.549218
   77.055649  143.083651    0.382135    2.529280
   77.054174  143.081404    0.195857    0.776969
   77.052701  143.079156    0.186480    0.688824
   77.051227  143.076909    0.266726    1.443786
   77.048277  143.072418    0.284953    1.615392
   77.046801  143.070176    0.219659    1.001208
   77.045325  143.067935    0.195354    0.772628
   77.043849  143.065696    0.224398    1.045920
   77.040904  143.061225    0.216127    0.968241
   77.039433  143.058992    0.109847    0.237010
   77.037964  143.056761    0.240706    1.199594
   77.035023  143.052311    0.191011    0.732230
   77.033552  143.050088    0.192198    0.743458
   77.032081  143.047863    0.038975    0.084093
   77.017389  143.025478    0.209423    0.906225
   77.012977  143.018772    0.202549    0.841755
   77.011506  143.016536    0.257071    1.354723
   77.010035  143.014302    0.189223    0.716521
   77.005623  143.007623    0.225150    1.054701
   77.004152  143.005404    0.169243    0.528827
   77.002681  143.003188    0.181782    0.646849
   76.999738  142.998752    0.182234    0.651235
   76.998265  142.996533    0.210027    0.912753
   76.996791  142.994316    0.209102    0.904117
   76.995318  142.992100    0.169314    0.529875
   76.993843  142.989886    0.170667    0.542670
   76.990894  142.985459    0.198063    0.800527
   76.989420  142.983243    0.111445    0.240459
   76.986473  142.978807    0.372634    2.442962
   76.984999  142.976589    0.175373    0.587328
   76.983525  142.974371    0.162712    0.468288
   76.980573  142.969939    0.016992    0.036663
   76.979098  142.967724    0.391352    2.619368
   76.977625  142.965512    0.188488    0.711020
   76.976154  142.963302    0.224687    1.051623
   76.974683  142.961093    0.189755    0.723074
   76.973213  142.958883    0.263871    1.420363
   76.971742  142.956673    0.155207    0.398196
   76.970269  142.954460    0.163555    0.476787
   76.968796  142.952246    0.197907    0.800018
   76.967323  142.950031    0.188014    0.707008
   76.965850  142.947814    0.203382    0.851647
   76.964377  142.945594    0.195757    0.779980
   76.962904  142.943374    0.262142    1.404550
   76.961431  142.941154    0.146535    0.317058
   76.959958  142.938935    0.193935    0.763038
   76.958485  142.936717    0.152462    0.372945
   76.949651  142.923432    0.282155    1.593403
   76.948179  142.921227    0.156503    0.411415
   76.946707  142.919028    0.310487    1.860052
   76.942290  142.912436    0.257457    1.361379
   76.933455  142.899207    0.228590    1.090201
   76.931981  142.896997    0.363817    2.362390
   76.930507  142.894784    0.253458    1.324268
   76.929033  142.892567    0.241947    1.216043
   76.924610  142.885918    0.239560    1.193786
   76.923134  142.883709    0.157156    0.418647
   76.920181  142.879298    0.195913    0.783379
   76.918705  142.877097    0.249141    1.284177
   76.917229  142.874901    0.244158    1.237358
   76.915754  142.872705    0.184744    0.678496
   76.911332  142.866110    0.207482    0.892594
   76.908390  142.861704    0.273317    1.512059
   76.906921  142.859502    0.189831    0.726740
   76.905454  142.857302    0.224637    1.054233
   76.903988  142.855104    0.202309    0.844250
   76.899582  142.848531    0.208788    0.905398
   76.898111  142.846346    0.255480    1.344705
   76.896638  142.844160    0.166934    0.511786
   76.895166  142.841971    0.182414    0.657478
   76.893693  142.839776    0.263377    1.419194
   76.892220  142.837579    0.205857    0.878143
   76.890747  142.835382    0.222462    1.034422
   76.889272  142.833187    0.194019    0.766913
   76.887797  142.830994    0.213385    0.949157
   76.884844  142.826615    0.251126    1.304324
   76.883369  142.824430    0.187513    0.705966
   76.881894  142.822252    0.113780    0.245495
   76.880419  142.820074    0.221219    1.023178
   76.878944  142.817897    0.219947    1.011275
   76.877469  142.815716    0.152125    0.373315
   76.874518  142.811344    0.207224    0.891773
   76.870098  142.804781    0.280968    1.585701
   76.868626  142.802593    0.167164    0.515181
   76.867155  142.800406    0.000000    0.000000
   76.861269  142.791661    0.268448    1.468313
   76.859796  142.789481    0.197479    0.800746
   76.858321  142.787306    0.127040    0.274107
   76.856846  142.785131    0.191254    0.742314
   76.855371  142.782957    0.223155    1.042480
   76.846543  142.769870    0.124465    0.268551
   76.840653  142.761169    0.174073    0.581392
   76.839178  142.759000    0.182235    0.658245
   76.837703  142.756833    0.228449    1.093061
   76.836228  142.754668    0.261344    1.402578
   76.834754  142.752505    0.066437    0.143346
   76.830329  142.746015    0.127424    0.274934
   76.825899  142.739512    0.183701    0.672618
   76.824421  142.737344    0.198335    0.810348
   76.822943  142.735176    0.187222    0.705871
   76.821464  142.733008    0.165467    0.501271
   76.819986  142.730839    0.263184    1.420595
   76.818508  142.728669    0.241423    1.215950
   76.817032  142.726496    0.208548    0.906746
   76.806707  142.711282    0.179886    0.637568
   76.805236  142.709116    0.139207    0.300358
   76.803766  142.706951    0.229715    1.106451
   76.802296  142.704789    0.235172    1.157853
   76.799358  142.700473    0.137945    0.297635
   76.797888  142.698318    0.168436    0.530236
   76.796418  142.696164    0.302975    1.795954
   76.794948  142.694012    0.207609    0.898883
   76.793476  142.691860    0.097657    0.210709
   76.792003  142.689709    0.269605    1.482231
   76.790530  142.687557    0.276919    1.551093
   76.789055  142.685404    0.232914    1.137195
   76.787579  142.683248    0.246445    1.264549
   76.786102  142.681092    0.179751    0.637203
   76.784624  142.678935    0.171952    0.563900
   76.783146  142.676779    0.139022    0.299958
   76.781668  142.674623    0.247136    1.271302
   76.780190  142.672468    0.173359    0.577325
   76.778711  142.670312    0.159914    0.450902
   76.775754  142.666003    0.128593    0.277457
   76.762457  142.646573    0.238671    1.192493
   76.760983  142.644425    0.268930    1.477218
   76.758035  142.640149    0.122601    0.264528
   76.755088  142.635884    0.155317    0.408672
   76.753616  142.633747    0.181510    0.655142
   76.752144  142.631602    0.174281    0.587195
   76.746263  142.622994    0.180402    0.645037
   76.716729  142.580135    0.201813    0.847717
   76.710819  142.571609    0.186867    0.707377
   76.709346  142.569483    0.208877    0.914491
   76.699049  142.554607    0.159539    0.450795
   76.697577  142.552477    0.157238    0.429210
   76.694633  142.548215    0.213596    0.959517
   76.693161  142.546085    0.232122    1.133858
   76.691689  142.543955    0.229131    1.105785
   76.690216  142.541825    0.162251    0.476689
   76.688741  142.539696    0.355264    2.292485
   76.687266  142.537568    0.343280    2.179811
   76.685789  142.535442    0.230008    1.114288
   76.684312  142.533317    0.340193    2.150901
   76.682834  142.531194    0.357313    2.312015
   76.681355  142.529076    0.375635    2.484447
   76.679875  142.526958    0.298318    1.757162
   76.678396  142.524840    0.407986    2.788908
   76.676916  142.522718    0.322326    1.983137
   76.675437  142.520592    0.367201    2.405359
   76.673958  142.518465    0.359813    2.335918
   76.671000  142.514214    0.351139    2.254441
   76.669522  142.512093    0.324408    2.003045
   76.668044  142.509975    0.369752    2.429667
   76.666566  142.507858    0.359926    2.337301
   76.665087  142.505744    0.386691    2.589147
   76.663608  142.503634    0.390251    2.622705
   76.662129  142.501523    0.345722    2.203871
   76.660651  142.499411    0.364819    2.383586
   76.659174  142.497294    0.329494    2.051329
   76.656223  142.493041    0.387991    2.601763
   76.654748  142.490914    0.365830    2.393352
   76.653274  142.488791    0.369249    2.425573
   76.650328  142.484558    0.396495    2.682013
   76.648854  142.482444    0.299925    1.773612
   76.647380  142.480330    0.350385    2.248369
   76.645905  142.478215    0.351499    2.258910
   76.642955  142.473984    0.376092    2.490389
   76.640007  142.469747    0.392088    2.641001
   76.638533  142.467627    0.349639    2.241733
   76.637059  142.465506    0.433971    3.035140
   76.635586  142.463386    0.381816    2.544558
   76.634114  142.461266    0.441320    3.104402
   76.632641  142.459147    0.410354    2.813154
   76.631168  142.457028    0.337324    2.126201
   76.626741  142.450670    0.361630    2.355048
   76.625263  142.448551    0.388204    2.605096
   76.623784  142.446431    0.382943    2.555670
   76.622304  142.444312    0.359795    2.337975
   76.620823  142.442193    0.319645    1.960335
   76.619343  142.440076    0.307497    1.846114
   76.617862  142.437963    0.343115    2.181249
   76.616382  142.435854    0.436749    3.062161
   76.614902  142.433746    0.316598    1.931922
   76.613422  142.431640    0.467480    3.351386
   76.611940  142.429530    0.411713    2.826828
   76.610458  142.427418    0.417104    2.877610
   76.608975  142.425306    0.377969    2.509518
   76.607494  142.423197    0.379123    2.520439
   76.604539  142.418999    0.426400    2.965314
   76.603065  142.416908    0.384161    2.568023
   76.600119  142.412729    0.477615    3.447305
   76.598645  142.410639    0.442182    3.114033
   76.597172  142.408547    0.475604    3.428509
   76.595700  142.406453    0.400121    2.718485
   76.594227  142.404352    0.414227    2.851243
   76.592756  142.402243    0.400264    2.719955
   76.589812  142.398022    0.455759    3.242146
   76.586865  142.393815    0.397605    2.695193
   76.585390  142.391717    0.412670    2.836983
   76.583915  142.389620    0.366333    2.401141
   76.582438  142.387524    0.332473    2.082665
   76.579482  142.383330    0.410915    2.820725
   76.578004  142.381232    0.466816    3.346673
   76.575046  142.377023    0.337410    2.129432
   76.573567  142.374916    0.448804    3.177419
   76.572088  142.372810    0.437283    3.069103
   76.570609  142.370707    0.459369    3.276935
   76.569130  142.368609    0.389968    2.624116
   76.567650  142.366513    0.396870    2.689113
   76.566171  142.364420    0.423366    2.938438
   76.564693  142.362330    0.362137    2.362499
   76.563215  142.360241    0.386230    2.589213
   76.561737  142.358154    0.367320    2.411383
   76.557303  142.351906    0.382308    2.552559
   76.555824  142.349825    0.340499    2.159317
   76.554345  142.347744    0.370868    2.445072
   76.552867  142.345659    0.374605    2.480288
   76.551389  142.343570    0.338046    2.136423
   76.549912  142.341480    0.387322    2.600041
   76.548435  142.339389    0.412460    2.836583
   76.546958  142.337299    0.368706    2.425042
   76.545483  142.335210    0.356910    2.314138
   76.544008  142.333122    0.428128    2.984166
   76.542533  142.331035    0.382096    2.551197
   76.541057  142.328950    0.412146    2.833950
   76.539581  142.326868    0.396093    2.682993
   76.538105  142.324786    0.339297    2.148751
   76.536629  142.322704    0.410969    2.823065
   76.533678  142.318538    0.300547    1.784405
   76.532204  142.316452    0.301912    1.797316
   76.529255  142.312276    0.409942    2.813709
   76.527780  142.310183    0.389405    2.620574
   76.526304  142.308090    0.303467    1.812192
   76.524828  142.305998    0.378111    2.514454
   76.523351  142.303911    0.340553    2.161200
   76.521872  142.301830    0.296013    1.742259
   76.520392  142.299751    0.331408    2.075295
   76.514476  142.291422    0.307628    1.851834
   76.512997  142.289337    0.382268    2.554064
   76.510039  142.285174    0.375023    2.486027
   76.508559  142.283096    0.295453    1.737554
   76.507080  142.281018    0.354432    2.292448
   76.505601  142.278943    0.410142    2.816591
   76.501168  142.272727    0.263550    1.437739
   76.499691  142.270658    0.312530    1.898573
   76.496736  142.266523    0.353360    2.282805
   76.495258  142.264454    0.389034    2.618462
   76.493780  142.262385    0.297944    1.761606
   76.490825  142.258238    0.314896    1.921211
