Converting ICESat/GLAS binary freeboard vector data to ASCII
Wed Feb 12 09:56:37 2014

write_fb:
  file_in:       laser3k0024002.dat
  laser_period:  3k
  track:         0024
  cycle:         002
  file_out:      laser3k0024002.txt
  non_zero_only:        0
  nan_replace:       -999

read_fb:
  Year:                  2008
  Month:                   10
  Day:                     10
  Hour:                    23
  Minute:                   5
  Doy:                    284
  record_count:          1575
  non_zero_count:        1571
  nan_count:                0

    Latitude   Longitude   Freeboard   Thickness
   83.122778  122.558966    0.380189    2.616591
   83.124041  122.551381    0.283997    1.711635
   83.125303  122.543798    0.224055    1.147703
   83.126564  122.536214    0.131676    0.278625
   83.131594  122.505871    0.370203    2.522373
   83.132849  122.498292    0.192601    0.851575
   83.134105  122.490710    0.293656    1.802190
   83.135360  122.483124    0.220323    1.112290
   83.136614  122.475527    0.027415    0.057359
   83.137869  122.467917    0.073450    0.153678
   83.139123  122.460300    0.098380    0.205838
   83.140377  122.452678    0.133317    0.293637
   83.141631  122.445055    0.170973    0.647846
   83.142887  122.437430    0.226528    1.170425
   83.145398  122.422170    0.353188    2.361888
   83.211961  122.012974    0.243921    1.331863
   83.213214  122.005177    0.085439    0.178763
   83.214466  121.997386    0.080980    0.169432
   83.215717  121.989600    0.345943    2.291495
   83.219457  121.966296    0.135319    0.309958
   83.220702  121.958533    0.341156    2.246296
   83.221948  121.950764    0.297863    1.838991
   83.223194  121.942987    0.241286    1.306708
   83.224440  121.935207    0.151368    0.460783
   83.229422  121.904064    0.816113    6.714103
   83.230667  121.896266    0.301371    1.871711
   83.231913  121.888458    0.283028    1.699106
   83.233160  121.880636    0.334032    2.178883
   83.234407  121.872803    0.498993    3.730680
   83.360025  121.066473    0.414351    2.930292
   83.362492  121.050235    0.022362    0.046787
   83.363726  121.042105    0.066135    0.138373
   83.364960  121.033969    0.111275    0.232818
   83.366197  121.025826    0.253568    1.417540
   83.367436  121.017677    0.098260    0.205586
   83.368676  121.009521    0.169289    0.624610
   83.369916  121.001356    0.335923    2.192150
   83.371156  120.993178    0.199879    0.912301
   83.372396  120.984989    0.204543    0.956127
   83.373635  120.976793    0.209388    1.001668
   83.374874  120.968593    0.223742    1.136662
   83.376114  120.960395    0.092569    0.193680
   83.377353  120.952200    0.218533    1.087572
   83.378592  120.944004    0.286194    1.724034
   83.379831  120.935808    0.185133    0.773278
   83.381070  120.927607    0.323583    2.075680
   83.383545  120.911196    0.308752    1.936074
   83.384781  120.902993    0.184676    0.768806
   83.386016  120.894794    0.165810    0.591286
   83.387248  120.886602    0.194185    0.858181
   83.388480  120.878412    0.379779    2.604082
   83.389711  120.870224    0.383542    2.639438
   83.392172  120.853848    0.123720    0.258857
   83.393403  120.845659    0.487774    3.619864
   83.394632  120.837469    0.436443    3.136931
   83.395862  120.829277    0.311272    1.959368
   83.397090  120.821084    0.375396    2.562561
   83.398319  120.812887    0.442987    3.198372
   83.399548  120.804685    0.448117    3.246589
   83.400777  120.796476    0.240242    1.290996
   83.402007  120.788258    0.530770    4.024054
   83.403237  120.780034    0.297116    1.825951
   83.404468  120.771804    0.378709    2.593480
   83.405699  120.763565    0.270452    1.575037
   83.406930  120.755319    0.394866    2.745393
   83.408162  120.747067    0.278828    1.653749
   83.409394  120.738813    0.352607    2.347765
   83.410627  120.730559    0.500711    3.740993
   83.411860  120.722306    0.305172    1.901446
   83.413094  120.714052    0.322348    2.062993
   83.414328  120.705797    0.345232    2.278227
   83.415561  120.697541    0.294138    1.797527
   83.416794  120.689286    0.081439    0.170392
   83.418027  120.681025    0.154363    0.482532
   83.419260  120.672758    0.256022    1.438831
   83.420493  120.664478    0.386859    2.669614
   83.421726  120.656182    0.395489    2.750763
   83.422959  120.647880    0.219532    1.095437
   83.424192  120.639575    0.235444    1.245079
   83.425424  120.631273    0.326165    2.098487
   83.426656  120.622976    0.159942    0.534730
   83.427887  120.614678    0.119381    0.249777
   83.429117  120.606377    0.321680    2.056168
   83.430347  120.598066    0.117574    0.245998
   83.431577  120.589747    0.156238    0.499719
   83.432806  120.581423    0.164386    0.576324
   83.434034  120.573099    0.197459    0.887412
   83.435261  120.564777    0.338199    2.211363
   83.437710  120.548144    0.183170    0.752866
   83.438934  120.539831    0.268159    1.552353
   83.440157  120.531525    0.274819    1.614963
   83.441380  120.523225    0.349880    2.321045
   83.442602  120.514927    0.468120    3.433329
   83.443825  120.506630    0.260712    1.482123
   83.445048  120.498331    0.448989    3.253277
   83.446273  120.490029    0.252494    1.404737
   83.448723  120.473410    0.194903    0.862878
   83.449948  120.465088    0.441540    3.183030
   83.452397  120.448412    0.217009    1.070709
   83.453622  120.440060    0.000000    0.000000
   83.454849  120.431695    0.297942    1.831994
   83.456078  120.423318    0.279394    1.657459
   83.457308  120.414933    0.449973    3.262118
   83.458539  120.406543    0.349854    2.320217
   83.459771  120.398151    0.228103    1.174823
   83.461004  120.389758    0.341982    2.246085
   83.462237  120.381362    0.302900    1.878384
   83.463469  120.372961    0.402910    2.819168
   83.465929  120.356136    0.305901    1.906486
   83.467157  120.347715    0.345720    2.281035
   83.468385  120.339292    0.329408    2.127544
   83.469611  120.330871    0.297654    1.828781
   83.470837  120.322454    0.522986    3.948516
   83.472063  120.314037    0.308215    1.928050
   83.473287  120.305618    0.381325    2.615779
   83.474510  120.297195    0.278981    1.652950
   83.475732  120.288769    0.247167    1.353630
   83.476953  120.280341    0.303417    1.882750
   83.478173  120.271914    0.273610    1.602300
   83.479394  120.263488    0.464817    3.401011
   83.480615  120.255065    0.314715    1.988911
   83.483055  120.238219    0.186508    0.782742
   83.484275  120.229795    0.245563    1.338246
   83.485495  120.221368    0.515475    3.877359
   83.486714  120.212941    0.268089    1.550076
   83.489153  120.196087    0.332968    2.160330
   83.490371  120.187663    0.130438    0.272911
   83.491590  120.179236    0.200153    0.910817
   83.492810  120.170805    0.587111    4.551017
   83.494033  120.162368    0.696447    5.579533
   83.495257  120.153923    0.370441    2.512648
   83.497709  120.137006    0.355309    2.370207
   83.498935  120.128526    0.294372    1.796913
   83.500159  120.120030    0.382923    2.629898
   83.503834  120.094501    0.540540    4.112529
   83.505059  120.085990    0.123147    0.257658
   83.506285  120.077477    0.373682    2.542754
   83.507511  120.068960    0.233129    1.220485
   83.508737  120.060436    0.327643    2.109569
   83.509962  120.051905    0.423527    3.011540
   83.511187  120.043371    0.423799    3.014055
   83.512411  120.034834    0.515346    3.875222
   83.513633  120.026295    0.327326    2.106418
   83.514852  120.017754    0.220650    1.102839
   83.516070  120.009213    0.408253    2.867638
   83.517287  120.000673    0.320881    2.045665
   83.518502  119.992137    0.319341    2.031131
   83.519716  119.983604    0.274165    1.606105
   83.520930  119.975077    0.293433    1.787327
   83.522143  119.966556    0.406287    2.848942
   83.523356  119.958051    0.458786    3.342774
   83.525782  119.941076    0.311969    1.961529
   83.526995  119.932586    0.214365    1.043296
   83.528209  119.924081    0.245657    1.337627
   83.529422  119.915555    0.196272    0.873007
   83.530637  119.907020    0.365054    2.460756
   83.531852  119.898477    0.425645    3.030716
   83.533068  119.889930    0.361762    2.429700
   83.534286  119.881381    0.345966    2.281060
   83.535504  119.872824    0.463878    3.390261
   83.536724  119.864259    0.316266    2.001580
   83.537945  119.855682    0.425262    3.026903
   83.539167  119.847091    0.405104    2.837219
   83.540390  119.838492    0.364097    2.451411
   83.541612  119.829888    0.273086    1.595206
   83.542835  119.821282    0.300923    1.857033
   83.544057  119.812679    0.256964    1.443450
   83.545280  119.804072    0.407714    2.861568
   83.546501  119.795460    0.326600    2.098454
   83.548945  119.778214    0.103940    0.217472
   83.550166  119.769584    0.072132    0.150920
   83.552602  119.752316    0.237561    1.260624
   83.555031  119.735049    0.259093    1.463090
   83.556243  119.726416    0.300451    1.852118
   83.557455  119.717782    0.266877    1.536238
   83.558666  119.709149    0.340272    2.226640
   83.559877  119.700517    0.273564    1.599055
   83.561088  119.691883    0.410155    2.883975
   83.562298  119.683251    0.457916    3.333232
   83.563509  119.674619    0.410679    2.888814
   83.564720  119.665985    0.322840    2.062435
   83.565931  119.657350    0.313851    1.977833
   83.567141  119.648712    0.302328    1.869389
   83.568350  119.640071    0.271468    1.579037
   83.569560  119.631427    0.230933    1.197666
   83.570770  119.622779    0.355054    2.365271
   83.571981  119.614129    0.317317    2.010225
   83.573194  119.605475    0.111298    0.232867
   83.574408  119.596816    0.388959    2.684098
   83.575621  119.588149    0.337057    2.195798
   83.576834  119.579468    0.423161    3.005765
   83.578046  119.570772    0.315054    1.988715
   83.579257  119.562070    0.462686    3.377501
   83.580469  119.553367    0.409703    2.879032
   83.581682  119.544670    0.504687    3.772530
   83.582895  119.535982    0.273293    1.595687
   83.584109  119.527294    0.474943    3.492628
   83.585324  119.518604    0.396793    2.757409
   83.586541  119.509907    0.335571    2.181425
   83.587759  119.501201    0.322718    2.060467
   83.588977  119.492489    0.292684    1.777879
   83.590195  119.483770    0.291577    1.767424
   83.591411  119.475044    0.218758    1.082352
   83.592624  119.466311    0.213355    1.031480
   83.593836  119.457570    0.277314    1.633119
   83.595046  119.448820    0.305723    1.900329
   83.596257  119.440057    0.215681    1.053233
   83.597468  119.431279    0.450246    3.259814
   83.598678  119.422498    0.260296    1.472848
   83.599888  119.413717    0.259123    1.461769
   83.601097  119.404945    0.182115    0.737293
   83.602306  119.396186    0.394879    2.738793
   83.603513  119.387432    0.228157    1.170336
   83.604720  119.378682    0.245702    1.335347
   83.605925  119.369934    0.217502    1.070014
   83.607129  119.361186    0.238187    1.264560
   83.608333  119.352438    0.271488    1.577790
   83.609536  119.343691    0.447147    3.230233
   83.610740  119.334942    0.130954    0.273993
   83.611944  119.326192    0.534456    4.051487
   83.613148  119.317438    0.420792    2.982174
   83.614353  119.308680    0.210317    1.002114
   83.615560  119.299912    0.098939    0.207007
   83.617976  119.282352    0.183953    0.753974
   83.619185  119.273568    0.351970    2.334525
   83.620394  119.264790    0.285973    1.713621
   83.621602  119.256019    0.305112    1.893629
   83.622811  119.247245    0.000000    0.000000
   83.624020  119.238464    0.073366    0.153501
   83.625230  119.229664    0.228276    1.170673
   83.626442  119.220845    0.148175    0.417086
   83.627653  119.212014    0.202614    0.929171
   83.628865  119.203174    0.147837    0.413823
   83.630075  119.194328    0.313615    1.973302
   83.631285  119.185475    0.281183    1.668163
   83.632493  119.176620    0.091525    0.191495
   83.633702  119.167763    0.136220    0.304361
   83.634910  119.158911    0.182892    0.743379
   83.636119  119.150065    0.181295    0.728307
   83.637326  119.141218    0.207983    0.979328
   83.638533  119.132370    0.288548    1.737185
   83.639738  119.123515    0.252174    1.394964
   83.640941  119.114654    0.161444    0.541388
   83.642143  119.105790    0.206202    0.962396
   83.643343  119.096925    0.058397    0.122183
   83.644542  119.088065    0.251298    1.386547
   83.645741  119.079209    0.221104    1.102457
   83.646938  119.070353    0.178972    0.706061
   83.648136  119.061496    0.149209    0.426029
   83.649335  119.052634    0.233821    1.221956
   83.650536  119.043766    0.253394    1.406046
   83.651737  119.034894    0.120538    0.252198
   83.652939  119.026018    0.133518    0.279356
   83.654141  119.017138    0.190641    0.815578
   83.655343  119.008255    0.217023    1.063715
   83.656546  118.999367    0.092988    0.194556
   83.657749  118.990474    0.198628    0.890577
   83.658952  118.981574    0.183510    0.748317
   83.660155  118.972666    0.195998    0.865754
   83.661359  118.963753    0.191471    0.823118
   83.662563  118.954838    0.263307    1.498858
   83.663768  118.945921    0.228200    1.168549
   83.664973  118.937004    0.398034    2.766192
   83.666179  118.928086    0.079524    0.166386
   83.667384  118.919165    0.347453    2.290269
   83.668591  118.910244    0.184940    0.761413
   83.669797  118.901323    0.197419    0.878759
   83.671003  118.892398    0.015875    0.033215
   83.672208  118.883468    0.219086    1.082500
   83.673410  118.874530    0.158830    0.515611
   83.674609  118.865581    0.099945    0.209113
   83.675808  118.856625    0.250626    1.379082
   83.677005  118.847661    0.334426    2.167371
   83.678204  118.838687    0.246369    1.338946
   83.679403  118.829704    0.454883    3.300466
   83.680602  118.820715    0.320287    2.034232
   83.681802  118.811722    0.200644    0.908662
   83.683000  118.802728    0.217718    1.069237
   83.684196  118.793733    0.227154    1.157966
   83.685393  118.784739    0.168182    0.603148
   83.686590  118.775744    0.692166    5.532405
   83.687787  118.766753    0.229230    1.177359
   83.688985  118.757767    0.262888    1.493954
   83.690184  118.748779    0.246044    1.335448
   83.691382  118.739788    0.162465    0.549147
   83.692579  118.730789    0.283631    1.688953
   83.693775  118.721780    0.279043    1.645754
   83.694970  118.712767    0.159488    0.521009
   83.696166  118.703754    0.320233    2.033147
   83.697363  118.694744    0.239890    1.277288
   83.698562  118.685741    0.224845    1.135717
   83.699762  118.676737    0.261276    1.478392
   83.700962  118.667731    0.420393    2.975207
   83.703364  118.649700    0.395578    2.741677
   83.704565  118.640677    0.216678    1.058659
   83.705766  118.631648    0.367572    2.478131
   83.706966  118.622613    0.257744    1.444892
   83.708165  118.613572    0.217162    1.063079
   83.709363  118.604526    0.236094    1.241134
   83.710560  118.595477    0.414107    2.915718
   83.711758  118.586424    0.120102    0.251287
   83.712955  118.577369    0.163440    0.557523
   83.714153  118.568312    0.284086    1.692434
   83.715349  118.559255    0.251646    1.387218
   83.716545  118.550205    0.323539    2.063491
   83.717740  118.541161    0.183182    0.743060
   83.718935  118.532115    0.282997    1.682008
   83.720128  118.523063    0.317877    2.010091
   83.721321  118.513997    0.266502    1.526748
   83.722512  118.504915    0.259435    1.460228
   83.723703  118.495823    0.147869    0.410642
   83.724894  118.486723    0.074913    0.156739
   83.727279  118.468502    0.099988    0.209203
   83.728473  118.459383    0.186904    0.777677
   83.729667  118.450259    0.243207    1.307300
   83.730860  118.441130    0.287570    1.724590
   83.732053  118.431996    0.266123    1.522789
   83.733246  118.422860    0.689364    5.504310
   83.734439  118.413720    0.254503    1.413388
   83.735632  118.404579    0.253792    1.406654
   83.736826  118.395437    0.311006    1.944835
   83.738020  118.386294    0.291552    1.761780
   83.740406  118.367998    0.340096    2.218370
   83.741598  118.358844    0.401657    2.797444
   83.742790  118.349690    0.194384    0.847516
   83.743981  118.340538    0.257319    1.439518
   83.745173  118.331394    0.322476    2.052425
   83.746366  118.322260    0.217401    1.063910
   83.748751  118.303998    0.157645    0.501671
   83.749944  118.294865    0.219078    1.079544
   83.751138  118.285728    0.292069    1.766147
   83.752331  118.276587    0.408803    2.864256
   83.753524  118.267442    0.260969    1.473490
   83.754716  118.258290    0.261689    1.480217
   83.755907  118.249130    0.293886    1.783054
   83.757097  118.239964    0.165129    0.571749
   83.758287  118.230792    0.324463    2.070617
   83.759476  118.221611    0.338340    2.201112
   83.760665  118.212423    0.378864    2.582291
   83.761854  118.203228    0.443873    3.193806
   83.763042  118.194025    0.328257    2.106125
   83.764230  118.184817    0.594872    4.614213
   83.765418  118.175600    0.323913    2.065166
   83.766606  118.166379    0.343843    2.252607
   83.767793  118.157156    0.279506    1.647324
   83.768981  118.147935    0.369504    2.493920
   83.770169  118.138717    0.261425    1.477139
   83.771356  118.129495    0.296733    1.809246
   83.772543  118.120267    0.337113    2.189072
   83.773730  118.111025    0.298163    1.822609
   83.774916  118.101766    0.311990    1.952635
   83.776102  118.092501    0.234589    1.224449
   83.777288  118.083232    0.351467    2.323923
   83.778475  118.073966    0.512607    3.839767
   83.779663  118.064704    0.246774    1.338944
   83.780851  118.055444    0.289034    1.736454
   83.782040  118.046185    0.417614    2.946001
   83.783229  118.036931    0.367962    2.478866
   83.784418  118.027681    0.414619    2.917740
   83.785608  118.018431    0.341039    2.225500
   83.786798  118.009177    0.472128    3.458653
   83.787989  117.999916    0.304132    1.878210
   83.789179  117.990644    0.283718    1.686119
   83.790370  117.981368    0.352089    2.329262
   83.791559  117.972088    0.387525    2.662572
   83.792746  117.962807    0.347200    2.283173
   83.793931  117.953524    0.364414    2.445067
   83.795115  117.944240    0.364953    2.450090
   83.796299  117.934956    0.493078    3.655364
   83.797482  117.925673    0.319365    2.021138
   83.798666  117.916393    0.403461    2.812208
   83.799849  117.907112    0.322580    2.051288
   83.801033  117.897827    0.481875    3.549789
   83.802217  117.888538    0.304900    1.884880
   83.803401  117.879243    0.283117    1.679910
   83.804585  117.869943    0.409848    2.872071
   83.805769  117.860635    0.456276    3.308785
   83.806950  117.851320    0.090568    0.189492
   83.808129  117.841998    0.337714    2.193343
   83.809308  117.832666    0.264806    1.507428
   83.810487  117.823324    0.335267    2.170225
   83.811667  117.813970    0.327996    2.101787
   83.812850  117.804602    0.468589    3.424344
   83.815218  117.785840    0.319722    2.023806
   83.816403  117.776450    0.299652    1.834956
   83.817587  117.767055    0.347652    2.286462
   83.818771  117.757655    0.310427    1.936231
   83.821138  117.738848    0.337975    2.195287
   83.822321  117.729443    0.659354    5.218568
   83.823503  117.720037    0.333187    2.150155
   83.824686  117.710631    0.568645    4.365145
   83.825869  117.701221    0.380930    2.599196
   83.827052  117.691809    0.431175    3.071823
   83.828235  117.682401    0.351150    2.318950
   83.829417  117.673000    0.398578    2.765081
   83.830599  117.663617    0.215846    1.046008
   83.831779  117.654257    0.512604    3.837665
   83.832958  117.644901    0.693596    5.540271
   83.834138  117.635544    0.401992    2.797005
   83.835317  117.626178    0.305899    1.892980
   83.836497  117.616796    0.292349    1.765468
   83.837677  117.607406    0.473036    3.465202
   83.838856  117.598009    0.354001    2.345352
   83.840034  117.588606    0.324706    2.069715
   83.841211  117.579196    0.409522    2.867562
   83.842387  117.569779    0.244382    1.313991
   83.843563  117.560355    0.322304    2.046982
   83.844739  117.550922    0.345819    2.268158
   83.845915  117.541480    0.338366    2.197994
   83.847092  117.532033    0.197334    0.871217
   83.848269  117.522581    0.252734    1.392340
   83.849446  117.513128    0.276894    1.619576
   83.850624  117.503675    0.396241    2.742270
   83.851801  117.494218    0.330546    2.124209
   83.852979  117.484754    0.297147    1.809967
   83.854154  117.475280    0.235174    1.226925
   83.855329  117.465795    0.599950    4.658452
   83.856503  117.456304    0.520244    3.908584
   83.857677  117.446807    0.274709    1.598711
   83.858851  117.437308    0.379481    2.584291
   83.860027  117.427806    0.333751    2.154047
   83.861202  117.418301    0.218269    1.067627
   83.862378  117.408792    0.307943    1.911172
   83.863555  117.399280    0.428573    3.045940
   83.864733  117.389765    0.404218    2.816778
   83.865911  117.380246    0.258453    1.445473
   83.867089  117.370725    0.048776    0.102053
   83.868266  117.361200    0.349988    2.306476
   83.869442  117.351673    0.109992    0.230134
   83.870617  117.342144    0.000000    0.000000
   83.871792  117.332611    0.205728    0.949245
   83.874145  117.313533    0.305508    1.887814
   83.875322  117.303991    0.225091    1.131265
   83.876498  117.294451    0.036912    0.077230
   83.877675  117.284917    0.101031    0.211385
   83.878852  117.275392    0.191835    0.818274
   83.880028  117.265869    0.222403    1.105790
   83.881204  117.256347    0.397616    2.754033
   83.882379  117.246830    0.296529    1.803028
   83.883552  117.237316    0.209145    0.980934
   83.884725  117.227791    0.248346    1.349670
   83.885897  117.218251    0.203194    0.924860
   83.887067  117.208670    0.223352    1.114447
   83.888237  117.199042    0.228412    1.162007
   83.889406  117.189402    0.184433    0.748237
   83.890574  117.179761    0.263984    1.496550
   83.891744  117.170146    0.241530    1.285280
   83.892914  117.160567    0.204445    0.936357
   83.894084  117.150995    0.092214    0.192938
   83.896425  117.131842    0.088334    0.184819
   83.897595  117.122244    0.179270    0.699352
   83.898766  117.112640    0.235023    1.223793
   83.899937  117.103031    0.106759    0.223369
   83.901108  117.093418    0.160414    0.521832
   83.902278  117.083804    0.300730    1.841784
   83.903448  117.074186    0.173643    0.646195
   83.904618  117.064565    0.204437    0.935833
   83.905787  117.054941    0.246399    1.330539
   83.906954  117.045314    0.205471    0.945469
   83.908122  117.035686    0.301718    1.850851
   83.909290  117.026056    0.216102    1.045395
   83.910460  117.016427    0.227471    1.152302
   83.911632  117.006800    0.231184    1.187183
   83.912805  116.997171    0.258502    1.444123
   83.913979  116.987538    0.258737    1.446286
   83.915154  116.977896    0.204078    0.932045
   83.916328  116.968245    0.380449    2.591184
   83.917502  116.958588    0.195712    0.853250
   83.918676  116.948925    0.176087    0.668587
   83.919848  116.939258    0.264665    1.501824
   83.921018  116.929585    0.518466    3.889372
   83.922187  116.919909    0.174939    0.657651
   83.923355  116.910232    0.164798    0.562213
   83.924523  116.900551    0.267155    1.525068
   83.925690  116.890870    0.231653    1.191041
   83.928021  116.871514    0.082738    0.173110
   83.929185  116.861852    0.000173    0.000361
   83.930347  116.852206    0.130459    0.272957
   83.931508  116.842558    0.445727    3.204684
   83.932669  116.832900    0.281738    1.661937
   83.933832  116.823218    0.214191    1.026456
   83.934996  116.813504    0.261316    1.469727
   83.937324  116.794038    0.222466    1.104167
   83.938488  116.784297    0.306527    1.894910
   83.939652  116.774558    0.283785    1.680919
   83.940815  116.764814    0.263710    1.492023
   83.941979  116.755066    0.332638    2.140404
   83.943144  116.745315    0.275305    1.601004
   83.944309  116.735562    0.279791    1.643161
   83.945474  116.725804    0.447392    3.219795
   83.946640  116.716040    0.428146    3.038696
   83.947807  116.706268    0.302342    1.855166
   83.948976  116.696486    0.197770    0.871376
   83.951312  116.676911    0.103894    0.217375
   83.952478  116.667122    0.186943    0.769383
   83.953642  116.657335    0.291208    1.750189
   83.954806  116.647547    0.191574    0.812853
   83.957133  116.627965    0.233209    1.204433
   83.958299  116.618171    0.281258    1.656395
   83.959465  116.608375    0.228972    1.164475
   83.960631  116.598580    0.262458    1.479447
   83.961795  116.588790    0.347883    2.283023
   83.962959  116.579005    0.416110    2.924805
   83.964121  116.569219    0.462803    3.364018
   83.965282  116.559430    0.328992    2.105162
   83.966442  116.549635    0.280792    1.651687
   83.967599  116.539832    0.235152    1.222291
   83.969913  116.520208    0.294579    1.781246
   83.972228  116.500553    0.282229    1.664969
   83.973386  116.490716    0.702498    5.618537
   83.974544  116.480873    0.371953    2.508943
   83.975703  116.471028    0.218046    1.061036
   83.976862  116.461181    0.386632    2.646939
   83.978021  116.451331    0.483258    3.555885
   83.979180  116.441474    0.361520    2.410607
   83.980339  116.431612    0.320838    2.027853
   83.982658  116.411869    0.234460    1.215167
   83.983817  116.401987    0.326887    2.084610
   83.984976  116.392096    0.284902    1.689605
   83.986135  116.382196    0.345173    2.256545
   83.987295  116.372292    0.234141    1.211978
   83.988454  116.362388    0.655175    5.172739
   83.989612  116.352491    0.318612    2.006536
   83.991929  116.332718    0.267564    1.526214
   83.993087  116.322829    0.364415    2.437272
   83.994246  116.312933    0.509753    3.804471
   83.995406  116.303027    0.318439    2.004673
   83.996566  116.293115    0.295858    1.792192
   83.997726  116.283199    0.273610    1.582849
   83.998885  116.273276    0.273737    1.584003
   84.000043  116.263345    0.279788    1.640881
   84.001201  116.253415    0.287250    1.711030
   84.002358  116.243488    0.244986    1.313394
   84.003513  116.233578    0.279912    1.641906
   84.004667  116.223687    0.222009    1.097139
   84.005820  116.213796    0.275985    1.604866
   84.006973  116.203902    0.276293    1.607712
   84.008126  116.193990    0.211363    0.996846
   84.009280  116.184055    0.142834    0.352130
   84.011586  116.164154    0.289189    1.728846
   84.012738  116.154192    0.315023    1.971830
   84.013890  116.144222    0.210735    0.990707
   84.015041  116.134248    0.284682    1.686305
   84.016191  116.124271    0.248690    1.347668
   84.017342  116.114296    0.308911    1.914142
   84.018492  116.104327    0.367073    2.461240
   84.019643  116.094353    0.388164    2.659603
   84.020794  116.084374    0.350040    2.300914
   84.021945  116.074383    0.217468    1.053714
   84.023097  116.064378    0.217148    1.050657
   84.025402  116.044336    0.346770    2.269965
   84.026558  116.034295    0.283247    1.672330
   84.027714  116.024240    0.143351    0.356241
   84.028872  116.014177    0.252360    1.381673
   84.030030  116.004109    0.476007    3.485549
   84.031187  115.994040    0.419019    2.949399
   84.034654  115.963845    0.276309    1.606735
   84.035809  115.953799    0.359188    2.386357
   84.038120  115.933747    0.315426    1.974577
   84.039273  115.923725    0.521589    3.913973
   84.040425  115.913695    0.312975    1.951422
   84.041575  115.903655    0.094618    0.197967
   84.042723  115.893613    0.150872    0.426371
   84.043871  115.883572    0.182775    0.726444
   84.046164  115.863512    0.057921    0.121187
   84.047310  115.853484    0.286032    1.697675
   84.048455  115.843448    0.292261    1.756229
   84.050748  115.823321    0.378605    2.568400
   84.051894  115.813235    0.264769    1.497462
   84.053040  115.803141    0.376682    2.550218
   84.054186  115.793044    0.310475    1.927333
   84.055332  115.782945    0.269612    1.542876
   84.056478  115.772838    0.176513    0.667011
   84.057624  115.762722    0.090150    0.188619
   84.058771  115.752591    0.344342    2.245744
   84.059919  115.742445    0.321933    2.034885
   84.061067  115.732291    0.184453    0.741515
   84.062216  115.722129    0.218896    1.065493
   84.063364  115.711963    0.117311    0.245447
   84.064511  115.701796    0.220603    1.081452
   84.065659  115.691624    0.255048    1.405445
   84.066808  115.681450    0.260363    1.455394
   84.067957  115.671275    0.254392    1.399172
   84.069107  115.661099    0.259009    1.442560
   84.071408  115.640736    0.209838    0.979896
   84.072557  115.630542    0.289013    1.724676
   84.073707  115.620337    0.234248    1.209436
   84.074855  115.610128    0.240801    1.271027
   84.076003  115.599921    0.216634    1.043641
   84.077148  115.589719    0.254965    1.404184
   84.078290  115.579527    0.225810    1.129861
   84.079431  115.569340    0.251379    1.370353
   84.081715  115.548976    0.301916    1.845672
   84.084005  115.528627    0.276621    1.607625
   84.085150  115.518454    0.321241    2.027325
   84.086292  115.508278    0.264298    1.491599
   84.087432  115.498098    0.278792    1.627896
   84.089708  115.477734    0.262063    1.470429
   84.090845  115.467555    0.292881    1.760299
   84.095394  115.426800    0.170556    0.609354
   84.096535  115.416575    0.143649    0.356182
   84.097676  115.406336    0.181862    0.715620
   84.098817  115.396086    0.223786    1.109964
   84.099959  115.385824    0.370386    2.489033
   84.101102  115.375552    0.363107    2.420505
   84.102245  115.365268    0.215258    1.029596
   84.103388  115.354968    0.365464    2.442588
   84.104530  115.344649    0.347685    2.275286
   84.105672  115.334307    0.210163    0.981524
   84.106814  115.323957    0.134881    0.282209
   84.107955  115.313603    0.366445    2.451622
   84.109096  115.303250    0.478906    3.509532
   84.111376  115.282566    0.282977    1.666263
   84.112516  115.272235    0.280337    1.641388
   84.113656  115.261919    0.240756    1.268984
   84.114796  115.251619    0.221066    1.083704
   84.117076  115.231036    0.094624    0.197980
   84.118214  115.220745    0.260494    1.454477
   84.120490  115.200150    0.328111    2.090468
   84.121626  115.189847    0.285697    1.691415
   84.122761  115.179537    0.501408    3.720634
   84.123895  115.169218    0.272381    1.566049
   84.125027  115.158896    0.364904    2.436395
   84.126160  115.148572    0.488248    3.596690
   84.127293  115.138252    0.294198    1.771149
   84.128427  115.127938    0.252539    1.379200
   84.129562  115.117622    0.376088    2.541416
   84.130696  115.107302    0.275717    1.597144
   84.131830  115.096973    0.302245    1.846652
   84.134097  115.076284    0.345790    2.256198
   84.135230  115.065923    0.326867    2.078130
   84.136363  115.055548    0.338064    2.183418
   84.138629  115.034750    0.098365    0.205807
   84.139762  115.024336    0.273017    1.571352
   84.140897  115.013912    0.268447    1.528306
   84.142033  115.003480    0.344989    2.248311
   84.143169  114.993043    0.230884    1.174842
   84.144305  114.982603    0.159370    0.502030
   84.146574  114.961737    0.326731    2.076356
   84.147707  114.951307    0.224136    1.111163
   84.148840  114.940872    0.264458    1.490434
   84.149972  114.930431    0.130509    0.273062
   84.152237  114.909527    0.251375    1.367215
   84.153369  114.899067    0.289982    1.730348
   84.154502  114.888596    0.234730    1.210530
   84.155635  114.878118    0.584078    4.496911
   84.156769  114.867637    0.387687    2.649348
   84.157902  114.857157    0.232475    1.189170
   84.159034  114.846683    0.099407    0.207986
   84.160165  114.836216    0.057831    0.120998
   84.161296  114.825756    0.078626    0.164506
   84.163557  114.804862    0.000090    0.000189
   84.165817  114.784014    0.190480    0.793755
   84.166946  114.773585    0.313516    1.951152
   84.168074  114.763138    0.338486    2.185997
   84.170324  114.742187    0.233217    1.195601
   84.171448  114.731703    0.180251    0.697281
   84.173695  114.710759    0.320525    2.016791
   84.174819  114.700287    0.323421    2.043982
   84.175943  114.689807    0.187379    0.764138
   84.177068  114.679314    0.250809    1.360803
   84.178195  114.668804    0.230852    1.173009
   84.179323  114.658277    0.336525    2.167063
   84.180451  114.647730    0.246145    1.316778
   84.182710  114.626534    0.222407    1.093365
   84.184970  114.605271    0.238173    1.241577
   84.186100  114.594655    0.323138    2.040830
   84.188362  114.573471    0.574417    4.404592
   84.189492  114.562878    0.250994    1.361993
   84.190621  114.552270    0.255739    1.406580
   84.191747  114.541645    0.328347    2.089578
   84.192873  114.531014    0.231127    1.174950
   84.195123  114.509750    0.192633    0.812726
   84.196247  114.499123    0.214100    1.014624
   84.197372  114.488501    0.246156    1.316136
   84.198496  114.477885    0.269965    1.540067
   84.199619  114.467279    0.250921    1.360859
   84.200741  114.456686    0.275418    1.591261
   84.202985  114.435516    0.147764    0.390281
   84.204105  114.424934    0.017247    0.036086
   84.205225  114.414353    0.189863    0.786214
   84.207463  114.393185    0.296605    1.790273
   84.208582  114.382598    0.220441    1.073727
   84.209701  114.372009    0.272412    1.562583
   84.210821  114.361408    0.200006    0.881386
   84.213062  114.340157    0.125918    0.263456
   84.214182  114.329492    0.245228    1.306659
   84.215303  114.318812    0.290521    1.732697
   84.217545  114.297423    0.278384    1.618413
   84.218666  114.286724    0.293899    1.764324
   84.219788  114.276019    0.427119    3.017515
   84.220910  114.265310    0.192303    0.808476
   84.222031  114.254596    0.336081    2.160992
   84.223153  114.243879    0.201145    0.891550
   84.224275  114.233157    0.317030    1.981679
   84.225397  114.222427    0.253876    1.387517
   84.226518  114.211685    0.226027    1.125478
   84.227638  114.200928    0.186117    0.749979
   84.228759  114.190167    0.207454    0.950656
   84.229879  114.179402    0.195534    0.838473
   84.230998  114.168642    0.183846    0.728472
   84.232117  114.157889    0.216602    1.036564
   84.233235  114.147135    0.225704    1.122139
   84.234353  114.136380    0.207150    0.947543
   84.235471  114.125617    0.182939    0.719739
   84.236590  114.114846    0.246852    1.320937
   84.237708  114.104074    0.279702    1.629923
   84.238826  114.093304    0.268564    1.525091
   84.241057  114.071787    0.262983    1.472486
   84.242171  114.061037    0.196080    0.843058
   84.243284  114.050289    0.204292    0.920262
   84.244397  114.039540    0.276609    1.600522
   84.245510  114.028788    0.250120    1.351278
   84.246623  114.018037    0.258453    1.429624
   84.247737  114.007289    0.274015    1.575969
   84.248851  113.996550    0.400754    2.768199
   84.249968  113.985821    0.443035    3.165894
   84.251085  113.975088    0.281911    1.650097
   84.252202  113.964345    0.334173    2.141689
   84.253317  113.953581    0.435734    3.097060
   84.254431  113.942788    0.193126    0.814721
   84.255545  113.931979    0.346538    2.257863
   84.256659  113.921153    0.521691    3.905541
   84.257774  113.910309    0.577923    4.434484
   84.258889  113.899449    0.339121    2.187944
   84.260004  113.888577    0.302111    1.839722
   84.261120  113.877698    0.301422    1.833196
   84.262236  113.866817    0.274763    1.582353
   84.264469  113.845055    0.360331    2.387222
   84.265586  113.834174    0.290488    1.730129
   84.266702  113.823299    0.299925    1.818855
   84.267818  113.812432    0.167966    0.577421
   84.268933  113.801562    0.269430    1.531884
   84.270047  113.790685    0.274081    1.575580
   84.271161  113.779789    0.238683    1.242527
   84.272273  113.768870    0.392882    2.693086
   84.273385  113.757945    0.263465    1.475563
   84.274496  113.747016    0.223043    1.095248
   84.275607  113.736092    0.252106    1.368604
   84.276716  113.725177    0.222844    1.093279
   84.277826  113.714266    0.293451    1.757460
   84.278935  113.703360    0.266473    1.503618
   84.280045  113.692465    0.252679    1.373808
   84.281156  113.681582    0.362858    2.410249
   84.282267  113.670699    0.320995    2.016375
   84.283377  113.659813    0.327947    2.081732
   84.284487  113.648914    0.334789    2.146048
   84.285595  113.637996    0.268841    1.525604
   84.286702  113.627072    0.255120    1.396474
   84.287809  113.616142    0.182039    0.708925
   84.288912  113.605209    0.246013    1.310706
   84.290013  113.594275    0.412159    2.873645
   84.292215  113.572402    0.270164    1.537760
   84.293319  113.561464    0.222216    1.086645
   84.294426  113.550525    0.284616    1.673618
   84.295534  113.539585    0.224494    1.107974
   84.297750  113.517701    0.290054    1.724625
   84.298857  113.506760    0.225285    1.115269
   84.299964  113.495811    0.293084    1.753032
   84.301071  113.484852    0.298800    1.806754
   84.302177  113.473874    0.375387    2.527183
   84.303282  113.462875    0.268254    1.519295
   84.304388  113.451861    0.297018    1.789841
   84.311030  113.385559    0.196833    0.847062
   84.312138  113.374516    0.272383    1.557738
   84.313245  113.363473    0.245600    1.305733
   84.314352  113.352430    0.349284    2.281071
   84.315459  113.341381    0.364161    2.420972
   84.316564  113.330324    0.321575    2.020303
   84.317668  113.319263    0.195126    0.830705
   84.318772  113.308198    0.416062    2.909068
   84.319876  113.297127    0.630629    4.927529
   84.320979  113.286049    0.271047    1.544764
   84.322082  113.274971    0.424600    2.989243
   84.324283  113.252838    0.401713    2.773839
   84.325380  113.241795    0.308767    1.899413
   84.326476  113.230754    0.327149    2.072291
   84.327572  113.219710    0.337910    2.173473
   84.328668  113.208655    0.400459    2.761841
   84.329765  113.197584    0.262062    1.459844
   84.330863  113.186506    0.590563    4.550108
   84.331961  113.175421    0.438760    3.121995
   84.333059  113.164333    0.194218    0.821462
   84.334159  113.153244    0.154225    0.445182
   84.335259  113.142147    0.234697    1.202160
   84.336359  113.131039    0.075894    0.158791
   84.337460  113.119914    0.145813    0.365896
   84.338562  113.108770    0.203447    0.908024
   84.339664  113.097614    0.316802    1.974344
   84.340766  113.086447    0.291623    1.737428
   84.341868  113.075267    0.186721    0.750524
   84.342969  113.064076    0.198862    0.864690
   84.345171  113.041682    0.155048    0.452421
   84.346271  113.030491    0.242640    1.276376
   84.347370  113.019309    0.439704    3.130176
   84.348468  113.008128    0.287303    1.696433
   84.349566  112.996945    0.301066    1.825857
   84.350663  112.985756    0.308483    1.895586
   84.351759  112.974556    0.307181    1.883282
   84.352855  112.963356    0.310605    1.915440
   84.353950  112.952156    0.370412    2.478021
   84.355045  112.940963    0.319004    1.994355
   84.356139  112.929779    0.305980    1.871781
   84.357233  112.918595    0.064333    0.134603
   84.358327  112.907409    0.115971    0.242643
   84.359420  112.896219    0.133941    0.280242
   84.360513  112.885020    0.306388    1.875424
   84.361607  112.873817    0.454073    3.264696
   84.362700  112.862606    0.368249    2.457265
   84.363793  112.851387    0.277493    1.603443
   84.365982  112.828923    0.337292    2.165897
   84.367076  112.817685    0.296601    1.783048
   84.368168  112.806447    0.312003    1.927885
   84.369260  112.795211    0.543422    4.104880
   84.370352  112.783972    0.288085    1.702779
   84.371443  112.772728    0.259943    1.437993
   84.372535  112.761480    0.335667    2.150305
   84.373628  112.750223    0.226896    1.127003
   84.374721  112.738959    0.308342    1.893149
   84.375814  112.727687    0.286115    1.683995
   84.376906  112.716404    0.316723    1.971888
   84.377999  112.705111    0.302929    1.842069
   84.379092  112.693807    0.245614    1.302842
   84.380184  112.682495    0.502410    3.718560
   84.383457  112.648500    0.272184    1.552592
   84.384548  112.637155    0.272820    1.558521
   84.385640  112.625811    0.343528    2.223646
   84.386734  112.614468    0.328965    2.086593
   84.387828  112.603121    0.261101    1.448128
   84.388922  112.591770    0.355020    2.331603
   84.390014  112.580411    0.266258    1.496540
   84.391105  112.569043    0.457330    3.293965
   85.886860   52.673542    0.259113    1.204731
   85.886469   52.652624    0.364242    2.193627
   85.886077   52.631707    0.264605    1.256228
   85.885684   52.610792    0.260014    1.212943
   85.884105   52.527173    0.248066    1.100198
   85.883708   52.506204    0.276494    1.367540
   85.883310   52.485182    0.200030    0.648128
   85.882912   52.464146    0.233296    0.960985
   85.882514   52.443110    0.206429    0.708147
   85.882117   52.422102    0.286242    1.458887
   85.881720   52.401131    0.268310    1.290105
   85.881324   52.380172    0.357151    2.125774
   85.880926   52.359221    0.301017    1.597619
   85.880528   52.338267    0.316885    1.746804
   85.880128   52.317307    0.238686    1.011069
   85.879726   52.296354    0.393189    2.464444
   85.879325   52.275413    0.352070    2.077531
   85.878922   52.254489    0.569679    4.124566
   85.878519   52.233586    0.296394    1.553596
   85.878115   52.212704    0.327174    1.843064
   85.877712   52.191842    0.457160    3.065795
   85.877310   52.171012    0.393147    2.463520
   85.876909   52.150213    0.359769    2.149432
   85.876509   52.129432    0.399285    2.521080
   85.876108   52.108662    0.311005    1.690513
   85.875708   52.087888    0.299381    1.581079
   85.875306   52.067109    0.330760    1.876177
   85.874903   52.046334    0.318796    1.763545
   85.874499   52.025567    0.413222    2.651750
   85.874094   52.004821    0.397081    2.499816
   85.873686   51.984096    0.349548    2.052571
   85.873276   51.963371    0.293164    1.522059
   85.872456   51.921878    0.323421    1.806527
   85.872046   51.901086    0.325198    1.823155
   85.871636   51.880276    0.307720    1.658645
   85.871226   51.859452    0.310898    1.688447
   85.870815   51.838610    0.241971    1.039940
   85.870405   51.817754    0.368753    2.232530
   85.869994   51.796892    0.347009    2.027889
   85.869582   51.776029    0.346930    2.027058
   85.869168   51.755177    0.376882    2.308737
   85.868752   51.734338    0.409869    2.618974
   85.868334   51.713507    0.318878    1.762903
   85.867915   51.692683    0.332230    1.888420
   85.867497   51.671863    0.231186    0.937772
   85.867078   51.651050    0.336732    1.930594
   85.866659   51.630246    0.396602    2.493724
   85.866240   51.609455    0.259000    1.199162
   85.865823   51.588677    0.246759    1.083915
   85.865406   51.567914    0.041326    0.086465
   85.864990   51.547170    0.053905    0.112785
   85.863738   51.485099    0.478152    3.260270
   85.863319   51.464455    0.428191    2.790175
   85.862899   51.443817    0.427212    2.780878
   85.862478   51.423164    0.418298    2.696938
   85.862055   51.402491    0.348312    2.038462
   85.861633   51.381816    0.332884    1.893242
   85.861209   51.361142    0.341290    1.972228
   85.860785   51.340478    0.452558    3.018873
   85.860362   51.319824    0.255005    1.160332
   85.859937   51.299178    0.208595    0.723655
   85.859512   51.278537    0.214150    0.775819
   85.859087   51.257904    0.243717    1.053876
   85.858661   51.237279    0.174010    0.398031
   85.858234   51.216654    0.193697    0.583141
   85.857806   51.196028    0.338089    1.941399
   85.857377   51.175392    0.333260    1.895881
   85.856947   51.154744    0.069961    0.146378
   85.856517   51.134094    0.148688    0.311097
   85.856085   51.113439    0.215311    0.786027
   85.855653   51.092789    0.338481    1.944638
   85.855220   51.072144    0.231745    0.940440
   85.854786   51.051493    0.320747    1.777625
   85.854351   51.030835    0.245218    1.067006
   85.853917   51.010159    0.281961    1.412570
   85.853482   50.989464    0.278778    1.382542
   85.853047   50.968762    0.395567    2.481123
   85.852611   50.948057    0.305394    1.632749
   85.852174   50.927352    0.197696    0.619503
   85.851736   50.906650    0.377487    2.310771
   85.851298   50.885959    0.309899    1.674853
   85.850859   50.865284    0.331790    1.880696
   85.850420   50.844639    0.304844    1.627114
   85.849981   50.824030    0.338942    1.947796
   85.849541   50.803436    0.000000    0.000000
   85.849101   50.782856    0.326477    1.830363
   85.848660   50.762274    0.438433    2.883475
   85.848219   50.741687    0.251042    1.120533
   85.847778   50.721112    0.484173    3.313589
   85.847337   50.700548    0.233076    0.951345
   85.846896   50.680009    0.306067    1.637906
   85.846456   50.659497    0.269210    1.291087
   85.846017   50.638998    0.324064    1.807032
   85.845576   50.618512    0.312745    1.700459
   85.845135   50.598033    0.463032    3.114171
   85.844693   50.577560    0.255452    1.161303
   85.844251   50.557092    0.346785    2.020409
   85.843807   50.536625    0.283450    1.424505
   85.843364   50.516159    0.295510    1.537869
   85.842919   50.495690    0.238104    0.997747
   85.842474   50.475219    0.380353    2.335837
   85.842029   50.454741    0.261450    1.217189
   85.841583   50.434254    0.304902    1.625864
   85.841136   50.413758    0.231763    0.937728
   85.840689   50.393248    0.235454    0.972358
   85.840241   50.372724    0.295859    1.540524
   85.839790   50.352171    0.271631    1.312516
   85.839338   50.331588    0.250947    1.117840
   85.838884   50.310998    0.254685    1.152915
   85.838429   50.290407    0.222319    0.848345
   85.837973   50.269829    0.033941    0.071015
   85.837517   50.249272    0.141059    0.295133
   85.835236   50.146742    0.226190    0.884125
   85.834781   50.126285    0.271286    1.308268
   85.834324   50.105828    0.332042    1.879732
   85.833867   50.085369    0.312923    1.699784
   85.833409   50.064925    0.442814    2.921623
   85.832950   50.044499    0.354117    2.087126
   85.832032   50.003767    0.331667    1.875749
   85.831573   49.983434    0.425489    2.758282
   85.831113   49.963106    0.326123    1.823421
   85.830653   49.942760    0.283467    1.422053
   85.830193   49.922388    0.292456    1.506525
   85.829273   49.881636    0.348988    2.038165
   85.828814   49.861267    0.364593    2.184878
   85.828356   49.840909    0.605720    4.453154
   85.827897   49.820554    0.321994    1.783961
   85.827437   49.800207    0.159265    0.333227
   85.826974   49.779869    0.165861    0.347027
   85.826507   49.759542    0.359392    2.135508
   85.826039   49.739215    0.343818    1.988904
   85.825570   49.718883    0.186188    0.505936
   85.824162   49.657788    0.154459    0.323171
   85.823692   49.637409    0.162728    0.340472
   85.822754   49.596669    0.190210    0.543239
   85.821815   49.555944    0.129112    0.270138
   85.821344   49.535588    0.260122    1.200664
   85.820872   49.515232    0.426644    2.767097
   85.820399   49.494881    0.264346    1.240218
   85.819926   49.474533    0.344214    1.991472
   85.819451   49.454187    0.327255    1.831843
   85.818977   49.433841    0.339135    1.943517
   85.818501   49.413505    0.241721    1.027024
   85.818025   49.393185    0.399102    2.507472
   85.817549   49.372892    0.448790    2.974808
   85.817072   49.352630    0.290371    1.484418
   85.816595   49.332385    0.349042    2.036266
   85.816118   49.312149    0.305770    1.629106
   85.815640   49.291915    0.348543    2.031401
   85.815161   49.271676    0.156844    0.328160
   85.814682   49.251446    0.154801    0.323886
   85.814203   49.231227    0.165156    0.345551
   85.813725   49.211028    0.029894    0.062547
   85.813247   49.190853    0.336641    1.918992
   85.812770   49.170685    0.198375    0.618188
   85.812291   49.150523    0.331513    1.870572
   85.811812   49.130358    0.309917    1.667320
   85.811330   49.110186    0.269150    1.283718
   85.810848   49.090010    0.268717    1.279558
   85.810365   49.069827    0.341521    1.964361
   85.809882   49.049626    0.361885    2.155840
   85.809399   49.029406    0.322527    1.785497
   85.808916   49.009183    0.389738    2.417690
   85.808432   48.988965    0.370998    2.241303
   85.807947   48.968766    0.264375    1.238173
   85.807461   48.948591    0.196392    0.598547
   85.806487   48.908260    0.186663    0.506847
   85.805999   48.888092    0.155871    0.326126
   85.805510   48.867916    0.589311    4.294514
   85.805021   48.847736    0.326283    1.820027
   85.804532   48.827555    0.320317    1.763813
   85.804041   48.807368    0.371405    2.244331
   85.803551   48.787176    0.442286    2.911044
   85.803060   48.766987    0.462813    3.104061
   85.802077   48.726646    0.421139    2.711834
   85.801585   48.706508    0.492959    3.387384
   85.801092   48.686380    0.273789    1.325489
   85.800598   48.666258    0.246739    1.070923
   85.800103   48.646134    0.234755    0.958102
   85.799606   48.626004    0.159726    0.334190
   85.799108   48.605879    0.242623    1.031939
   85.798610   48.585764    0.330495    1.858494
   85.798112   48.565669    0.258154    1.177871
   85.797616   48.545593    0.136553    0.285706
   85.797119   48.525528    0.250520    1.105872
   85.796127   48.485411    0.402638    2.536717
   85.795630   48.465349    0.381860    2.341167
   85.794636   48.425246    0.352909    2.068635
   85.794138   48.405214    0.434254    2.833780
   85.793639   48.385201    0.438517    2.873796
   85.793139   48.365200    0.423780    2.735067
   85.792639   48.345210    0.630289    4.677683
   85.792137   48.325240    0.406520    2.572522
   85.791635   48.305285    0.443836    2.923477
   85.791133   48.285332    0.475967    3.225659
   85.790630   48.265370    0.437759    2.866130
   85.790128   48.245381    0.405028    2.558134
   85.789627   48.225358    0.415351    2.655155
   85.789125   48.205322    0.415032    2.652062
   85.788623   48.185276    0.495921    3.412919
   85.788119   48.165222    0.413188    2.634531
   85.787614   48.145165    0.484424    3.304585
   85.787107   48.125111    0.535556    3.785506
   85.786599   48.105062    0.413261    2.634949
   85.786091   48.085035    0.408313    2.588309
   85.785581   48.065032    0.434047    2.830304
   85.785071   48.045034    0.302883    1.596311
   85.784559   48.025042    0.268511    1.272875
   85.783532   47.985008    0.451960    2.998460
   85.783017   47.964990    0.384920    2.367700
   85.782503   47.944990    0.366506    2.194380
   85.781990   47.925033    0.373804    2.262950
   85.781478   47.905124    0.365950    2.188968
   85.780967   47.885238    0.499361    3.443924
   85.780456   47.865364    0.384510    2.363384
   85.779944   47.845491    0.490377    3.359227
   85.779431   47.825613    0.369872    2.225502
   85.778917   47.805738    0.331728    1.866583
   85.777888   47.766008    0.394051    2.452694
   85.777373   47.746155    0.422538    2.720591
   85.776858   47.726306    0.360473    2.136630
   85.776343   47.706457    0.437802    2.864003
   85.775312   47.666758    0.384671    2.363999
   85.774797   47.646906    0.362555    2.155856
   85.773761   47.607187    0.396944    2.479178
   85.773241   47.587315    0.464067    3.110538
   85.772719   47.567442    0.258190    1.173691
   85.772196   47.547571    0.210890    0.728632
   85.771150   47.507856    0.190572    0.537312
   85.770627   47.488008    0.157229    0.328967
   85.770103   47.468164    0.220689    0.820449
   85.769580   47.448320    0.226790    0.877758
   85.769057   47.428477    0.180951    0.446444
   85.765897   47.309517    0.207407    0.694775
   85.765366   47.289742    0.414703    2.644788
   85.764835   47.269996    0.511438    3.554714
   85.764304   47.250264    0.448059    2.958396
   85.763772   47.230538    0.297036    1.537579
   85.763241   47.210807    0.362424    2.152621
   85.762710   47.191068    0.483808    3.294427
   85.762180   47.171327    0.492033    3.371709
   85.761649   47.151585    0.353268    2.066208
   85.760586   47.112085    0.388257    2.395179
   85.760053   47.092335    0.365188    2.178076
   85.759521   47.072592    0.426217    2.752102
   85.758987   47.052867    0.579067    4.189920
   85.758453   47.033162    0.390445    2.415399
   85.757918   47.013464    0.391485    2.425091
   85.757382   46.993773    0.338533    1.926868
   85.756846   46.974080    0.527508    3.704521
   85.756310   46.954383    0.447867    2.955228
   85.755237   46.915002    0.454656    3.018904
   85.754701   46.895328    0.464518    3.111594
   85.754164   46.875666    0.367628    2.200023
   85.753627   46.856010    0.500437    3.449315
   85.753089   46.836356    0.456049    3.031651
   85.752551   46.816697    0.418548    2.678773
   85.752012   46.797034    0.417905    2.672627
   85.751473   46.777364    0.591603    4.306571
   85.750932   46.757689    0.348340    2.018029
   85.750390   46.737998    0.405001    2.550960
   85.749845   46.718288    0.443683    2.914768
   85.749299   46.698580    0.520717    3.639363
   85.748752   46.678880    0.352444    2.056269
   85.748206   46.659209    0.394195    2.448939
   85.747661   46.639571    0.457153    3.041120
   85.747115   46.619947    0.516164    3.596159
   85.746570   46.600333    0.403967    2.540593
   85.746023   46.580719    0.471128    3.172316
   85.745475   46.561103    0.409989    2.597070
   85.744927   46.541493    0.389948    2.408438
   85.744379   46.521889    0.420479    2.695570
   85.743830   46.502291    0.364753    2.171239
   85.743281   46.482700    0.381350    2.327281
   85.742733   46.463122    0.331313    1.856478
   85.742184   46.443560    0.371229    2.231893
   85.741635   46.424027    0.369224    2.212938
   85.741086   46.404527    0.501834    3.460348
   85.739988   46.365547    0.398740    2.490328
   85.739437   46.346044    0.342614    1.962244
   85.738885   46.326518    0.402776    2.528117
   85.738333   46.306989    0.367761    2.198628
   85.737780   46.287455    0.308957    1.645341
   85.736123   46.228859    0.429351    2.777653
   85.735569   46.209335    0.306458    1.621469
   85.735014   46.189824    0.265980    1.240590
   85.734458   46.170328    0.369870    2.217829
   85.733900   46.150835    0.290381    1.469949
   85.733343   46.131338    0.363796    2.160500
   85.732785   46.111823    0.399018    2.491750
   85.732229   46.092284    0.281235    1.383634
   85.731672   46.072748    0.370863    2.226703
   85.730555   46.033719    0.359263    2.117398
   85.728874   45.975358    0.150449    0.314781
   85.727184   45.917059    0.109272    0.228628
   85.726620   45.897640    0.253336    1.120269
   85.726056   45.878234    0.414560    2.636864
   85.725493   45.858840    0.392487    2.429121
   85.724929   45.839452    0.379394    2.305865
   85.724365   45.820068    0.416567    2.655466
   85.723801   45.800682    0.331108    1.851437
   85.723236   45.781293    0.330765    1.848118
   85.722671   45.761906    0.313869    1.689076
   85.720400   45.684409    0.347899    2.008843
   85.719831   45.665051    0.269547    1.271670
   85.719262   45.645702    0.301796    1.574956
   85.718693   45.626365    0.469486    3.152376
   85.718124   45.607029    0.308657    1.639315
   85.717555   45.587690    0.430456    2.785024
   85.716986   45.568339    0.406681    2.561274
   85.716416   45.548970    0.233564    0.932616
   85.715845   45.529598    0.045026    0.094207
   85.715273   45.510223    0.136745    0.286109
   85.714700   45.490850    0.234362    0.939846
   85.714126   45.471480    0.450848    2.976305
   85.713550   45.452116    0.220326    0.807618
   85.712974   45.432764    0.158261    0.331125
   85.712398   45.413432    0.160242    0.335271
   85.711822   45.394125    0.088249    0.184641
   85.711245   45.374829    0.097423    0.203835
   85.710668   45.355541    0.329352    1.832806
   85.710091   45.336249    0.731505    5.615903
   85.709514   45.316950    0.402859    2.524121
   85.708937   45.297662    0.583853    4.226707
   85.708359   45.278390    0.183601    0.461308
   85.707780   45.259151    0.093499    0.195626
   85.706622   45.220763    0.424815    2.730215
   85.706041   45.201588    0.451744    2.983454
   85.705461   45.182414    0.372108    2.234196
   85.704879   45.163235    0.220793    0.810634
   85.704296   45.144055    0.130751    0.273567
   85.703714   45.124867    0.184685    0.470767
   85.703130   45.105662    0.214783    0.753817
   85.702546   45.086438    0.394075    2.440391
   85.701962   45.067208    0.438142    2.854854
   85.701378   45.047978    0.432688    2.803449
   85.700794   45.028762    0.475886    3.209738
   85.700211   45.009562    0.348683    2.013003
   85.699627   44.990364    0.419124    2.675570
   82.369830    8.253950    0.092053    0.192599
   82.368517    8.247765    0.222031    0.471157
   82.367204    8.241582    0.083765    0.175259
   82.365889    8.235407    0.112236    0.234828
   82.364573    8.229238    0.250443    0.738055
   82.363257    8.223074    0.203714    0.426226
   82.361939    8.216911    0.126230    0.264107
   82.360620    8.210752    0.267324    0.896472
   82.359300    8.204594    0.208546    0.436336
   82.357978    8.198433    0.260899    0.835773
   82.356656    8.192268    0.185852    0.388854
   82.355333    8.186088    0.176774    0.369859
   82.354008    8.179892    0.164578    0.344343
   82.352683    8.173694    0.138640    0.290073
   82.351358    8.167497    0.221631    0.465718
   82.350034    8.161311    0.240477    0.642879
   82.348710    8.155139    0.300848    1.210677
   82.347386    8.148973    0.212254    0.444094
   82.346063    8.142813    0.218693    0.457567
   82.344740    8.136655    0.217044    0.454116
   82.343417    8.130500    0.066637    0.139423
   82.342094    8.124350    0.168685    0.352936
   82.340772    8.118205    0.157717    0.329987
   82.339451    8.112066    0.293593    1.141521
   82.338132    8.105935    0.076570    0.160206
   82.336813    8.099807    0.116390    0.243519
   82.335496    8.093681    0.362984    1.793921
   82.334179    8.087550    0.257106    0.797760
   82.332863    8.081414    0.238548    0.623056
   82.330231    8.069150    0.239386    0.630672
   82.328915    8.063032    0.231639    0.557665
   82.327598    8.056926    0.207981    0.435154
   82.326282    8.050826    0.156022    0.326441
   82.324964    8.044728    0.273693    0.952896
   82.323646    8.038632    0.304596    1.243480
   82.322326    8.032533    0.253502    0.762694
   82.321007    8.026435    0.253043    0.758238
   82.319686    8.020337    0.231547    0.555895
   82.318365    8.014238    0.239288    0.628587
   82.317042    8.008138    0.275127    0.965604
   82.315720    8.002038    0.151878    0.317770
   82.314397    7.995938    0.316178    1.351521
   82.313074    7.989841    0.223436    0.478935
   82.311751    7.983745    0.265859    0.877899
   82.310428    7.977649    0.214159    0.448080
   82.309104    7.971554    0.324248    1.426915
   82.307779    7.965458    0.257254    0.796557
   82.306453    7.959362    0.241249    0.645856
   82.305127    7.953264    0.198029    0.414331
   82.303801    7.947163    0.289301    1.097639
   82.302475    7.941055    0.339009    1.565122
   82.301150    7.934940    0.313887    1.328664
   82.299825    7.928825    0.313075    1.320891
   82.298501    7.922713    0.235131    0.587514
   82.297176    7.916609    0.201144    0.420849
   82.295852    7.910514    0.284582    1.052459
   82.294527    7.904427    0.195808    0.409683
   82.293203    7.898347    0.303025    1.225696
   82.291878    7.892275    0.365373    1.812096
   82.290553    7.886213    0.271087    0.924986
   82.289228    7.880155    0.274835    0.960112
   82.287903    7.874101    0.444409    2.555219
   82.286580    7.868046    0.368362    1.839688
   82.283935    7.855936    0.414799    2.276279
   82.282613    7.849885    0.386899    2.013684
   82.281292    7.843838    0.321497    1.398288
   82.279972    7.837796    0.352402    1.688896
   82.278652    7.831757    0.322235    1.404971
   82.277332    7.825724    0.409303    2.223917
   82.276011    7.819696    0.340934    1.580623
   82.274690    7.813673    0.297114    1.168259
   82.272046    7.801637    0.307828    1.268792
   82.270722    7.795622    0.266139    0.876481
   82.269397    7.789607    0.345140    1.619534
   82.268071    7.783590    0.499757    3.073944
   82.266745    7.777571    0.422600    2.347972
   82.265420    7.771542    0.275951    0.968256
   82.264096    7.765503    0.416050    2.286090
   82.262771    7.759462    0.258019    0.799301
   82.261446    7.753421    0.374187    1.892009
   82.260119    7.747384    0.373306    1.883583
   82.258790    7.741352    0.338518    1.556196
   82.257460    7.735325    0.299260    1.186753
   82.256130    7.729304    0.385545    1.998331
   82.254800    7.723295    0.325884    1.436951
   82.253469    7.717297    0.422718    2.347771
   82.252139    7.711303    0.335710    1.529125
   82.248155    7.693308    0.386189    2.003601
   82.246830    7.687302    0.402989    2.161520
   82.245505    7.681297    0.375357    1.901443
   82.242856    7.669292    0.347915    1.643027
   82.241532    7.663295    0.423578    2.354684
   82.240208    7.657302    0.429192    2.407362
   82.238885    7.651317    0.359143    1.748259
   82.237562    7.645341    0.468189    2.773956
   82.236239    7.639369    0.363061    1.784851
   82.234916    7.633400    0.404788    2.177263
   82.233591    7.627430    0.351516    1.675983
   82.232265    7.621458    0.291810    1.114175
   82.230939    7.615485    0.489301    2.971908
   82.229612    7.609511    0.562786    3.663082
   82.228286    7.603532    0.455448    2.653178
   82.226959    7.597549    0.513172    3.196077
   82.225633    7.591566    0.409297    2.218759
   82.224306    7.585584    0.362286    1.776384
   82.222979    7.579606    0.386909    2.007890
   82.221650    7.573632    0.485001    2.930537
   82.220321    7.567664    0.356877    1.725103
   82.218992    7.561702    0.350981    1.669511
   82.217662    7.555753    0.313950    1.321008
   82.215000    7.543882    0.345218    1.614901
   82.213669    7.537949    0.325777    1.431880
   82.212337    7.532007    0.220402    0.461141
   82.211006    7.526054    0.380177    1.943375
   82.209675    7.520100    0.385515    1.993462
   82.208344    7.514149    0.443656    2.540282
   82.207014    7.508206    0.333526    1.504126
   82.205683    7.502274    0.303472    1.221267
   82.204353    7.496347    0.416407    2.283547
   82.201694    7.484497    0.260965    0.820990
   82.200366    7.478573    0.284207    1.039506
   82.199037    7.472648    0.254198    0.757075
   82.197708    7.466725    0.190297    0.398154
   82.196380    7.460801    0.256717    0.780509
   82.195051    7.454877    0.265169    0.859881
   82.193722    7.448954    0.348553    1.644178
   82.192393    7.443032    0.323486    1.408230
   82.191063    7.437112    0.372458    1.868790
   82.189733    7.431192    0.185801    0.388747
   82.188404    7.425276    0.357140    1.724427
   82.185745    7.413458    0.242485    0.645573
   82.184416    7.407561    0.256666    0.778847
   82.183088    7.401668    0.274636    0.947760
   82.181759    7.395777    0.363338    1.782085
   82.180430    7.389888    0.378550    1.925050
   82.179100    7.383998    0.331786    1.485003
   82.177769    7.378107    0.394576    2.075551
   82.176438    7.372213    0.309110    1.271411
   82.175105    7.366312    0.272379    0.925744
   82.173771    7.360403    0.244653    0.664784
   82.172437    7.354492    0.159079    0.332838
   82.171103    7.348581    0.372844    1.870456
   82.169769    7.342673    0.331879    1.484948
   82.168436    7.336770    0.396163    2.089558
   82.167103    7.330872    0.268998    0.893148
   82.165771    7.324980    0.301960    1.203102
   82.164440    7.319100    0.284381    1.037593
   82.163110    7.313231    0.235214    0.574933
   82.161781    7.307369    0.295525    1.142172
   82.160452    7.301511    0.265979    0.864087
   82.159122    7.295654    0.234351    0.566419
   82.157791    7.289797    0.292766    1.115818
   82.156460    7.283940    0.290813    1.097319
   82.155129    7.278079    0.301164    1.194560
   82.153799    7.272211    0.248935    0.703096
   82.152471    7.266334    0.251575    0.727795
   82.151142    7.260456    0.266086    0.864170
   82.149813    7.254577    0.166724    0.348832
   82.148482    7.248702    0.151508    0.316996
   82.147149    7.242832    0.312021    1.295902
   82.145816    7.236966    0.140330    0.293610
   82.143148    7.225258    0.174630    0.365374
   82.141814    7.219419    0.168824    0.353226
   82.140481    7.213586    0.188777    0.394974
   82.139148    7.207757    0.160420    0.335642
   82.137817    7.201928    0.179309    0.375163
   82.136487    7.196098    0.212121    0.443815
   82.135157    7.190271    0.290649    1.093665
   82.133828    7.184445    0.236829    0.587227
   82.132497    7.178620    0.311192    1.286657
   82.131164    7.172799    0.200766    0.420058
   82.129831    7.166979    0.170582    0.356904
   82.128497    7.161161    0.152852    0.319807
   82.127165    7.155345    0.201108    0.420774
   82.125833    7.149530    0.260021    0.804620
   82.124502    7.143718    0.204387    0.427635
   82.123170    7.137909    0.192615    0.403004
   82.121838    7.132104    0.254743    0.754571
   82.120505    7.126303    0.248964    0.700073
   82.119171    7.120503    0.193421    0.404691
   82.117837    7.114703    0.160585    0.335987
   82.116504    7.108899    0.170983    0.357744
   82.113836    7.097281    0.247195    0.682777
   82.112502    7.091473    0.202839    0.424394
   82.111167    7.085670    0.219148    0.458517
   82.109831    7.079874    0.250120    0.709899
   82.108494    7.074079    0.053045    0.110986
   82.107158    7.068283    0.246481    0.675401
   82.105823    7.062482    0.280875    0.998819
   82.104489    7.056674    0.170007    0.355701
   82.103155    7.050866    0.276207    0.954647
   82.101821    7.045059    0.231810    0.536853
   82.100487    7.039255    0.159238    0.333169
   82.099154    7.033455    0.177656    0.371705
   82.097820    7.027661    0.384983    1.977411
   82.096487    7.021872    0.309039    1.262847
   82.095155    7.016092    0.130745    0.273555
   82.093824    7.010323    0.123645    0.258699
   82.092492    7.004558    0.083204    0.174087
   82.089827    6.993037    0.140560    0.294091
   82.088494    6.987279    0.168174    0.351866
   82.087159    6.981520    0.126135    0.263908
   82.085824    6.975761    0.207717    0.434602
   82.084488    6.969997    0.253050    0.734962
   82.081815    6.958458    0.117603    0.246058
   82.080477    6.952691    0.256053    0.762810
   82.079139    6.946928    0.260885    0.808139
   82.077801    6.941172    0.195059    0.408116
   82.076462    6.935420    0.278679    0.975269
   82.075124    6.929672    0.143099    0.299403
   82.073785    6.923930    0.152246    0.318541
   82.072448    6.918194    0.236182    0.575091
   82.071110    6.912462    0.296883    1.145994
   82.069772    6.906732    0.123681    0.258776
   82.068435    6.901004    0.196469    0.411067
   82.067097    6.895278    0.130852    0.273779
   82.065760    6.889552    0.233367    0.547948
   82.064423    6.883825    0.044772    0.093675
   82.063085    6.878093    0.059011    0.123467
   82.061747    6.872358    0.232557    0.539940
   82.060410    6.866622    0.010469    0.021904
   82.059072    6.860886    0.235889    0.571018
   82.057734    6.855156    0.094017    0.196709
   82.056398    6.849431    0.189364    0.396201
   82.055061    6.843707    0.162973    0.340985
   82.053724    6.837985    0.270065    0.891994
   82.052387    6.832259    0.218632    0.457439
   82.051049    6.826531    0.197428    0.413073
   82.049711    6.820805    0.194736    0.407441
   82.048373    6.815080    0.064834    0.135650
   82.047036    6.809362    0.216402    0.452773
   82.045699    6.803649    0.078728    0.164722
   82.044362    6.797941    0.085306    0.178483
   82.043025    6.792238    0.344304    1.589336
   82.039013    6.775169    0.128532    0.268925
   82.037675    6.769485    0.092612    0.193769
   82.036337    6.763797    0.121812    0.254865
   82.034999    6.758105    0.146663    0.306859
   82.033662    6.752413    0.130836    0.273744
   82.030986    6.741033    0.163534    0.342158
   82.029648    6.735347    0.151176    0.316302
   82.028309    6.729663    0.092548    0.193635
   82.026971    6.723984    0.160857    0.336556
   82.025632    6.718311    0.203330    0.425422
   82.024294    6.712647    0.211778    0.443097
   82.022956    6.706984    0.251077    0.710335
   82.021616    6.701319    0.132486    0.277198
   82.020275    6.695647    0.174263    0.364606
   82.018932    6.689965    0.098606    0.206311
   82.017588    6.684282    0.116945    0.244681
   82.016244    6.678599    0.155165    0.324647
   82.014901    6.672919    0.206371    0.431785
   82.013559    6.667244    0.179750    0.376087
   82.012216    6.661571    0.143069    0.299341
   82.010874    6.655903    0.359030    1.724695
   82.009532    6.650238    0.193591    0.405047
   82.008191    6.644577    0.229968    0.510300
   82.006849    6.638920    0.213517    0.446736
   82.005508    6.633268    0.189494    0.396473
   82.004168    6.627623    0.177432    0.371238
   82.002828    6.621984    0.171867    0.359594
   82.001489    6.616350    0.233446    0.542358
   82.000150    6.610719    0.149092    0.311942
   81.998813    6.605089    0.278987    0.970515
   81.997476    6.599461    0.163389    0.341854
   81.996139    6.593833    0.290091    1.074716
   81.994802    6.588204    0.234316    0.549892
   81.993465    6.582573    0.044826    0.093788
   81.992127    6.576938    0.162121    0.339201
   81.990788    6.571303    0.299716    1.164732
   81.989448    6.565671    0.179321    0.375189
   81.988107    6.560044    0.430715    2.396818
   81.986765    6.554424    0.208750    0.436761
   81.985422    6.548807    0.194554    0.407061
   81.984080    6.543192    0.239559    0.598156
   81.982738    6.537578    0.285173    1.027126
   81.981397    6.531965    0.173895    0.363837
   81.980055    6.526352    0.184484    0.385992
   81.978714    6.520738    0.161456    0.337810
   81.977371    6.515118    0.273239    0.914336
   81.976027    6.509492    0.232606    0.531946
   81.974682    6.503865    0.254461    0.737419
   81.973337    6.498238    0.273181    0.913392
   81.971992    6.492611    0.247797    0.674458
   81.970647    6.486987    0.183084    0.383063
   81.969302    6.481366    0.228187    0.489715
   81.967957    6.475751    0.273135    0.912427
   81.966611    6.470148    0.248330    0.678946
   81.965265    6.464558    0.225037    0.470838
   81.963918    6.458972    0.218869    0.457934
   81.962571    6.453388    0.040634    0.085018
   81.961226    6.447800    0.097208    0.203385
   81.959881    6.442205    0.066020    0.138133
   81.958537    6.436610    0.225712    0.472253
   81.957193    6.431015    0.258276    0.771584
   81.955850    6.425422    0.284063    1.014038
   81.954508    6.419831    0.186275    0.389738
   81.953167    6.414244    0.335119    1.494069
   81.951826    6.408662    0.342792    1.566127
   81.950487    6.403092    0.454461    2.616497
   81.949148    6.397533    0.432176    2.406720
   81.947809    6.391978    0.187665    0.392648
   81.946470    6.386427    0.273020    0.909228
   81.945130    6.380873    0.335002    1.492177
   81.943789    6.375317    0.285246    1.023974
   81.942448    6.369761    0.307072    1.229167
   81.941107    6.364204    0.304404    1.203934
   81.939766    6.358646    0.359683    1.723828
   81.938424    6.353087    0.296017    1.124768
   81.937082    6.347529    0.290201    1.069924
   81.935739    6.341974    0.349432    1.627001
   81.934394    6.336429    0.387773    1.987558
   81.933048    6.330892    0.379416    1.908807
   81.931701    6.325356    0.301804    1.178547
   81.930353    6.319816    0.274480    0.921369
   81.929005    6.314261    0.451652    2.587960
   81.927656    6.308689    0.309669    1.252145
   81.926307    6.303114    0.285581    1.025407
   81.924957    6.297538    0.330665    1.449394
   81.923608    6.291968    0.350987    1.640430
   81.922259    6.286404    0.404031    2.139301
   81.920911    6.280846    0.389996    2.007142
   81.919563    6.275295    0.367211    1.792657
   81.918216    6.269753    0.286373    1.032055
   81.916872    6.264222    0.375264    1.868155
   81.915528    6.258697    0.278975    0.962191
   81.914185    6.253177    0.324705    1.392258
   81.912842    6.247658    0.275817    0.932220
   81.911500    6.242139    0.246642    0.657629
   81.910159    6.236624    0.381237    1.923676
   81.908817    6.231112    0.255867    0.744146
   81.907476    6.225607    0.169611    0.354872
   81.906134    6.220107    0.239785    0.592596
   81.904793    6.214611    0.237105    0.567247
   81.903451    6.209117    0.267565    0.853661
   81.902110    6.203624    0.338494    1.520780
   81.900770    6.198131    0.272904    0.903620
   81.899429    6.192637    0.297081    1.130935
   81.898087    6.187139    0.297899    1.138487
   81.896745    6.181628    0.245881    0.649006
   81.895401    6.176106    0.290966    1.073002
   81.894056    6.170583    0.188656    0.394721
   81.892710    6.165063    0.331452    1.453601
   81.891363    6.159556    0.246185    0.651332
   81.890015    6.154065    0.214671    0.449150
   81.888666    6.148578    0.235092    0.546702
   81.887317    6.143094    0.198793    0.415930
   81.885969    6.137606    0.266591    0.842761
   81.884623    6.132113    0.297143    1.130043
   81.883276    6.126621    0.293073    1.091613
   81.881929    6.121130    0.273191    0.904451
   81.880581    6.115641    0.268424    0.859467
   81.879231    6.110156    0.282797    0.994543
   81.876531    6.099190    0.361852    1.737971
   81.875181    6.093706    0.312507    1.273636
   81.873832    6.088219    0.244903    0.637525
   81.872483    6.082735    0.281579    0.982420
   81.871135    6.077253    0.342887    1.559030
   81.869786    6.071780    0.319626    1.340067
   81.868438    6.066315    0.316672    1.312143
   81.867090    6.060854    0.401801    2.112846
   81.865742    6.055394    0.387299    1.976286
   81.864395    6.049931    0.274430    0.914364
   81.863048    6.044464    0.449599    2.562098
   81.861702    6.039000    0.349249    1.617934
   81.860356    6.033539    0.391932    2.019342
   81.859010    6.028089    0.407522    2.165867
   81.857664    6.022650    0.259862    0.776643
   81.856318    6.017216    0.311402    1.261363
   81.854972    6.011783    0.213117    0.445899
   81.853626    6.006350    0.224319    0.469337
   81.852280    6.000914    0.317335    1.316775
   81.850934    5.995478    0.278916    0.955223
   81.849588    5.990042    0.129174    0.270267
   81.848243    5.984605    0.240271    0.591406
   81.846899    5.979167    0.303318    1.184375
   81.845554    5.973728    0.252572    0.706853
   81.844210    5.968288    0.340665    1.535442
   81.842864    5.962846    0.241914    0.606327
   81.841518    5.957403    0.343149    1.558546
   81.840170    5.951959    0.122875    0.257088
   81.838821    5.946515    0.102280    0.213997
   81.836116    5.935632    0.109982    0.230112
   81.826631    5.897589    0.336728    1.496655
   81.825277    5.892171    0.252043    0.699863
   81.823924    5.886759    0.551740    3.519083
   81.806394    5.816746    0.227861    0.476747
   81.805046    5.811366    0.229322    0.484109
   81.803698    5.805993    0.146673    0.306881
   81.802349    5.800622    0.125857    0.263327
   81.801000    5.795251    0.206954    0.433004
   81.796951    5.779120    0.115552    0.241767
   81.795601    5.773738    0.218435    0.457027
   81.794250    5.768352    0.197496    0.413216
   81.791546    5.757572    0.220239    0.460801
   81.790192    5.752187    0.216490    0.452958
   81.788838    5.746813    0.193446    0.404743
   81.782058    5.720040    0.313599    1.274645
   81.780702    5.714691    0.143068    0.299338
   81.777991    5.703996    0.277857    0.938000
