Converting ICESat/GLAS binary freeboard vector data to ASCII
Wed Feb 12 09:57:05 2014

write_fb:
  file_in:       laser3k0052002.dat
  laser_period:  3k
  track:         0052
  cycle:         002
  file_out:      laser3k0052002.txt
  non_zero_only:        0
  nan_replace:       -999

read_fb:
  Year:                  2008
  Month:                   10
  Day:                     12
  Hour:                    20
  Minute:                  11
  Doy:                    286
  record_count:           678
  non_zero_count:         675
  nan_count:                0

    Latitude   Longitude   Freeboard   Thickness
   86.020967  110.274003    0.383941    2.408769
   86.020977  110.251610    0.400381    2.563492
   86.020986  110.229192    0.345607    2.048284
   86.020996  110.206753    0.421713    2.764305
   86.021004  110.184305    0.334669    1.945524
   86.021012  110.161857    0.222503    0.890416
   86.021017  110.139415    0.254032    1.187087
   86.021020  110.116981    0.267767    1.316370
   86.021022  110.094556    0.334503    1.944242
   86.021023  110.072141    0.352105    2.109904
   86.021021  110.049747    0.282068    1.451108
   86.021018  110.027372    0.393044    2.495174
   86.021014  110.005002    0.441346    2.949636
   86.021010  109.982634    0.290903    1.534435
   86.021007  109.960251    0.218250    0.851035
   86.021004  109.937855    0.325462    1.859688
   86.021002  109.915454    0.279922    1.431340
   86.021000  109.893050    0.344756    2.041333
   86.020998  109.870643    0.330192    1.904388
   86.020996  109.848235    0.170374    0.400997
   86.020994  109.825831    0.310610    1.720318
   86.020991  109.803434    0.230714    0.968776
   86.020981  109.758690    0.334200    1.942443
   86.020974  109.736332    0.252089    1.170065
   86.020968  109.713978    0.315041    1.762343
   86.020961  109.691614    0.130036    0.274507
   86.020954  109.669244    0.245383    1.107187
   86.020947  109.646875    0.284953    1.479508
   86.020941  109.624509    0.358775    2.174048
   86.020936  109.602153    0.230440    0.966828
   86.020932  109.579805    0.253277    1.181727
   86.020927  109.557463    0.322295    1.831073
   86.020922  109.535126    0.290344    1.530569
   86.020915  109.512794    0.280413    1.437209
   86.020906  109.490468    0.294476    1.569579
   86.020896  109.468139    0.308925    1.705569
   86.020884  109.445804    0.155291    0.327821
   86.020871  109.423458    0.282742    1.459401
   86.020857  109.401097    0.303302    1.652881
   86.020842  109.378726    0.269295    1.333035
   86.020825  109.356344    0.373823    2.316437
   86.020808  109.333949    0.347887    2.072518
   86.020770  109.289127    0.282349    1.456120
   86.020749  109.266704    0.374873    2.326589
   86.020728  109.244271    0.266305    1.305324
   86.020705  109.221832    0.353441    2.125118
   86.020681  109.199392    0.504223    3.543645
   86.020657  109.176951    0.294617    1.571874
   86.020631  109.154517    0.314055    1.754806
   86.020605  109.132090    0.307555    1.693727
   86.020578  109.109673    0.266071    1.303544
   86.020551  109.087266    0.363634    2.221423
   86.020525  109.064881    0.269195    1.333071
   86.020499  109.042517    0.295574    1.581299
   86.020473  109.020160    0.307079    1.689604
   86.020424  108.975430    0.244219    1.098393
   86.020402  108.953041    0.296974    1.594745
   86.020380  108.930655    0.222429    0.893541
   86.020357  108.908277    0.293796    1.564983
   86.020331  108.885924    0.266562    1.308855
   86.020302  108.863596    0.238063    1.040821
   86.020273  108.841274    0.273634    1.375525
   86.020242  108.818953    0.246561    1.120903
   86.020211  108.796617    0.241008    1.068738
   86.020181  108.774267    0.299705    1.620990
   86.020151  108.751910    0.178203    0.478045
   86.020120  108.729549    0.202168    0.703566
   86.020090  108.707187    0.282407    1.458472
   86.020061  108.684823    0.256260    1.212559
   86.020031  108.662459    0.310478    1.722681
   86.020000  108.640092    0.315058    1.765830
   86.019899  108.572990    0.282999    1.464454
   86.019862  108.550611    0.208907    0.767511
   86.019820  108.528214    0.496396    3.472083
   86.019775  108.505798    0.268829    1.331359
   86.019728  108.483377    0.233603    1.000045
   86.019681  108.460952    0.080940    0.170864
   86.019636  108.438530    0.222549    0.896191
   86.019594  108.416113    0.199931    0.683487
   86.019552  108.393697    0.225268    0.921914
   86.019510  108.371284    0.316799    1.783045
   86.019380  108.304049    0.288416    1.516242
   86.019334  108.281647    0.235903    1.022307
   86.019287  108.259253    0.253178    1.184881
   86.019237  108.236866    0.295144    1.579741
   86.019187  108.214495    0.224762    0.917705
   86.019137  108.192143    0.293147    1.561096
   86.019087  108.169825    0.283323    1.468751
   86.019038  108.147542    0.382091    2.397962
   86.018990  108.125271    0.214414    0.820638
   86.018942  108.103004    0.248175    1.138300
   86.018896  108.080726    0.218180    0.856195
   86.018851  108.058433    0.145329    0.306791
   86.018806  108.036136    0.178672    0.484674
   86.018761  108.013832    0.181059    0.507194
   86.018715  107.991521    0.039984    0.084406
   86.018668  107.969204    0.000000    0.000000
   86.018570  107.924556    0.206118    0.743209
   86.018517  107.902234    0.319933    1.813967
   86.018462  107.879913    0.209917    0.779083
   86.018405  107.857582    0.309284    1.713930
   86.018347  107.835233    0.170750    0.410756
   86.018289  107.812845    0.013070    0.027591
   86.018231  107.790421    0.269171    1.336778
   86.018172  107.767984    0.311849    1.738331
   86.018113  107.745539    0.439292    2.937307
   86.018053  107.723098    0.241459    1.076292
   86.017993  107.700668    0.023259    0.049099
   86.017932  107.678244    0.270039    1.345288
   86.017869  107.655828    0.210002    0.780565
   86.017803  107.633430    0.216146    0.838435
   86.017734  107.611048    0.262954    1.278842
   86.017664  107.588677    0.237218    1.036810
   86.017594  107.566315    0.168398    0.389468
   86.017525  107.543956    0.081642    0.172347
   86.017457  107.521600    0.261494    1.265389
   86.017389  107.499253    0.151434    0.319678
   86.017322  107.476919    0.256151    1.215261
   86.017256  107.454604    0.134480    0.283887
   86.017191  107.432309    0.190578    0.598537
   86.017126  107.410021    0.239808    1.061725
   86.017060  107.387733    0.270153    1.347260
   86.016992  107.365431    0.214996    0.828449
   86.016922  107.343115    0.226959    0.941066
   86.016850  107.320797    0.218431    0.860909
   86.016777  107.298480    0.110063    0.232343
   86.016705  107.276173    0.132082    0.278825
   86.016632  107.253878    0.045885    0.096863
   86.016559  107.231583    0.157617    0.332731
   86.016486  107.209288    0.112418    0.237315
   86.016414  107.186988    0.076184    0.160824
   86.016343  107.164679    0.242991    1.092465
   86.016272  107.142366    0.343869    2.041523
   86.016201  107.120046    0.422833    2.784440
   86.016129  107.097713    0.383820    2.417505
   86.016056  107.075370    0.373441    2.319934
   86.015982  107.053024    0.079297    0.167396
   86.015907  107.030683    0.269898    1.346017
   86.015829  107.008362    0.157064    0.331562
   86.015750  106.986058    0.150277    0.317235
   86.015668  106.963756    0.277090    1.413885
   86.015586  106.941449    0.287436    1.511285
   86.015502  106.919122    0.324490    1.859941
   86.015417  106.896774    0.271688    1.363289
   86.015331  106.874418    0.450286    3.043489
   86.015245  106.852059    0.304934    1.676186
   86.015161  106.829704    0.330464    1.916435
   86.015077  106.807355    0.184631    0.544601
   86.014992  106.785004    0.234369    1.012576
   86.014908  106.762654    0.199723    0.686725
   86.014821  106.740297    0.198822    0.678317
   86.014732  106.717935    0.215403    0.834374
   86.014642  106.695576    0.319969    1.818131
   86.014552  106.673221    0.318386    1.803319
   86.014461  106.650878    0.262491    1.277568
   86.014370  106.628547    0.218285    0.861778
   86.014280  106.606229    0.254317    1.200812
   86.014189  106.583924    0.277288    1.416979
   86.014101  106.561641    0.410551    2.670703
   86.014013  106.539377    0.333954    1.950204
   86.013926  106.517124    0.226302    0.937559
   86.013839  106.494878    0.271651    1.364240
   86.013751  106.472635    0.261319    1.267114
   86.013662  106.450392    0.285669    1.496252
   86.013572  106.428150    0.322672    1.844429
   86.013481  106.405910    0.198307    0.674558
   86.013388  106.383670    0.121102    0.255648
   86.013293  106.361432    0.092827    0.195959
   86.013198  106.339188    0.081754    0.172584
   86.013101  106.316938    0.389994    2.478102
   86.013005  106.294675    0.537735    3.868026
   86.012908  106.272397    0.300707    1.638294
   86.012811  106.250106    0.138198    0.291737
   86.012713  106.227802    0.093474    0.197325
   86.012614  106.205472    0.042923    0.090610
   86.012412  106.160766    0.228032    0.954979
   86.012205  106.116082    0.353822    2.138466
   86.012097  106.093773    0.372073    2.310238
   86.011989  106.071471    0.158706    0.335028
   86.011880  106.049174    0.123076    0.259813
   86.011662  106.004568    0.323863    1.856999
   86.011553  105.982263    0.420000    2.761465
   86.011444  105.959959    0.388068    2.461138
   86.011336  105.937649    0.393600    2.513255
   86.011229  105.915338    0.334847    1.960615
   86.011121  105.893035    0.347022    2.075225
   86.011013  105.870745    0.384312    2.426096
   86.010904  105.848491    0.461095    3.148487
   86.010793  105.826266    0.338263    1.993038
   86.010682  105.804052    0.332036    1.934535
   86.010570  105.781838    0.321750    1.837834
   86.010457  105.759606    0.320663    1.827681
   86.010344  105.737353    0.313070    1.756323
   86.010230  105.715093    0.303809    1.669276
   86.010117  105.692830    0.342875    2.036856
   86.010004  105.670566    0.318045    1.803345
   86.009892  105.648302    0.411296    2.680654
   86.009779  105.626039    0.630691    4.744651
   86.009667  105.603778    0.703042    5.425352
   86.009554  105.581524    0.336131    1.973772
   86.009441  105.559278    0.337234    1.984214
   86.009327  105.537033    0.450953    3.054078
   86.009212  105.514789    0.514147    3.648640
   86.009093  105.492539    0.406310    2.634255
   86.008971  105.470284    0.314403    1.769723
   86.008848  105.448031    0.421435    2.776683
   86.008725  105.425783    0.364679    2.242827
   86.008602  105.403552    0.410314    2.672206
   86.008480  105.381334    0.297023    1.606514
   86.008357  105.359118    0.462472    3.163019
   86.008234  105.336894    0.322780    1.848961
   86.007987  105.292382    0.405897    2.631009
   86.007861  105.270104    0.619469    4.640226
   86.007735  105.247820    0.426009    2.820354
   86.007605  105.225530    0.331358    1.930009
   86.007339  105.180946    0.358701    2.187384
   86.007205  105.158664    0.371767    2.310372
   86.007071  105.136407    0.527972    3.779915
   86.006939  105.114174    0.396304    2.541348
   86.006807  105.091946    0.330697    1.924228
   86.006676  105.069722    0.385625    2.441029
   86.006544  105.047481    0.411315    2.682768
   86.006413  105.025227    0.365191    2.248939
   86.006281  105.002973    0.325044    1.871336
   86.006150  104.980726    0.398176    2.559383
   86.006019  104.958497    0.369588    2.290516
   86.005887  104.936285    0.377603    2.365988
   86.005756  104.914083    0.431592    2.873949
   86.005623  104.891889    0.488995    3.414026
   86.005489  104.869705    0.315226    1.779397
   86.005353  104.847528    0.373691    2.329464
   86.005216  104.825352    0.402293    2.598604
   86.005079  104.803177    0.476557    3.297298
   86.004942  104.780992    0.339843    2.011260
   86.004805  104.758797    0.241225    1.083592
   86.004668  104.736603    0.423346    2.796944
   86.004532  104.714409    0.322326    1.846683
   86.004396  104.692230    0.271710    1.370591
   86.004260  104.670061    0.517771    3.685441
   86.004124  104.647891    0.379532    2.385045
   86.003986  104.625719    0.377151    2.362715
   86.003844  104.603529    0.517373    3.681906
   86.003699  104.581325    0.370859    2.303673
   86.003552  104.559116    0.370279    2.298280
   86.003403  104.536906    0.307674    1.709413
   86.003252  104.514707    0.474935    3.282964
   86.003100  104.492516    0.449642    3.045095
   86.002948  104.470323    0.486726    3.394022
   86.002642  104.425899    0.389447    2.479033
   86.002489  104.403656    0.488449    3.410446
   86.002337  104.381406    0.297510    1.614292
   86.002185  104.359156    0.398102    2.560663
   86.002032  104.336913    0.403440    2.610951
   86.001879  104.314678    0.356377    2.168287
   86.001726  104.292454    0.582882    4.299165
   86.001572  104.270240    0.404194    2.618258
   86.001260  104.225873    0.183151    0.538971
   86.001103  104.203711    0.405585    2.631563
   86.000947  104.181559    0.237640    1.051715
   86.000792  104.159413    0.214165    0.830945
   86.000485  104.115140    0.107791    0.227546
   86.000333  104.093012    0.172835    0.442353
   86.000180  104.070882    0.473003    3.266202
   85.999875  104.026630    0.384857    2.437128
   85.999721  104.004519    0.352204    2.130016
   85.999564  103.982437    0.487179    3.399838
   85.999246  103.938328    0.454379    3.091424
   85.999085  103.916276    0.351581    2.124434
   85.998924  103.894211    0.396371    2.545856
   85.998763  103.872128    0.321988    1.846187
   85.998601  103.850035    0.460221    3.146663
   85.998439  103.827927    0.313536    1.766810
   85.998276  103.805796    0.312019    1.752614
   85.998114  103.783646    0.383173    2.422057
   85.997950  103.761487    0.232387    1.003629
   85.997786  103.739328    0.315595    1.786462
   85.997619  103.717187    0.420873    2.776926
   85.997450  103.695065    0.361458    2.218062
   85.997279  103.672938    0.327361    1.897381
   85.996932  103.628633    0.432639    2.887910
   85.996757  103.606430    0.296872    1.610785
   85.996581  103.584223    0.298772    1.628734
   85.996404  103.562021    0.361489    2.218803
   85.996057  103.517707    0.485154    3.382308
   85.995885  103.495580    0.315209    1.783656
   85.995714  103.473470    0.333540    1.956179
   85.995542  103.451373    0.342145    2.037198
   85.995371  103.429288    0.202017    0.719038
   85.995199  103.407214    0.294708    1.591091
   85.995026  103.385151    0.234168    1.021641
   85.994850  103.363095    0.258058    1.246457
   85.994671  103.341047    0.232140    1.002719
   85.994492  103.319005    0.429742    2.861693
   85.994312  103.296970    0.283513    1.486142
   85.994135  103.274946    0.349755    2.109376
   85.993959  103.252931    0.296906    1.612286
   85.993783  103.230914    0.335372    1.974223
   85.993607  103.208891    0.252647    1.196070
   85.993430  103.186844    0.333481    1.956574
   85.993251  103.164774    0.317637    1.807603
   85.993072  103.142698    0.349169    2.104304
   85.992891  103.120620    0.296997    1.613585
   85.992710  103.098547    0.313663    1.770438
   85.992528  103.076484    0.273434    1.392065
   85.992345  103.054425    0.245077    1.125370
   85.992161  103.032373    0.182338    0.535244
   85.991976  103.010333    0.184620    0.556780
   85.991789  102.988304    0.192039    0.626651
   85.991601  102.966274    0.165789    0.379781
   85.991412  102.944239    0.142003    0.299769
   85.991223  102.922186    0.350485    2.117426
   85.991033  102.900112    0.255125    1.220418
   85.990842  102.878032    0.227052    0.956399
   85.990650  102.855948    0.459089    3.139322
   85.990459  102.833862    0.317003    1.802742
   85.990268  102.811778    0.222662    0.915321
   85.990075  102.789698    0.265903    1.322177
   85.989882  102.767625    0.341084    2.029501
   85.989685  102.745570    0.363284    2.238422
   85.989486  102.723530    0.282630    1.479756
   85.989087  102.679463    0.281012    1.464684
   85.988890  102.657416    0.155776    0.328844
   85.988695  102.635358    0.149661    0.315934
   85.988500  102.613299    0.297516    1.620161
   85.988306  102.591244    0.250151    1.174663
   85.988111  102.569196    0.347310    2.088745
   85.987916  102.547156    0.208377    0.781827
   85.987720  102.525126    0.160634    0.339099
   85.987523  102.503107    0.207279    0.771641
   85.987324  102.481106    0.109018    0.230137
   85.987125  102.459122    0.146445    0.309146
   85.986924  102.437151    0.366881    2.273296
   85.986723  102.415192    0.198609    0.690376
   85.986521  102.393249    0.496502    3.492829
   85.986319  102.371319    0.310699    1.744990
   85.986117  102.349393    0.307953    1.719226
   85.985914  102.327467    1.142886    9.573805
   85.985712  102.305533    0.292612    1.575059
   85.985509  102.283587    0.495068    3.479702
   85.985306  102.261632    0.344040    2.059006
   85.985102  102.239665    0.231765    1.002871
   85.984898  102.217675    0.301388    1.657915
   85.984692  102.195666    0.283205    1.486929
   85.984485  102.173645    0.266932    1.333914
   85.984276  102.151617    0.324200    1.872735
   85.984065  102.129587    0.316430    1.799708
   85.983852  102.107553    0.535124    3.857108
   85.983637  102.085521    0.201454    0.718238
   85.983422  102.063491    0.345280    2.071337
   85.983208  102.041472    0.160618    0.339066
   85.982994  102.019461    0.282329    1.479283
   85.982780  101.997457    0.471568    3.259594
   85.982565  101.975458    0.306414    1.706006
   85.982351  101.953456    0.242124    1.101284
   85.982136  101.931457    0.272447    1.386611
   85.981921  101.909466    0.342041    2.041376
   85.981705  101.887491    0.331162    1.939109
   85.981487  101.865548    0.283470    1.490531
   85.981049  101.821729    0.315335    1.790445
   85.980830  101.799831    0.244051    1.119920
   85.980611  101.777922    0.355549    2.168896
   85.980392  101.756001    0.319673    1.831472
   85.980174  101.734082    0.335077    1.976454
   85.979955  101.712170    0.296423    1.612895
   85.979738  101.690274    0.113737    0.240098
   85.979522  101.668396    0.333781    1.964479
   85.979306  101.646524    0.258529    1.256634
   85.979089  101.624655    0.336022    1.985706
   85.978870  101.602789    0.303961    1.684175
   85.978649  101.580922    0.275628    1.417710
   85.978427  101.559053    0.370239    2.307816
   85.978204  101.537178    0.237273    1.057037
   85.977979  101.515286    0.270015    1.365126
   85.977753  101.493380    0.360896    2.220141
   85.977526  101.471470    0.170104    0.425373
   85.977298  101.449561    0.263242    1.301623
   85.977071  101.427664    0.362249    2.233088
   85.976845  101.405777    0.082933    0.175073
   85.976618  101.383891    0.183274    0.549557
   85.976162  101.340099    0.405769    2.642788
   85.975932  101.318183    0.308790    1.730547
   85.975469  101.274338    0.338628    2.011391
   85.975233  101.252414    0.231587    1.004492
   85.974996  101.230494    0.302787    1.674369
   85.974757  101.208575    0.366797    2.276609
   85.974517  101.186659    0.267483    1.342399
   85.974043  101.142851    0.239490    1.079212
   85.973806  101.120953    0.199213    0.700380
   85.973570  101.099054    0.000000    0.000000
   85.973332  101.077141    0.096577    0.203874
   85.972856  101.033301    0.452442    3.082887
   85.972618  101.011395    0.249697    1.175668
   85.972379  100.989522    0.312602    1.767515
   85.972141  100.967679    0.377105    2.374382
   85.971902  100.945849    0.416368    2.743818
   85.971662  100.924025    0.319148    1.829309
   85.971423  100.902197    0.299430    1.643890
   85.970942  100.858526    0.370416    2.311823
   85.970702  100.836690    0.398083    2.572171
   85.970462  100.814850    0.348313    2.104039
   85.970224  100.793009    0.380057    2.402734
   85.969984  100.771170    0.422926    2.806094
   85.969744  100.749336    0.385616    2.455180
   85.969501  100.727517    0.484101    3.381726
   85.969256  100.705710    0.422254    2.799992
   85.969009  100.683909    0.542145    3.927912
   85.968760  100.662111    0.424525    2.821502
   85.968510  100.640307    0.472417    3.272105
   85.968258  100.618499    0.390964    2.505927
   85.968005  100.596695    0.459208    3.147988
   85.967752  100.574896    0.380523    2.407851
   85.967500  100.553111    0.402422    2.613937
   85.966999  100.509572    0.462799    3.182065
   85.966747  100.487810    0.373964    2.346436
   85.966495  100.466058    0.439493    2.962960
   85.966241  100.444309    0.418174    2.762476
   85.965987  100.422555    0.407000    2.657432
   85.965730  100.400791    0.306238    1.709607
   85.965472  100.378998    0.405369    2.642239
   85.965211  100.357179    0.379421    2.398214
   85.964949  100.335351    0.335281    1.983043
   85.964688  100.313518    0.307644    1.723125
   85.964429  100.291692    0.407928    2.666603
   85.964171  100.269874    0.245655    1.140125
   85.963914  100.248063    0.409220    2.678904
   85.963657  100.226260    0.363788    2.251586
   85.963399  100.204468    0.408070    2.668228
   85.963139  100.182689    0.359778    2.214007
   85.962879  100.160920    0.421649    2.796122
   85.962618  100.139162    0.398990    2.583035
   85.962356  100.117413    0.418267    2.764451
   85.962092  100.095674    0.203682    0.745860
   85.961828  100.073947    0.383309    2.435745
   85.961564  100.052232    0.437006    2.940964
   85.961301  100.030536    0.292368    1.580386
   85.961038  100.008858    0.753204    5.915699
   85.960775   99.987187    0.297783    1.631479
   85.960512   99.965520    0.362508    2.240443
   85.960249   99.943844    0.391081    2.509319
   85.959986   99.922162    0.313699    1.781433
   85.959457   99.878805    0.444028    3.007629
   85.959189   99.857148    0.386630    2.467743
   85.958918   99.835506    0.576162    4.250813
   85.958646   99.813866    0.367369    2.286703
   85.958373   99.792221    0.383988    2.443125
   85.958099   99.770556    0.308560    1.733617
   85.957824   99.748873    0.338571    2.016019
   85.957549   99.727177    0.396487    2.560935
   85.957274   99.705469    0.387592    2.477330
   85.956997   99.683742    0.320668    1.847833
   85.956721   99.662000    0.335213    1.984742
   85.956444   99.640253    0.298122    1.635890
   85.956167   99.618504    0.259319    1.270934
   85.955891   99.596765    0.185677    0.578236
   85.955615   99.575036    0.098921    0.208823
   85.955340   99.553313    0.149931    0.316505
   85.955063   99.531597    0.100644    0.212459
   85.954783   99.509887    0.045695    0.096462
   85.954501   99.488185    0.066949    0.141330
   85.954218   99.466491    0.107570    0.227080
   85.953934   99.444805    0.253324    1.215147
   85.953652   99.423125    0.379610    2.403236
   85.953372   99.401451    0.338606    2.017572
   85.953092   99.379790    0.277832    1.445927
   85.952813   99.358142    0.331552    1.951365
   85.952534   99.336516    0.299421    1.649175
   85.951977   99.293317    0.367313    2.288012
   85.951698   99.271729    0.365944    2.275201
   85.951417   99.250134    0.343759    2.066583
   85.951133   99.228533    0.305536    1.707074
   85.950848   99.206936    0.431529    2.892415
   85.950562   99.185342    0.506877    3.601309
   85.950275   99.163761    0.214448    0.850406
   85.949987   99.142192    0.111898    0.236218
   85.949699   99.120623    0.136106    0.287321
   85.949410   99.099054    0.321432    1.857071
   85.949121   99.077472    0.340882    2.040124
   85.948832   99.055879    0.403799    2.632075
   85.948542   99.034284    0.275639    1.426512
   85.948252   99.012691    0.169569    0.428747
   85.947960   98.991110    0.116065    0.245013
   85.947668   98.969541    0.061172    0.129134
   85.947374   98.947974    0.052155    0.110099
   85.947079   98.926408    0.109815    0.231820
   85.946784   98.904837    0.198099    0.697522
   85.946486   98.883261    0.219724    0.901029
   85.946188   98.861680    0.421153    2.796020
   85.945890   98.840093    0.397555    2.574103
   85.945591   98.818494    0.445448    3.024719
   85.945292   98.796882    0.316125    1.808208
   85.944993   98.775268    0.337468    2.009068
   85.944694   98.753650    0.398217    2.580629
   85.944396   98.732034    0.391260    2.515256
   85.944098   98.710420    0.000000    0.000000
   85.943800   98.688811    0.321090    1.855296
   85.943203   98.645623    0.346075    2.090489
   85.942903   98.624052    0.333492    1.972193
   85.942602   98.602492    0.278361    1.453637
   85.942300   98.580943    0.302784    1.683462
   85.941997   98.559405    0.252163    1.207332
   85.941388   98.516365    0.284775    1.514279
   85.941083   98.494868    0.323291    1.876687
   85.940779   98.473391    0.324025    1.883663
   85.940476   98.451935    0.374713    2.360583
   85.940173   98.430492    0.337024    2.006106
   85.939869   98.409059    0.370928    2.325121
   85.939566   98.387638    0.244410    1.134997
   85.939261   98.366225    0.287050    1.536202
   85.938955   98.344810    0.167955    0.415911
   85.938648   98.323390    0.295592    1.616716
   85.938027   98.280472    0.341271    2.046582
   85.937714   98.258991    0.201664    0.733325
   85.937400   98.237505    0.192290    0.645216
   85.937086   98.216028    0.175832    0.490468
   85.936770   98.194560    0.339531    2.030516
   85.936454   98.173084    0.279899    1.469615
   85.936138   98.151595    0.254772    1.233307
   85.935822   98.130074    0.232910    1.027721
   85.935505   98.108521    0.280149    1.472193
   85.935188   98.086959    0.104756    0.221140
   85.934870   98.065391    0.102734    0.216872
   85.934552   98.043827    0.151057    0.318882
   85.934233   98.022272    0.146547    0.309361
   85.933913   98.000723    0.117709    0.248485
   85.933593   97.979186    0.035289    0.074495
   85.933272   97.957662    0.025121    0.053031
   85.932951   97.936152    0.282129    1.491426
   85.932629   97.914662    0.100166    0.211451
   85.932307   97.893192    0.209092    0.804493
   85.931985   97.871749    0.106709    0.225263
   85.931663   97.850334    0.097745    0.206340
   85.931342   97.828943    0.103298    0.218063
   85.931021   97.807577    0.407480    2.671098
   85.930701   97.786241    0.257474    1.260015
   85.930382   97.764934    0.272848    1.404720
   85.930062   97.743644    0.326732    1.911697
   85.929743   97.722366    0.389238    2.499788
   85.929421   97.701101    0.280989    1.481524
   85.929098   97.679841    0.314738    1.799090
   85.928774   97.658580    0.295425    1.617486
   85.928449   97.637312    0.216074    0.871077
   85.928123   97.616023    0.245190    1.145052
   85.927795   97.594713    0.298936    1.650737
   85.927467   97.573386    0.221544    0.922755
   85.927137   97.552043    0.169530    0.433517
   85.926807   97.530682    0.200159    0.721738
   85.926476   97.509302    0.264874    1.330608
   85.926144   97.487908    0.272686    1.404168
   85.925812   97.466503    0.296891    1.631946
   85.925478   97.445082    0.339894    2.036565
   85.925144   97.423653    0.336330    2.003116
   85.924808   97.402216    0.275251    1.428597
   85.924472   97.380778    0.542336    3.941237
   85.924135   97.359343    0.241502    1.111260
   85.923798   97.337915    0.265596    1.338002
   85.923460   97.316489    0.308179    1.738663
   85.923122   97.295062    0.302864    1.688740
   85.922782   97.273631    0.281401    1.486903
   85.922442   97.252198    0.512784    3.663680
   85.922102   97.230771    0.194099    0.665774
   85.921761   97.209355    0.285675    1.527340
   85.921421   97.187953    0.320199    1.852190
   85.921081   97.166572    0.278702    1.461888
   85.920741   97.145208    0.237855    1.077703
   85.920401   97.123863    0.225389    0.960511
   85.920060   97.102544    0.224849    0.955498
   85.919719   97.081249    0.240166    1.099666
   85.919377   97.059978    0.125396    0.264712
   85.919034   97.038728    0.287016    1.540551
   85.918692   97.017505    0.395051    2.556947
   85.918350   96.996307    0.301721    1.679037
   85.918008   96.975124    0.312238    1.778042
   85.917665   96.953953    0.307939    1.737675
   85.917324   96.932789    0.278474    1.460568
   85.916983   96.911631    0.445245    3.029513
   85.916641   96.890471    0.329900    1.944490
   85.916299   96.869306    0.384647    2.459593
   85.915955   96.848126    0.249578    1.189026
   85.915609   96.826929    0.244031    1.136914
   85.915262   96.805719    0.315884    1.812934
   85.914913   96.784496    0.379187    2.408517
   85.914563   96.763253    0.310300    1.760553
   85.914211   96.741995    0.334625    1.989457
   85.913859   96.720724    0.326177    1.910063
   85.913505   96.699443    0.352854    2.161101
   85.913151   96.678156    0.419238    2.785666
   85.912796   96.656862    0.461538    3.183671
   85.912441   96.635566    0.342473    2.063664
   85.912085   96.614269    0.396909    2.575835
   85.911727   96.592972    0.441899    2.999154
   85.911368   96.571680    0.340174    2.042269
   85.911009   96.550393    0.299612    1.660769
   85.910650   96.529115    0.429732    2.884928
   85.910290   96.507846    0.393963    2.548517
   85.909573   96.465351    0.358842    2.218278
   85.909213   96.444131    0.483974    3.395516
   85.908853   96.422947    0.355168    2.183871
   85.908492   96.401795    0.193109    0.659402
   85.908130   96.380660    0.339834    2.039778
   85.907406   96.338403    0.356249    2.194358
   85.907043   96.317266    0.299455    1.660152
   85.906680   96.296135    0.392429    2.534870
   85.906317   96.275013    0.375148    2.372378
   85.905956   96.253910    0.344943    2.088306
   85.905596   96.232825    0.328100    1.929932
   85.905237   96.211749    0.397915    2.586783
   85.904877   96.190680    0.416268    2.759514
   85.904516   96.169613    0.351429    2.149634
   85.904155   96.148549    0.375312    2.374383
   85.903792   96.127482    0.329416    1.942700
   85.903428   96.106412    0.271362    1.396643
   85.903063   96.085327    0.314237    1.800064
   85.902696   96.064228    0.317368    1.829595
   85.902328   96.043128    0.415475    2.752599
   85.901960   96.022029    0.377476    2.395205
   85.901591   96.000950    0.364298    2.271310
   85.901223   95.979887    0.454685    3.121692
   85.900483   95.937744    0.402917    2.634850
   85.900111   95.916633    0.304274    1.706955
   85.899737   95.895490    0.569072    4.198078
   85.899361   95.874333    0.339699    2.040373
   85.898985   95.853164    0.178401    0.523067
   85.898608   95.831991    0.465377    3.222825
   85.898230   95.810815    0.163721    0.385121
   85.897851   95.789640    0.204538    0.769177
   85.897472   95.768469    0.164073    0.388590
   85.897093   95.747307    0.374313    2.366462
   85.896714   95.726157    0.249456    1.191967
   85.895954   95.683888    0.218642    0.902252
   85.894814   95.620566    0.412093    2.722341
   85.894434   95.599507    0.422045    2.816043
   85.894055   95.578504    0.377417    2.396292
   85.893676   95.557553    0.361083    2.242702
   85.893297   95.536630    0.390047    2.515253
   85.892918   95.515727    0.260972    1.301078
   85.892539   95.494831    0.227521    0.986478
   85.892161   95.473938    0.339046    2.035707
   85.891781   95.453046    0.409475    2.698333
   85.891401   95.432151    0.199097    0.719305
   85.891020   95.411241    0.347622    2.116611
   85.890637   95.390315    0.421827    2.814762
   85.890254   95.369380    0.373140    2.356824
   85.889870   95.348438    0.413172    2.733493
   85.889485   95.327487    0.395466    2.567007
   85.889100   95.306531    0.424636    2.841491
   85.888326   95.264596    0.362327    2.255485
   85.887937   95.243619    0.432998    2.920393
   85.887546   95.222638    0.373562    2.361331
   85.887154   95.201646    0.440344    2.989648
   85.886762   95.180643    0.321424    1.871009
   85.886369   95.159615    0.324708    1.901978
   85.885975   95.138565    0.368314    2.312274
   85.885581   95.117513    0.364598    2.277396
   85.885185   95.096464    0.293911    1.612498
   85.884789   95.075437    0.370538    2.333433
   85.884392   95.054434    0.316585    1.825956
   85.883993   95.033442    0.417557    2.775913
   85.883594   95.012460    0.466416    3.235618
   85.883195   94.991481    0.372187    2.349255
   85.882393   94.949545    0.257865    1.273943
   85.880793   94.865937    0.412744    2.731256
   85.880393   94.845091    0.312194    1.785420
   85.879994   94.824270    0.604594    4.536208
   85.879596   94.803469    0.382799    2.449779
   85.879197   94.782674    0.386479    2.484481
   85.878797   94.761879    0.403061    2.640544
   85.878396   94.741059    0.298269    1.654806
   85.877995   94.720217    0.607471    4.563653
   85.877592   94.699373    0.374321    2.370415
   85.877190   94.678532    0.502516    3.576464
   85.876788   94.657715    0.398748    2.600361
   85.876387   94.636919    0.352881    2.168952
   85.875986   94.616127    0.325916    1.915353
   85.875583   94.595331    0.385990    2.480566
   85.875180   94.574518    0.332137    1.974036
