Converting ICESat/GLAS binary freeboard vector data to ASCII
Wed Feb 12 09:57:44 2014

write_fb:
  file_in:       laser3k0089002.dat
  laser_period:  3k
  track:         0089
  cycle:         002
  file_out:      laser3k0089002.txt
  non_zero_only:        0
  nan_replace:       -999

read_fb:
  Year:                  2008
  Month:                   10
  Day:                     15
  Hour:                     7
  Minute:                  47
  Doy:                    289
  record_count:          1926
  non_zero_count:        1914
  nan_count:                0

    Latitude   Longitude   Freeboard   Thickness
   86.011339  298.691606    0.434700    2.030652
   86.011445  298.669339    0.412747    1.824154
   86.011551  298.647057    0.470051    2.363249
   86.011655  298.624764    0.487333    2.525850
   86.011760  298.602464    0.475927    2.418568
   86.011865  298.580176    0.248981    0.532575
   86.011970  298.557879    0.187457    0.400975
   86.012073  298.535572    0.542009    3.040287
   86.012176  298.513249    0.206650    0.442028
   86.012277  298.490898    0.361759    1.344651
   86.012377  298.468536    0.419099    1.884086
   86.012476  298.446165    0.262304    0.561073
   86.012575  298.423787    0.253737    0.542749
   86.012673  298.401405    0.215362    0.460663
   86.012771  298.379025    0.229318    0.490516
   86.013060  298.311978    0.322986    0.980049
   86.013155  298.289673    0.622067    3.793629
   86.013249  298.267379    0.424811    1.937990
   86.013342  298.245097    0.273781    0.585623
   86.013435  298.222817    0.269803    0.577115
   86.013526  298.200545    0.381007    1.525968
   86.013707  298.156028    0.223619    0.478326
   86.013797  298.133785    0.229214    0.490293
   86.013886  298.111549    0.069470    0.148597
   86.013975  298.089315    0.192697    0.412182
   86.014332  298.000390    0.197988    0.423501
   86.014420  297.978129    0.173585    0.371303
   86.018461  296.682086    0.322725    0.979254
   86.018511  296.659742    0.628497    3.855777
   86.018560  296.637410    0.339316    1.135374
   86.018609  296.615098    0.326297    1.012922
   86.018658  296.592793    0.328275    1.031555
   86.018707  296.570493    0.588018    3.475071
   86.018755  296.548191    0.493678    2.587600
   86.018805  296.525883    0.224231    0.479636
   86.018854  296.503570    0.255680    0.546905
   86.019042  296.414246    0.190615    0.407729
   86.019086  296.391893    0.150442    0.321799
   86.019130  296.369529    0.179345    0.383623
   86.019262  296.302373    0.289858    0.670455
   86.019304  296.279972    0.292391    0.694302
   86.019346  296.257561    0.185495    0.396777
   86.019387  296.235147    0.375136    1.472761
   86.019428  296.212730    0.533727    2.964705
   86.019468  296.190316    0.361316    1.342792
   86.019507  296.167914    0.370038    1.424868
   86.019546  296.145511    0.491052    2.563309
   86.019583  296.123106    0.385009    1.565753
   86.019620  296.100691    0.324981    1.001072
   86.019654  296.078251    0.454590    2.220372
   86.019688  296.055811    0.313744    0.895407
   86.019721  296.033376    0.309247    0.853118
   86.019754  296.010959    0.425990    1.951388
   86.019787  295.988579    0.451989    2.195990
   86.019820  295.966215    0.402987    1.735033
   86.019852  295.943865    0.385870    1.574033
   86.019883  295.921525    0.520959    2.844878
   86.019914  295.899193    0.304138    0.805192
   86.019944  295.876868    0.390868    1.621114
   86.019972  295.854552    0.378242    1.502363
   86.020000  295.832243    0.217912    0.466118
   86.020026  295.809944    0.356300    1.295987
   86.020051  295.787650    0.283251    0.608810
   86.020075  295.765356    0.299030    0.757272
   86.020100  295.743062    0.214458    0.458731
   86.020125  295.720769    0.277077    0.592674
   86.020149  295.698467    0.376221    1.483503
   86.020174  295.676152    0.291599    0.687456
   86.020199  295.653816    0.312607    0.885114
   86.020225  295.631439    0.186857    0.399690
   86.020250  295.609046    0.541010    3.033823
   86.020275  295.586635    0.108960    0.233069
   86.020299  295.564213    0.296082    0.729747
   86.020323  295.541785    0.268052    0.573368
   86.020346  295.519347    0.151356    0.323754
   86.020368  295.496904    0.491111    2.564519
   86.020389  295.474456    0.443561    2.117218
   86.020426  295.429552    0.341069    1.153089
   86.020444  295.407098    0.337451    1.119074
   86.020461  295.384644    0.359668    1.328098
   86.020477  295.362189    0.461358    2.284751
   86.020493  295.339738    0.263542    0.563722
   86.020508  295.317291    0.252863    0.540879
   86.020523  295.294853    0.212851    0.455292
   86.020537  295.272428    0.214720    0.459291
   86.020550  295.250012    0.485269    2.509802
   86.020563  295.227607    0.256124    0.547855
   86.020575  295.205212    0.339382    1.137443
   86.020587  295.182827    0.327016    1.021137
   86.020597  295.160455    0.473337    2.397645
   86.020607  295.138094    0.400109    1.708788
   86.020616  295.115748    0.362797    1.357803
   86.020623  295.093424    0.386743    1.583093
   86.020630  295.071107    0.350204    1.239382
   86.020636  295.048794    0.495109    2.602571
   86.020642  295.026477    0.278627    0.595990
   86.020648  295.004148    0.491690    2.570451
   86.020653  294.981812    0.447124    2.151225
   86.020659  294.959469    0.265045    0.566937
   86.020664  294.937118    0.596947    3.560711
   86.020670  294.914750    0.315330    0.911466
   86.020676  294.892376    0.282831    0.605763
   86.020682  294.869997    0.289694    0.670342
   86.020687  294.847618    0.257037    0.549807
   86.020691  294.825252    0.257313    0.550398
   86.020695  294.802880    0.642841    3.992586
   86.020697  294.780500    0.250055    0.534873
   86.020699  294.758108    0.308631    0.848604
   86.020701  294.735687    0.311360    0.874299
   86.020702  294.713256    0.236581    0.506052
   86.020702  294.690815    0.229748    0.491436
   86.020701  294.668369    0.425154    1.944866
   86.020698  294.645915    0.273706    0.585464
   86.020694  294.623462    0.317443    0.931632
   86.020690  294.601016    0.288424    0.658674
   86.020685  294.578582    0.149814    0.320455
   86.020680  294.556182    0.250162    0.535102
   86.020674  294.533789    0.264500    0.565772
   86.020668  294.511400    0.225816    0.483026
   86.020661  294.489006    0.258134    0.552155
   86.020654  294.466586    0.306440    0.828312
   86.020646  294.444165    0.275768    0.589873
   86.020637  294.421746    0.175541    0.375485
   86.020627  294.399335    0.281355    0.601824
   86.020614  294.376944    0.355069    1.285882
   86.020600  294.354560    0.247234    0.528840
   86.020586  294.332186    0.269639    0.576763
   86.020573  294.309819    0.256376    0.548393
   86.020560  294.287457    0.281542    0.602224
   86.020548  294.265101    0.363758    1.367753
   86.020535  294.242750    0.255371    0.546243
   86.020509  294.198061    0.306566    0.829802
   86.020494  294.175721    0.347904    1.218710
   86.020479  294.153385    0.235227    0.503155
   86.020463  294.131056    0.284565    0.622914
   86.020447  294.108745    0.311471    0.876052
   86.020431  294.086430    0.297149    0.741345
   86.020414  294.064108    0.313488    0.895076
   86.020397  294.041767    0.282010    0.603225
   86.020379  294.019388    0.266906    0.570918
   86.020361  293.996992    0.305302    0.818149
   86.020343  293.974579    0.306901    0.833222
   86.020323  293.952152    0.521367    2.850795
   86.020303  293.929711    0.178360    0.381517
   86.020283  293.907261    0.346663    1.207352
   86.020261  293.884804    0.440826    2.093201
   86.020239  293.862342    0.292757    0.700293
   86.020216  293.839877    0.417443    1.873285
   86.020192  293.817414    0.343206    1.174932
   86.020167  293.794953    0.468893    2.357339
   86.020141  293.772497    0.227109    0.485791
   86.020113  293.750047    0.263535    0.563707
   86.020084  293.727607    0.230541    0.493133
   86.020055  293.705182    0.249635    0.533975
   86.020024  293.682778    0.484839    2.507477
   86.019994  293.660410    0.164717    0.352333
   86.019963  293.638060    0.421787    1.914374
   86.019932  293.615726    0.492242    2.577202
   86.019900  293.593405    0.523213    2.868579
   86.019868  293.571095    0.311655    0.878403
   86.019835  293.548791    0.268557    0.574450
   86.019802  293.526489    0.299853    0.767429
   86.019768  293.504185    0.186302    0.398504
   86.019732  293.481869    0.084094    0.179878
   86.019697  293.459546    0.000000    0.000000
   86.019660  293.437219    0.091111    0.194889
   86.019624  293.414885    0.357272    1.307719
   86.019587  293.392545    0.400146    1.711072
   86.019550  293.370198    0.041328    0.088402
   86.019514  293.347841    0.299486    0.764187
   86.019477  293.325473    0.396702    1.678750
   86.019440  293.303087    0.209013    0.447083
   86.019403  293.280693    0.266976    0.571067
   86.019366  293.258295    0.307429    0.839010
   86.019328  293.235894    0.308260    0.846854
   86.019290  293.213498    0.362262    1.354898
   86.019252  293.191102    0.375744    1.481753
   86.019212  293.168712    0.370355    1.431082
   86.019172  293.146328    0.594782    3.542369
   86.019129  293.123961    0.337709    1.124023
   86.019084  293.101596    0.259191    0.554415
   86.019039  293.079226    0.321233    0.969075
   86.018994  293.056845    0.236293    0.505436
   86.018949  293.034429    0.233383    0.499212
   86.018903  293.012006    0.213159    0.455953
   86.018856  292.989584    0.256892    0.549498
   86.018808  292.967170    0.253637    0.542534
   86.018760  292.944779    0.029597    0.063308
   86.018710  292.922400    0.072473    0.155022
   86.018659  292.900030    0.166395    0.355922
   86.018608  292.877672    0.320994    0.967058
   86.018555  292.855323    0.464192    2.314196
   86.018502  292.832982    0.234129    0.500807
   86.018449  292.810650    0.248318    0.531158
   86.018394  292.788324    0.262192    0.560834
   86.018340  292.766006    0.267520    0.572230
   86.018285  292.743692    0.231947    0.496138
   86.018230  292.721381    0.356992    1.305876
   86.018175  292.699071    0.264577    0.565936
   86.018121  292.676767    0.259167    0.554364
   86.018068  292.654457    0.227005    0.485569
   86.018014  292.632138    0.272619    0.583138
   86.017959  292.609805    0.391705    1.632554
   86.017903  292.587439    0.275230    0.588723
   86.017847  292.565060    0.232542    0.497411
   86.017790  292.542671    0.296717    0.739047
   86.017732  292.520275    0.226763    0.485052
   86.017613  292.475476    0.219368    0.469233
   86.017552  292.453070    0.302029    0.789120
   86.017490  292.430662    0.419425    1.893528
   86.017427  292.408250    0.267115    0.571364
   86.017364  292.385837    0.231977    0.496205
   86.017300  292.363428    0.283905    0.618724
   86.017234  292.341021    0.327666    1.030418
   86.017168  292.318617    0.467471    2.345638
   86.017100  292.296221    0.471257    2.381279
   86.017032  292.273838    0.355146    1.289014
   86.016963  292.251472    0.257792    0.551421
   86.016895  292.229137    0.293114    0.705501
   86.016825  292.206818    0.206910    0.442585
   86.016755  292.184509    0.311723    0.880613
   86.016684  292.162210    0.249862    0.534461
   86.016611  292.139917    0.149538    0.319865
   86.016538  292.117626    0.191678    0.410004
   86.016464  292.095337    0.305522    0.822380
   86.016389  292.073046    0.732735    4.841341
   86.016315  292.050743    0.322042    0.977836
   86.016241  292.028438    0.163464    0.349652
   86.016166  292.006129    0.467683    2.347982
   86.016091  291.983819    0.114588    0.245107
   86.016015  291.961513    0.492206    2.578722
   86.015863  291.916879    0.395289    1.667044
   86.015787  291.894543    0.280353    0.599682
   86.015711  291.872178    0.140422    0.300365
   86.015635  291.849803    0.505071    2.699870
   86.015559  291.827425    0.352672    1.266227
   86.015483  291.805050    0.548128    3.104973
   86.015406  291.782691    0.337147    1.120235
   86.015329  291.760338    0.279765    0.598423
   86.015251  291.737988    0.275194    0.588645
   86.015173  291.715642    0.241193    0.515916
   86.015093  291.693298    0.372644    1.454262
   86.015013  291.670956    0.192483    0.411726
   86.014932  291.648618    0.309948    0.864509
   86.014850  291.626283    0.248990    0.532594
   86.014766  291.603950    0.366471    1.396291
   86.014682  291.581621    0.206085    0.440820
   86.014597  291.559294    0.162566    0.347732
   86.014511  291.536972    0.186840    0.399655
   86.014424  291.514656    0.193316    0.413507
   86.014247  291.470032    0.429885    1.992999
   86.014158  291.447723    0.241345    0.516241
   86.014068  291.425416    0.289840    0.675598
   86.013978  291.403110    0.209612    0.448364
   86.013887  291.380808    0.501733    2.668990
   86.013796  291.358507    0.296849    0.741608
   86.013705  291.336207    0.366560    1.397423
   86.013613  291.313911    0.309540    0.861045
   86.013520  291.291621    0.043303    0.092626
   86.013427  291.269339    0.000000    0.000000
   86.012664  291.091097    0.290211    0.679462
   86.012565  291.068797    0.181125    0.387430
   86.012466  291.046497    0.179550    0.384061
   86.012366  291.024196    0.199894    0.427576
   86.012266  291.001890    0.326989    1.025559
   86.012166  290.979580    0.265698    0.568333
   86.012067  290.957266    0.422685    1.925854
   86.011967  290.934951    0.318685    0.947518
   86.011867  290.912633    0.301822    0.788918
   86.011767  290.890308    0.214827    0.459519
   86.011666  290.867985    0.250726    0.536309
   86.011564  290.845663    0.218975    0.468392
   86.011249  290.778747    0.286942    0.649103
   86.011141  290.756453    0.140667    0.300890
   86.011033  290.734158    0.204534    0.437502
   86.010924  290.711849    0.300471    0.776459
   86.010814  290.689548    0.755229    5.054558
   86.010704  290.667259    0.412178    1.827384
   86.010594  290.644995    0.284044    0.622013
   86.010484  290.622777    0.485202    2.514399
   86.010374  290.600579    0.516536    2.809205
   86.010263  290.578394    0.410676    1.813369
   86.010151  290.556216    0.629402    3.871028
   86.010038  290.534039    0.378822    1.513767
   86.009924  290.511860    0.440806    2.096894
   86.009810  290.489676    0.502802    2.680138
   86.009694  290.467479    1.002737    7.383229
   86.009578  290.445251    0.505330    2.703984
   86.009462  290.423013    0.368128    1.413303
   86.009226  290.378513    0.339042    1.139734
   86.009107  290.356266    0.313222    0.896870
   86.008987  290.334010    0.280853    0.600751
   86.008867  290.311746    0.364792    1.382060
   86.008746  290.289467    0.312911    0.894025
   86.008626  290.267158    0.474008    2.409551
   86.008506  290.244841    0.605729    3.648720
   86.008385  290.222517    0.390510    1.624114
   86.008264  290.200194    0.461771    2.294516
   86.008142  290.177874    0.356005    1.299565
   86.007897  290.133260    0.216809    0.463759
   86.007773  290.110972    0.320252    0.963314
   86.007649  290.088718    0.265071    0.566992
   86.007524  290.066475    0.398525    1.699710
   86.007399  290.044240    0.408700    1.795457
   86.007274  290.022005    0.603515    3.628179
   86.007149  289.999753    0.610513    3.694039
   86.007023  289.977504    0.314654    0.910820
   86.006896  289.955263    0.303896    0.809643
   86.006769  289.933033    0.428517    1.982023
   86.006639  289.910828    0.279339    0.597511
   86.006509  289.888633    0.327233    1.029265
   86.006378  289.866447    0.412986    1.836007
   86.006245  289.844269    0.222742    0.476449
   86.006112  289.822100    0.367500    1.408161
   86.005978  289.799932    0.430404    1.999944
   86.005708  289.755577    0.213886    0.457506
   86.005573  289.733370    0.329319    1.049086
   86.005437  289.711155    0.278187    0.595047
   86.005300  289.688934    0.437400    2.065897
   86.005164  289.666711    0.237739    0.508529
   86.005027  289.644496    0.218345    0.467045
   86.004890  289.622277    0.134597    0.287905
   86.004474  289.555561    0.369300    1.425429
   86.004333  289.533298    0.372108    1.451865
   86.004192  289.511030    0.386834    1.590427
   86.004051  289.488762    0.335766    1.110046
   86.003911  289.466500    0.367714    1.410619
   86.003771  289.444240    0.459049    2.269861
   86.003631  289.421985    0.167061    0.357347
   86.003490  289.399736    0.316760    0.931357
   86.003350  289.377493    0.388456    1.605856
   86.003209  289.355260    0.361780    1.354938
   86.003067  289.333035    0.499856    2.653891
   86.002925  289.310823    0.421185    1.913831
   86.002782  289.288623    0.032924    0.070425
   86.002637  289.266438    0.194585    0.416220
   86.002492  289.244269    0.301762    0.790465
   86.002345  289.222116    0.405745    1.768696
   86.002048  289.177876    0.403679    1.749321
   86.001899  289.155781    0.324749    1.006823
   86.001749  289.133703    0.259802    0.555721
   86.001599  289.111651    0.165970    0.355013
   86.001449  289.089605    0.381880    1.544361
   86.001299  289.067555    0.242097    0.517851
   86.001147  289.045490    0.238125    0.509355
   86.000994  289.023389    0.414591    1.852168
   86.000840  289.001270    0.244058    0.522044
   86.000686  288.979137    0.330854    1.064482
   86.000530  288.956991    0.251934    0.538891
   86.000373  288.934835    0.246175    0.526575
   86.000216  288.912669    0.186373    0.398657
   86.000058  288.890489    0.327773    1.035611
   85.999900  288.868296    0.319627    0.959002
   85.999741  288.846083    0.222678    0.476313
   85.999582  288.823863    0.382262    1.548283
   85.999423  288.801638    0.394980    1.667954
   85.999264  288.779411    0.323415    0.994749
   85.999104  288.757189    0.358864    1.328259
   85.998944  288.734971    0.390597    1.626812
   85.998783  288.712763    0.376580    1.494978
   85.998623  288.690567    0.621442    3.798507
   85.998463  288.668392    0.416368    1.869329
   85.998302  288.646232    0.330664    1.063113
   85.998141  288.624086    0.491866    2.579619
   85.997979  288.601952    0.268623    0.574591
   85.997817  288.579833    0.423521    1.936729
   85.997655  288.557725    0.042899    0.091762
   85.997491  288.535628    0.309435    0.863547
   85.997327  288.513540    0.480220    2.470207
   85.996997  288.469387    0.323887    0.999585
   85.996831  288.447315    0.294204    0.720370
   85.996663  288.425242    0.334480    1.099285
   85.996495  288.403158    0.350963    1.254381
   85.996326  288.381074    0.495970    2.618535
   85.996156  288.358989    0.329447    1.052022
   85.995985  288.336903    0.368449    1.418962
   85.995812  288.314822    0.255955    0.547493
   85.995639  288.292739    0.308413    0.854232
   85.995465  288.270657    0.419104    1.895565
   85.995291  288.248572    0.201145    0.430253
   85.995117  288.226484    0.275742    0.589819
   85.994943  288.204393    0.330935    1.066214
   85.994768  288.182297    0.522480    2.868172
   85.994593  288.160194    0.416045    1.866934
   85.994416  288.138080    0.433881    2.034749
   85.994239  288.115960    0.500631    2.662719
   85.994061  288.093839    0.595495    3.555160
   85.993882  288.071718    0.397815    1.695546
   85.993702  288.049601    0.352062    1.265162
   85.993521  288.027486    0.359366    1.333899
   85.993340  288.005371    0.399700    1.713358
   85.993158  287.983257    0.318568    0.950152
   85.992977  287.961142    0.294134    0.720316
   85.992796  287.939028    0.559758    3.219162
   85.992614  287.916913    0.192782    0.412364
   85.992432  287.894795    0.418928    1.894384
   85.992248  287.872669    0.545891    3.088792
   85.992065  287.850545    0.173188    0.370454
   85.991880  287.828431    0.361236    1.351742
   85.991695  287.806329    0.478131    2.451432
   85.991509  287.784250    0.199189    0.426070
   85.991323  287.762187    0.656251    4.127129
   85.991136  287.740137    0.352371    1.268456
   85.990949  287.718100    0.361972    1.358800
   85.990761  287.696078    0.212638    0.454837
   85.990574  287.674067    0.359519    1.335780
   85.990386  287.652065    0.362087    1.359963
   85.990198  287.630071    0.593488    3.536857
   85.990009  287.608079    0.299577    0.771963
   85.989819  287.586094    0.291619    0.697131
   85.989629  287.564114    0.424412    1.946394
   85.989439  287.542143    0.348293    1.230347
   85.989247  287.520189    0.345240    1.201656
   85.989054  287.498234    0.148021    0.316619
   85.988861  287.476272    0.383982    1.566180
   85.988666  287.454293    0.300962    0.785213
   85.988470  287.432278    0.437998    2.074389
   85.988273  287.410245    0.481333    2.482083
   85.988076  287.388197    0.347594    1.223995
   85.987878  287.366135    0.415096    1.859034
   85.987680  287.344056    0.333616    1.092556
   85.987482  287.321969    0.347794    1.225970
   85.987283  287.299875    0.304826    0.821781
   85.987084  287.277777    0.260146    0.556458
   85.986884  287.255678    0.540509    3.038994
   85.986684  287.233580    0.347423    1.222607
   85.986483  287.211489    0.325234    1.013895
   85.986282  287.189406    0.265365    0.567622
   85.986080  287.167338    0.398147    1.699878
   85.985877  287.145283    0.262770    0.562071
   85.985674  287.123241    0.296892    0.747399
   85.985470  287.101215    0.367541    1.412050
   85.985266  287.079208    0.265629    0.568186
   85.985062  287.057216    0.349438    1.241805
   85.984857  287.035239    0.466042    2.338770
   85.984650  287.013274    0.358910    1.330976
   85.984443  286.991323    0.225741    0.482866
   85.984235  286.969383    0.417390    1.881178
   85.984027  286.947453    0.455769    2.242261
   85.983819  286.925533    0.294701    0.727069
   85.983613  286.903624    0.303438    0.809290
   85.983408  286.881722    0.523252    2.877188
   85.983202  286.859821    0.485332    2.520496
   85.982994  286.837917    0.277043    0.592601
   85.982784  286.816009    0.264750    0.566305
   85.982573  286.794094    0.236686    0.506276
   85.982361  286.772172    0.303075    0.806064
   85.982148  286.750239    0.383873    1.566184
   85.981934  286.728288    0.302690    0.802504
   85.981719  286.706328    0.446523    2.155620
   85.981503  286.684358    0.319047    0.956437
   85.981287  286.662380    0.256608    0.548890
   85.981070  286.640394    0.324133    1.004348
   85.980852  286.618404    0.308617    0.858414
   85.980634  286.596413    0.300549    0.782550
   85.980415  286.574423    0.303873    0.813849
   85.980195  286.552443    0.341251    1.165510
   85.979975  286.530466    0.394937    1.670580
   85.979754  286.508490    0.686937    4.417556
   85.979534  286.486514    0.355470    1.299365
   85.979314  286.464531    0.399234    1.711102
   85.979094  286.442553    0.315750    0.925767
   85.978873  286.420582    0.365721    1.395893
   85.978652  286.398621    0.299334    0.771395
   85.978430  286.376686    0.427792    1.979876
   85.978207  286.354758    0.138843    0.296988
   85.977759  286.310918    0.466388    2.343058
   85.977533  286.288988    0.590312    3.508879
   85.977305  286.267062    0.332083    1.079669
   85.977078  286.245144    0.642801    4.002727
   85.976851  286.223240    0.496561    2.627027
   85.976626  286.201359    0.395381    1.675228
   85.976400  286.179493    0.199396    0.426512
   85.976175  286.157640    0.246210    0.526648
   85.975948  286.135801    0.433139    2.030519
   85.975720  286.113980    0.538405    3.020828
   85.975491  286.092168    0.375553    1.488854
   85.975030  286.048550    0.296179    0.742215
   85.974798  286.026732    0.273007    0.583968
   85.974565  286.004912    0.478371    2.456215
   85.974331  285.983088    0.331428    1.073905
   85.974096  285.961258    0.675951    4.314978
   85.973860  285.939424    0.349107    1.240283
   85.973622  285.917582    0.233675    0.499836
   85.973384  285.895730    0.407753    1.792042
   85.973145  285.873863    0.605629    3.653567
   85.972907  285.851970    0.445714    2.149218
   85.972668  285.830067    0.580479    3.417026
   85.972429  285.808156    0.407983    1.794334
   85.972190  285.786243    0.280103    0.599146
   85.971951  285.764335    0.324089    1.005176
   85.971712  285.742429    0.228462    0.488684
   85.971232  285.698621    0.404724    1.763834
   85.970992  285.676721    0.377009    1.503133
   85.970751  285.654826    0.442646    2.120632
   85.970510  285.632936    0.398940    1.709508
   85.970267  285.611057    0.571204    3.330089
   85.970024  285.589187    0.402204    1.740279
   85.969780  285.567328    0.310788    0.880330
   85.969535  285.545480    0.449332    2.183693
   85.969290  285.523642    0.405462    1.771017
   85.969045  285.501817    0.305303    0.828819
   85.968799  285.480003    0.567235    3.292938
   85.968554  285.458199    0.602864    3.628139
   85.968307  285.436405    0.356649    1.311941
   85.968061  285.414625    0.434592    2.045207
   85.967814  285.392852    0.617410    3.765070
   85.967566  285.371084    0.442300    2.117786
   85.967318  285.349320    0.362292    1.365156
   85.967068  285.327549    0.313899    0.909937
   85.966817  285.305785    0.257215    0.550189
   85.966566  285.284030    0.369530    1.433336
   85.966314  285.262286    0.266522    0.570096
   85.966062  285.240572    0.386842    1.596259
   85.965810  285.218863    0.456418    2.250812
   85.965556  285.197154    0.434764    2.047135
   85.965302  285.175437    0.349493    1.244990
   85.965047  285.153693    0.435082    2.050185
   85.964791  285.131942    0.233530    0.499525
   85.964534  285.110181    0.115153    0.246316
   85.964276  285.088411    0.240840    0.515162
   85.964017  285.066634    0.356101    1.307311
   85.963758  285.044850    0.338561    1.142333
   85.963498  285.023064    0.296195    0.743815
   85.963238  285.001275    0.148294    0.317203
   85.962978  284.979495    0.310624    0.879617
   85.962718  284.957711    0.331474    1.075785
   85.962457  284.935920    0.263279    0.563159
   85.962196  284.914118    0.336445    1.122618
   85.961935  284.892289    0.261988    0.560398
   85.961673  284.870456    0.267451    0.572084
   85.961411  284.848625    0.351399    1.263380
   85.961147  284.826801    0.456426    2.251439
   85.960882  284.804998    0.521520    2.863833
   85.960616  284.783208    0.408082    1.796712
   85.960350  284.761439    0.315663    0.927329
   85.960083  284.739693    0.310955    0.883072
   85.959816  284.717987    0.381205    1.543968
   85.959549  284.696300    0.300652    0.786203
   85.959281  284.674625    0.613679    3.730983
   85.959014  284.652955    0.330582    1.067832
   85.958747  284.631271    0.384010    1.570473
   85.958480  284.609593    0.253394    0.542015
   85.958212  284.587926    0.306020    0.836858
   85.957943  284.566275    0.213633    0.456965
   85.957673  284.544660    0.282350    0.614242
   85.957403  284.523056    0.328045    1.044145
   85.957131  284.501457    0.280363    0.599702
   85.956858  284.479858    0.278200    0.595077
   85.956583  284.458248    0.229474    0.490849
   85.956308  284.436633    0.315131    0.922782
   85.956032  284.415008    0.295856    0.741481
   85.955755  284.393370    0.256886    0.549484
   85.955477  284.371712    0.185710    0.397238
   85.955198  284.350041    0.175547    0.375500
   85.954920  284.328360    0.427666    1.981590
   85.954640  284.306669    0.357165    1.318390
   85.954361  284.284965    0.269619    0.576720
   85.954082  284.263255    0.758815    5.096905
   85.953802  284.241539    0.197592    0.422653
   85.953522  284.219821    0.217345    0.464905
   85.953241  284.198101    0.306967    0.846317
   85.952960  284.176381    0.304933    0.827204
   85.952678  284.154666    0.222415    0.475749
   85.952396  284.132956    0.000000    0.000000
   85.951830  284.089565    0.670808    4.269246
   85.951546  284.067887    0.546999    3.104574
   85.951261  284.046227    0.305740    0.835003
   85.950977  284.024591    0.225571    0.482502
   85.950692  284.002972    0.338140    1.139863
   85.950120  283.959774    0.361438    1.359105
   85.949832  283.938193    0.314264    0.915363
   85.949544  283.916620    0.261961    0.560340
   85.949255  283.895057    0.423498    1.943032
   85.948966  283.873501    0.241856    0.517335
   85.948677  283.851951    0.307364    0.850584
   85.948388  283.830406    0.525070    2.898658
   85.327790  262.909475    0.369938    1.484720
   85.326980  262.893198    0.468613    2.413033
   85.326169  262.876934    0.336673    1.171884
   85.325357  262.860684    0.510594    2.808069
   85.324543  262.844447    0.448558    2.224520
   85.323729  262.828226    0.380114    1.580701
   85.322914  262.812023    0.384968    1.626419
   85.322099  262.795844    0.326822    1.079470
   85.321283  262.779677    0.328304    1.093464
   85.320468  262.763518    0.489727    2.612077
   85.319654  262.747362    0.371601    1.500874
   85.318843  262.731205    0.444708    2.188672
   85.318032  262.715044    0.375521    1.537863
   85.317222  262.698877    0.353617    1.331851
   85.316412  262.682695    0.380552    1.585294
   85.315600  262.666481    0.427102    2.023263
   85.314788  262.650260    0.311980    0.940324
   85.313975  262.634038    0.359013    1.382827
   85.313162  262.617825    0.475625    2.479886
   85.312347  262.601639    0.328310    1.094105
   85.311533  262.585462    0.432267    2.072108
   85.310718  262.569289    0.450904    2.247486
   85.309903  262.553116    0.471134    2.437857
   85.309088  262.536935    0.351234    1.309970
   85.308272  262.520756    0.422287    1.978444
   85.307457  262.504583    0.328675    1.097849
   85.306641  262.488417    0.298089    0.810174
   85.305825  262.472263    0.320889    1.024709
   85.305009  262.456119    0.330499    1.115167
   85.304192  262.439985    0.337807    1.183970
   85.303374  262.423862    0.296047    0.791171
   85.302554  262.407756    0.324115    1.055272
   85.301734  262.391658    0.335413    1.161614
   85.300911  262.375568    0.168253    0.359896
   85.300087  262.359484    0.323846    1.052899
   85.299260  262.343402    0.430179    2.053259
   85.298431  262.327325    0.300984    0.837936
   85.297602  262.311253    0.369204    1.479751
   85.296773  262.295189    0.355980    1.355407
   85.295946  262.279130    0.395602    1.728199
   85.295120  262.263079    0.311308    0.935263
   85.294294  262.247037    0.343071    1.234121
   85.293468  262.231003    0.295304    0.784811
   85.292642  262.214981    0.356045    1.356275
   85.291815  262.198968    0.358308    1.377623
   85.290987  262.182965    0.274928    0.593286
   85.290160  262.166973    0.312127    0.943283
   85.289331  262.150995    0.346802    1.269532
   85.288502  262.135025    0.421513    1.972417
   85.287673  262.119058    0.419560    1.954101
   85.286845  262.103093    0.348902    1.289450
   85.286019  262.087125    0.348967    1.290112
   85.285194  262.071154    0.258072    0.552021
   85.284369  262.055178    0.324858    1.063420
   85.283544  262.039192    0.292218    0.756413
   85.282720  262.023185    0.254240    0.543825
   85.281895  262.007174    0.369200    1.480712
   85.281070  261.991164    0.379926    1.581669
   85.280243  261.975162    0.156930    0.335676
   85.279414  261.959181    0.256584    0.548838
   85.278583  261.943210    0.203408    0.435094
   85.277752  261.927248    0.295401    0.786731
   85.276919  261.911294    0.107364    0.229654
   85.276085  261.895353    0.173739    0.371632
   85.275251  261.879417    0.330635    1.118339
   85.274416  261.863486    0.206223    0.441115
   85.273581  261.847553    0.282990    0.670236
   85.272747  261.831600    0.225749    0.482883
   85.271913  261.815657    0.422827    1.985831
   85.271079  261.799729    0.233485    0.499429
   85.270245  261.783830    0.318579    1.005244
   85.269408  261.767987    0.213876    0.457486
   85.268571  261.752167    0.253473    0.542185
   85.267734  261.736367    0.361574    1.409871
   85.266895  261.720578    0.348994    1.291576
   85.266055  261.704795    0.316632    0.987186
   85.265214  261.689016    0.391446    1.691037
   85.264374  261.673236    0.392044    1.696720
   85.263533  261.657450    0.286908    0.707716
   85.262694  261.641646    0.405451    1.822945
   85.261855  261.625835    0.287061    0.709267
   85.261016  261.610019    0.314522    0.967652
   85.260177  261.594197    0.343417    1.239529
   85.259340  261.578369    0.260616    0.557463
   85.258502  261.562540    0.071368    0.152657
   85.257664  261.546712    0.000000    0.000000
   85.256824  261.530889    0.254859    0.545149
   85.255982  261.515078    0.251996    0.539025
   85.255139  261.499272    0.445630    2.201397
   85.254296  261.483467    0.350494    1.306471
   85.253453  261.467664    0.238040    0.509173
   85.252611  261.451856    0.296870    0.802118
   85.251771  261.436050    0.347202    1.275656
   85.250930  261.420250    0.013510    0.028899
   85.250091  261.404455    0.045970    0.098331
   85.249252  261.388667    0.303058    0.860541
   85.247575  261.357127    0.404980    1.819458
   85.246735  261.341383    0.045533    0.097396
   85.245893  261.325670    0.336200    1.172526
   85.245050  261.309974    0.465105    2.385231
   85.244206  261.294291    0.365602    1.449223
   85.243360  261.278619    0.380853    1.592749
   85.242513  261.262956    0.353581    1.336248
   85.241665  261.247298    0.305005    0.879326
   85.240816  261.231642    0.274630    0.593627
   85.239967  261.215985    0.386359    1.644751
   85.239116  261.200312    0.326920    1.085641
   85.238266  261.184640    0.377682    1.563229
   85.237414  261.168971    0.139396    0.298171
   85.236562  261.153311    0.268769    0.574903
   85.235709  261.137670    0.391723    1.695479
   85.234856  261.122035    0.231230    0.494606
   85.234002  261.106406    0.203908    0.436163
   85.233148  261.090781    0.346566    1.270828
   85.232293  261.075159    0.265003    0.566847
   85.231437  261.059539    0.236233    0.505308
   85.230582  261.043918    0.231871    0.495976
   85.229727  261.028295    0.264668    0.566131
   85.228874  261.012660    0.301968    0.851531
   85.228021  260.997027    0.356528    1.364854
   85.227170  260.981396    0.322102    1.041043
   85.225469  260.950163    0.301476    0.847119
   85.223770  260.918962    0.298223    0.816622
   85.222920  260.903367    0.338387    1.194504
   85.222069  260.887767    1.209953    9.393679
   85.221217  260.872171    0.567740    3.352218
   85.220365  260.856581    0.177497    0.379669
   85.219512  260.841000    0.487452    2.597025
   85.218657  260.825433    0.451878    2.262416
   85.217802  260.809875    0.340310    1.212910
   85.216947  260.794329    0.285702    0.699249
   85.216091  260.778792    0.130005    0.278083
   85.215237  260.763270    0.000000    0.000000
   85.214382  260.747758    0.117308    0.250923
   85.212669  260.716749    0.441974    2.169617
   85.211810  260.701238    0.350642    1.310474
   85.210949  260.685737    0.220302    0.471231
   85.210087  260.670247    0.151411    0.323871
   85.207495  260.623922    0.121404    0.259685
   85.206630  260.608510    0.215070    0.460038
   85.204038  260.562260    0.268247    0.573785
   85.203174  260.546837    0.465584    2.392292
   85.202310  260.531410    0.418036    1.945038
   85.201445  260.515974    0.423413    1.995671
   85.200579  260.500536    0.524108    2.942997
   85.199713  260.485099    0.709134    4.683657
   85.198846  260.469663    0.508592    2.797135
   85.197979  260.454237    1.094990    8.313631
   85.197111  260.438812    0.400826    1.783445
   85.196243  260.423387    0.567811    3.354385
   85.195376  260.407958    0.464732    2.384740
   85.194509  260.392516    0.475783    2.488750
   85.193642  260.377077    0.396810    1.745880
   85.192776  260.361643    0.510205    2.812675
   85.191910  260.346221    0.735333    4.930588
   85.191045  260.330821    0.518855    2.894161
   85.190180  260.315433    0.549138    3.179094
   85.189315  260.300059    0.444653    2.196230
   85.188452  260.284699    0.213473    0.456624
   85.187589  260.269352    0.184763    0.395213
   85.186727  260.254019    0.257998    0.551864
   85.185864  260.238696    0.244465    0.522916
   85.184999  260.223386    0.180667    0.386451
   85.183262  260.192797    0.112613    0.240882
   85.182392  260.177516    0.315258    0.979408
   85.181522  260.162241    0.505565    2.769750
   85.180653  260.146972    0.445029    2.200320
   85.179784  260.131709    0.441025    2.162712
   85.178914  260.116447    0.369571    1.490572
   85.177168  260.085928    0.460102    2.342340
   85.176292  260.070669    0.473969    2.472843
   85.175414  260.055411    0.570128    3.377501
   85.174534  260.040154    0.652293    4.150516
   85.173652  260.024898    0.551481    3.202192
   85.171885  259.994386    0.367125    1.468009
   85.171002  259.979130    0.487351    2.599068
   85.169245  259.948615    0.492949    2.651837
   85.168368  259.933352    0.523726    2.941421
   85.167492  259.918083    0.508551    2.798721
   85.166616  259.902793    0.494963    2.670951
   85.165740  259.887506    0.585145    3.519378
   85.164865  259.872230    0.485377    2.580881
   85.163988  259.856976    0.379910    1.588775
   85.163110  259.841771    0.403129    1.807261
   85.162232  259.826586    0.558247    3.266567
   85.161354  259.811416    0.466093    2.399697
   85.160477  259.796257    0.461607    2.357543
   85.159602  259.781101    0.396196    1.742263
   85.158727  259.765951    0.543627    3.129246
   85.157852  259.750805    0.397170    1.751536
   85.156098  259.720503    0.480211    2.532841
   85.155220  259.705352    0.573232    3.407972
   85.154341  259.690210    0.438148    2.137245
   85.153462  259.675085    0.454518    2.291296
   85.152584  259.659993    0.508299    2.797294
   85.151705  259.644914    0.453402    2.280907
   85.150825  259.629843    0.316751    0.995446
   85.149944  259.614778    0.283465    0.682361
   85.149060  259.599709    0.463528    2.376329
   85.148174  259.584640    0.488329    2.609697
   85.147287  259.569568    0.214792    0.459445
   85.146399  259.554490    0.538501    3.081794
   85.145510  259.539400    0.391444    1.698432
   85.144621  259.524304    0.576621    3.440513
   85.143731  259.509205    0.560067    3.284833
   85.142841  259.494105    0.385757    1.645102
   85.141951  259.479004    0.489241    2.618659
   85.140171  259.448806    0.363873    1.439388
   85.139279  259.433708    0.527646    2.980114
   85.138386  259.418610    0.429533    2.057193
   85.137493  259.403517    0.367821    1.476693
   85.136600  259.388433    0.324683    1.070940
   85.135708  259.373362    0.293033    0.773255
   85.134818  259.358310    0.347366    1.284432
   85.133928  259.343272    0.295444    0.796045
   85.133040  259.328246    0.607999    3.736403
   85.132154  259.313232    0.367063    1.469897
   85.131269  259.298227    0.411036    1.883620
   85.130386  259.283235    0.316078    0.990372
   85.129502  259.268258    0.276186    0.615152
   85.128619  259.253295    0.210944    0.451213
   85.127733  259.238354    0.376895    1.562659
   85.126846  259.223428    0.309075    0.924713
   85.125072  259.193614    0.272625    0.583151
   85.124185  259.178733    0.225259    0.481833
   85.123298  259.163857    0.310630    0.939557
   85.122410  259.148983    0.248524    0.531599
   85.120629  259.119197    0.146760    0.313923
   85.119736  259.104287    0.160842    0.344045
   85.118842  259.089374    0.270156    0.577869
   85.117050  259.059546    0.251937    0.538898
   85.116151  259.044635    0.175634    0.375685
   85.115252  259.029726    0.381032    1.602345
   85.114352  259.014823    0.292218    0.766896
   85.113451  258.999933    0.391148    1.697619
   85.112550  258.985044    0.196345    0.419987
   85.111648  258.970156    0.322262    1.049695
   85.110745  258.955263    0.291626    0.761549
   85.109841  258.940352    0.289633    0.742853
   85.108936  258.925442    0.262777    0.562085
   85.108031  258.910534    0.307405    0.910150
   85.107127  258.895636    0.254014    0.543342
   85.106226  258.880759    0.267146    0.571431
   85.105325  258.865891    0.587887    3.548900
   85.104424  258.851030    0.332371    1.145228
   85.103523  258.836174    0.322511    1.052526
   85.102623  258.821320    0.277795    0.631923
   85.101722  258.806471    0.281874    0.670347
   85.100822  258.791626    0.361582    1.420250
   85.099922  258.776783    0.169067    0.361638
   85.099022  258.761934    0.325250    1.078572
   85.098122  258.747095    0.279634    0.649499
   85.097223  258.732271    0.411918    1.893991
   85.096324  258.717472    0.340149    1.218893
   85.095426  258.702720    0.334610    1.166837
   85.094528  258.687985    0.332075    1.143046
   85.093629  258.673264    0.269796    0.577100
   85.092730  258.658547    0.220800    0.472296
   85.091828  258.643818    0.310487    0.940122
   85.090926  258.629094    0.472665    2.465846
   85.090023  258.614374    0.365719    1.459816
   85.089120  258.599663    0.584673    3.519647
   85.088217  258.584965    0.316476    0.996680
   85.087314  258.570274    0.348638    1.299298
   85.086409  258.555587    0.299164    0.833934
   85.085505  258.540900    0.293550    0.781171
   85.084600  258.526208    0.305515    0.893783
   85.083694  258.511517    0.351379    1.325299
   85.082786  258.496826    0.357551    1.383413
   85.081877  258.482135    0.251855    0.538724
   85.080964  258.467447    0.321556    1.044905
   85.080050  258.452758    0.242190    0.518050
   85.079134  258.438066    0.287369    0.723405
   85.078219  258.423370    0.316132    0.994043
   85.077304  258.408665    0.289722    0.745651
   85.076389  258.393955    0.455107    2.301538
   85.075473  258.379244    0.391353    1.701830
   85.074558  258.364530    0.143704    0.307385
   85.073642  258.349812    0.183281    0.392041
   85.072727  258.335098    0.105155    0.224929
   85.071811  258.320390    0.226655    0.484820
   85.070897  258.305692    0.418367    1.956234
   85.069983  258.291007    0.313499    0.969765
   85.069071  258.276338    0.327966    1.105915
   85.068160  258.261687    0.279814    0.652982
   85.067250  258.247061    0.290219    0.750924
   85.065436  258.217905    0.407553    1.854834
   85.064530  258.203353    0.238769    0.510732
   85.063623  258.188811    0.354787    1.358549
   85.062714  258.174270    0.431896    2.083999
   85.061803  258.159737    0.392579    1.714182
   85.060892  258.145211    0.360846    1.415710
   85.059981  258.130694    0.529113    2.998717
   85.059070  258.116185    0.308204    0.920601
   85.058158  258.101679    0.346521    1.281119
   85.057245  258.087176    0.344874    1.265681
   85.056332  258.072670    0.391273    1.702226
   85.055418  258.058158    0.354796    1.359120
   85.054503  258.043644    0.314886    0.983732
   85.053587  258.029129    0.348071    1.295967
   85.052668  258.014616    0.409102    1.870161
   85.051747  258.000107    0.434369    2.107910
   85.049901  257.971083    0.413197    1.908845
   85.048976  257.956561    0.379874    1.595424
   85.048051  257.942026    0.376305    1.561912
   85.046200  257.912938    0.378311    1.580894
   85.045274  257.898388    0.138823    0.296945
   85.044348  257.883826    0.235274    0.503255
   85.043422  257.869269    0.343026    1.249138
   85.041570  257.840188    0.218364    0.467084
   85.040644  257.825688    0.102856    0.220012
   85.039718  257.811205    0.414042    1.917440
   85.038793  257.796741    0.425528    2.025545
   85.037869  257.782295    0.512594    2.844665
   85.036947  257.767872    0.371153    1.514140
   85.036025  257.753463    0.513442    2.852757
   85.035104  257.739060    0.429369    2.061917
   85.034183  257.724660    0.541092    3.112986
   85.033261  257.710244    0.457046    2.322401
   85.032338  257.695834    0.481103    2.548764
   85.031416  257.681431    0.485069    2.586133
   85.030493  257.667039    0.577059    3.451575
   85.029571  257.652672    0.509415    2.815277
   85.028650  257.638314    0.444208    2.201917
   85.027728  257.623966    0.453547    2.289826
   85.026807  257.609624    0.676950    4.391512
   85.025886  257.595285    0.515961    2.877093
   85.024044  257.566615    0.429020    2.059330
   85.023121  257.552279    0.473117    2.474215
   85.021271  257.523590    0.489107    2.624753
   85.020344  257.509251    0.535291    3.059284
   85.019416  257.494923    0.540807    3.111233
   85.018486  257.480624    0.261223    0.558761
   85.015690  257.437716    0.578569    3.466699
   85.014755  257.423364    0.567003    3.357960
   85.013819  257.409003    0.568412    3.371270
   85.012882  257.394637    0.696666    4.577854
   85.011944  257.380270    0.590728    3.581316
   85.011006  257.365911    0.481016    2.549282
   85.010069  257.351556    0.478967    2.530057
   85.009131  257.337209    0.576078    3.443677
   85.007259  257.308547    0.393915    1.730117
   85.006324  257.294234    0.547234    3.172503
   85.005390  257.279931    0.526806    2.980393
   85.004456  257.265638    0.569802    3.384924
   85.003520  257.251351    0.563197    3.322845
   85.002586  257.237078    0.519659    2.913323
   85.001652  257.222823    0.531172    3.021695
   85.000719  257.208592    0.553904    3.235602
   84.999789  257.194401    0.682347    4.443962
   84.998860  257.180229    0.498588    2.715336
   84.997932  257.166069    0.570670    3.393491
   84.997003  257.151918    0.638964    4.036012
   84.996074  257.137760    0.673017    4.356421
   84.995145  257.123609    0.647418    4.115659
   84.994215  257.109464    0.551751    3.215750
   84.993284  257.095328    0.557338    3.268361
   84.992350  257.081206    0.839392    5.921793
   84.991415  257.067088    0.574656    3.431392
   84.990480  257.052973    0.586980    3.547387
   84.989543  257.038857    0.432091    2.090353
   84.988607  257.024736    0.524503    2.959763
   84.987669  257.010610    0.538491    3.091411
   84.986731  256.996474    0.598942    3.660144
   84.985791  256.982324    0.552130    3.219833
   84.984849  256.968146    0.565677    3.347331
   84.983906  256.953958    0.565884    3.349334
   84.982962  256.939766    0.599661    3.667137
   84.982017  256.925574    0.549320    3.193621
   84.981072  256.911390    0.512998    2.851993
   84.980127  256.897211    0.495132    2.683980
   84.979181  256.883037    0.591732    3.592780
   84.978234  256.868870    0.262694    0.561909
   84.977287  256.854715    0.528247    2.995676
   84.976339  256.840567    0.594715    3.621015
   84.975391  256.826425    0.508723    2.812122
   84.974443  256.812284    0.604149    3.709884
   84.972545  256.783997    0.529628    3.008956
   84.971597  256.769874    0.572451    3.411860
   84.970651  256.755776    0.497218    2.704179
   84.969708  256.741727    0.612722    3.790815
   84.968766  256.727696    0.568327    3.373233
   84.967825  256.713677    0.458630    2.341338
   84.966885  256.699659    0.590948    3.586154
   84.965944  256.685617    0.000000    0.000000
   84.964064  256.657559    0.473889    2.485116
   84.963125  256.643559    0.490081    2.637501
   84.962185  256.629608    0.446248    2.225200
   84.961246  256.615673    0.414260    1.924336
   84.960306  256.601746    0.453484    2.293389
   84.959365  256.587820    0.388476    1.681895
   84.958423  256.573879    0.468162    2.431587
   84.957480  256.559935    0.506922    2.796270
   84.956535  256.545987    0.513365    2.856934
   84.955589  256.532032    0.530770    3.020734
   84.954640  256.518067    0.255157    0.545786
   84.953690  256.504097    0.083207    0.177981
   84.952738  256.490124    0.533983    3.051122
   84.951784  256.476149    0.298217    0.833250
   84.950830  256.462175    0.372295    1.530192
   84.949875  256.448200    0.439805    2.165331
   84.948918  256.434222    0.391461    1.710605
   84.947959  256.420240    0.199677    0.427113
   84.944114  256.364287    0.380783    1.610439
   84.943152  256.350322    0.412001    1.904170
   84.942190  256.336369    0.492881    2.665098
   84.941229  256.322426    0.242546    0.518812
   84.940270  256.308498    0.264593    0.565970
   84.939314  256.294585    0.507101    2.799043
   84.938360  256.280687    0.296837    0.821071
   84.937407  256.266803    0.235706    0.504180
   84.936454  256.252934    0.240399    0.514218
   84.935501  256.239082    0.241955    0.517547
   84.934549  256.225245    0.201103    0.430164
   84.931695  256.183832    0.125034    0.267451
   84.930744  256.170057    0.330000    1.133508
   84.929794  256.156284    0.345087    1.275495
   84.928844  256.142509    0.160530    0.343377
   84.927893  256.128716    0.272033    0.588361
   84.925036  256.087315    0.372297    1.531754
   84.924079  256.073510    0.000000    0.000000
   84.923121  256.059705    0.027813    0.059492
   83.793924  244.182926    0.233476    0.499411
   83.792739  244.173644    0.359120    1.477906
   83.791554  244.164368    0.348504    1.378111
   83.790368  244.155098    0.301384    0.934917
   83.789180  244.145834    0.384957    1.721193
   83.787991  244.136582    0.366172    1.544542
   83.786801  244.127334    0.320097    1.111181
   83.785610  244.118088    0.364393    1.527964
   83.784419  244.108842    0.393577    1.802584
   83.783226  244.099588    0.459639    2.424128
   83.782034  244.090334    0.381509    1.689201
   83.780841  244.081079    0.393284    1.800052
   83.779648  244.071827    0.364172    1.526262
   83.778456  244.062575    0.315979    1.072968
   83.777265  244.053328    0.399832    1.861874
   83.776072  244.044089    0.428738    2.133887
   83.774879  244.034862    0.384689    1.719576
   83.773684  244.025665    0.483213    2.646494
   83.772489  244.016473    0.394256    1.809725
   83.771294  244.007281    0.484893    2.662453
   83.770100  243.998079    0.609268    3.832562
   83.768909  243.988843    0.586625    3.619628
   83.767718  243.979603    0.719414    4.868900
   83.766529  243.970363    0.340830    1.307510
   83.765341  243.961130    0.599040    3.736651
   83.764155  243.951919    0.418968    2.042728
   83.762969  243.942716    0.355415    1.444942
   83.761783  243.933520    0.529667    3.084265
   83.760598  243.924328    0.474991    2.569986
   83.759411  243.915137    0.341729    1.316421
   83.758225  243.905952    0.469094    2.514659
   83.757038  243.896772    0.399514    1.860173
   83.755852  243.887600    0.282779    0.762081
   83.754666  243.878439    0.347994    1.375654
   83.753480  243.869283    0.366587    1.550644
   83.752293  243.860130    0.340947    1.309518
   83.751105  243.850979    0.831994    5.929036
   83.749916  243.841822    0.439987    2.241369
   83.748726  243.832668    0.356260    1.453793
   83.747535  243.823516    0.662653    4.336211
   83.746343  243.814367    0.589172    3.645028
   83.745150  243.805221    0.407758    1.938481
   83.743955  243.796082    0.384495    1.719715
   83.742760  243.786951    0.336736    1.270505
   83.741564  243.777830    0.323155    1.142819
   83.740367  243.768727    0.453039    2.364756
   83.739169  243.759632    0.353697    1.430290
   83.737972  243.750542    0.457108    2.403186
   83.736775  243.741454    0.310518    1.024235
   83.735579  243.732362    0.395484    1.823614
   83.734384  243.723271    0.353597    1.429650
   83.733188  243.714179    0.342103    1.321598
   83.731992  243.705086    0.339510    1.297273
   83.730794  243.695989    0.355751    1.450136
   83.729596  243.686891    0.217083    0.464346
   83.728398  243.677793    0.179043    0.382976
   83.724803  243.650498    0.159464    0.341098
   83.723606  243.641401    0.160225    0.342725
   83.722411  243.632308    0.380964    1.687847
   83.721220  243.623217    0.366729    1.554012
   83.720029  243.614130    0.366771    1.554483
   83.714079  243.568775    0.161972    0.346462
   83.712889  243.559721    0.429767    2.147556
   83.710506  243.541623    0.292437    0.855796
   83.709313  243.532585    0.315363    1.071552
   83.708120  243.523555    0.480099    2.621356
   83.706926  243.514539    0.368141    1.568197
   83.705731  243.505529    0.573749    3.502494
   83.704535  243.496525    0.375216    1.634907
   83.703339  243.487524    0.380386    1.683622
   83.702143  243.478524    0.442407    2.267142
   83.700946  243.469526    0.373729    1.621140
   83.699748  243.460530    0.513382    2.934983
   83.698549  243.451537    0.557249    3.347731
   83.697349  243.442549    0.295878    0.888998
   83.696148  243.433560    0.467024    2.499099
   83.694945  243.424567    0.302859    0.954819
   83.693740  243.415566    0.338734    1.292383
   83.692532  243.406547    0.425700    2.110581
   83.691323  243.397523    0.285761    0.794202
   83.690114  243.388497    0.469581    2.523534
   83.688906  243.379472    0.467618    2.505136
   83.687700  243.370454    0.307029    0.994502
   83.686495  243.361441    0.480856    2.629822
   83.685291  243.352433    0.513809    2.939904
   83.684089  243.343432    0.495944    2.771912
   83.682886  243.334438    0.556371    3.340451
   83.681685  243.325453    0.495705    2.769829
   83.680486  243.316482    0.339418    1.299656
   83.679289  243.307529    0.383516    1.714586
   83.678095  243.298609    0.391431    1.789122
   83.676903  243.289699    0.310959    1.032169
   83.675712  243.280793    0.418679    2.045609
   83.674520  243.271883    0.413212    1.994259
   83.673325  243.262951    0.380291    1.684641
   83.672130  243.254016    0.608943    3.835726
   83.670935  243.245080    0.344806    1.350972
   83.669739  243.236142    0.500154    2.812463
   83.668543  243.227207    0.058933    0.126058
   83.666149  243.209351    0.231905    0.496049
   83.664951  243.200437    0.356469    1.461089
   83.663752  243.191544    0.277678    0.719954
   83.662553  243.182658    0.348304    1.384438
   83.661352  243.173774    0.385016    1.729880
   83.660151  243.164890    0.613858    3.882749
   83.658948  243.155994    0.521784    3.016656
   83.656539  243.138200    0.590336    3.661704
   83.655334  243.129302    0.331300    1.224948
   83.654128  243.120407    0.355707    1.454626
   83.652921  243.111513    0.429352    2.147508
   83.651714  243.102620    0.478308    2.608140
   83.650506  243.093731    0.498265    2.795958
   83.649297  243.084845    0.350098    1.402180
   83.648087  243.075962    0.424052    2.097965
   83.646877  243.067079    0.331331    1.225786
   83.644455  243.049313    0.195162    0.417456
   83.642034  243.031545    0.369738    1.587416
   83.640825  243.022661    0.707798    4.767737
   83.639620  243.013773    0.354544    1.444640
   83.638415  243.004888    0.306225    0.990158
   83.637212  242.996008    0.459945    2.436340
   83.636008  242.987135    0.352685    1.427380
   83.634803  242.978272    0.274060    0.687809
   83.633599  242.969418    0.652568    4.248639
   83.632395  242.960575    0.406412    1.933048
   83.629988  242.942933    0.494540    2.762252
   83.628786  242.934132    0.297012    0.904117
   83.627584  242.925337    0.349038    1.393628
   83.626382  242.916544    0.334619    1.258063
   83.625179  242.907744    0.263161    0.585907
   83.622775  242.890158    0.290147    0.839930
   83.621574  242.881376    0.442656    2.274712
   83.620375  242.872609    0.399953    1.873071
   83.619175  242.863847    0.430695    2.162350
   83.617975  242.855090    0.233369    0.499180
   83.616772  242.846334    0.357627    1.475134
   83.615564  242.837576    0.381609    1.700815
   83.614353  242.828817    0.248547    0.531647
   83.613141  242.820056    0.253656    0.542576
   83.611928  242.811295    0.302875    0.960371
   83.610715  242.802530    0.234207    0.500973
   83.609501  242.793763    0.298368    0.918132
   83.608286  242.784993    0.369306    1.585553
   83.607070  242.776217    0.430155    2.158053
   83.605855  242.767432    0.553509    3.318569
   83.604639  242.758645    0.040883    0.087451
   83.603422  242.749859    0.070689    0.151205
   83.602207  242.741076    0.110859    0.237130
   83.599776  242.723531    0.110172    0.235660
   83.593714  242.679794    0.000000    0.000000
   83.587677  242.636208    0.603900    3.793795
   83.586471  242.627502    0.301086    0.945194
   83.585265  242.618801    0.337957    1.292135
   83.584059  242.610106    0.389999    1.781790
   83.582853  242.601419    0.291948    0.859465
   83.581646  242.592743    0.329193    1.209922
   83.579231  242.575411    0.332238    1.238722
   83.578023  242.566752    0.331324    1.230200
   83.576815  242.558099    0.319120    1.115471
   83.575607  242.549446    0.347837    1.385697
   83.574397  242.540792    0.356190    1.464362
   83.573186  242.532132    0.477428    2.604967
   83.571974  242.523455    0.328227    1.201463
   83.570759  242.514775    0.389919    1.781896
   83.569544  242.506096    0.402633    1.901577
   83.568328  242.497422    0.348242    1.389980
   83.567111  242.488761    0.727774    4.960446
   83.565893  242.480106    0.299739    0.933859
   83.564674  242.471455    0.083701    0.179039
   83.563454  242.462808    0.050665    0.108373
   83.562234  242.454168    0.149646    0.320096
   83.559793  242.436889    0.429485    2.154810
   83.558574  242.428243    0.060666    0.129766
   83.554923  242.402264    0.197570    0.422607
   83.553707  242.393616    0.374730    1.640101
   83.552491  242.384988    0.292536    0.866955
   83.551276  242.376369    0.523155    3.036548
   83.550061  242.367754    0.336993    1.285337
   83.548846  242.359139    0.328903    1.209306
   83.547630  242.350517    0.409111    1.963928
   83.545198  242.333287    0.295319    0.893609
   83.543983  242.324690    0.272980    0.683537
   83.542771  242.316118    0.438169    2.237600
   83.541560  242.307554    0.432136    2.180922
   83.540349  242.298995    0.313445    1.064436
   83.539137  242.290436    0.699037    4.691907
   83.537925  242.281865    0.290271    0.846581
   83.536713  242.273293    0.292044    0.863341
   83.535500  242.264722    0.318717    1.114344
   83.534287  242.256154    0.378010    1.672214
   83.533073  242.247592    0.332556    1.244683
   83.531858  242.239034    0.351028    1.418535
   83.530643  242.230480    0.356999    1.474790
   83.529426  242.221933    0.348430    1.394258
   83.528207  242.213395    0.344807    1.360254
   83.526988  242.204861    0.602175    3.781471
   83.525767  242.196331    0.435502    2.213603
   83.524545  242.187801    0.309873    1.031844
   83.523324  242.179270    0.349326    1.403075
   83.522101  242.170739    0.189918    0.406239
   83.520878  242.162209    0.535172    3.151545
   83.519655  242.153682    0.492082    2.746261
   83.518432  242.145156    0.481729    2.648943
   83.517208  242.136632    0.288146    0.827921
   83.515985  242.128110    0.588525    3.653770
   83.514762  242.119590    0.235148    0.502986
   83.509877  242.085524    0.060839    0.130137
   83.508654  242.077012    0.121533    0.259962
   83.506209  242.059992    0.227581    0.486801
   83.504988  242.051484    0.129160    0.276275
   83.503767  242.042978    0.102891    0.220086
   83.502548  242.034473    0.081238    0.173769
   83.501329  242.025969    0.146980    0.314393
   83.500109  242.017465    0.250657    0.536160
   83.498890  242.008956    0.434272    2.203751
   83.497670  242.000451    0.366694    1.568095
   83.496451  241.991954    0.404675    1.925474
   83.495232  241.983469    0.300974    0.950009
   83.494014  241.975004    0.448778    2.340528
   83.492797  241.966551    0.495320    2.778436
   83.491579  241.958108    0.330491    1.227919
   83.490361  241.949672    0.340906    1.325978
   83.489141  241.941245    0.309222    1.027993
   83.487921  241.932822    0.465643    2.499586
   83.486700  241.924403    0.377003    1.665794
   83.485478  241.915984    0.399560    1.878082
   83.484255  241.907562    0.321500    1.143829
   83.483031  241.899141    0.413387    2.008316
   83.481806  241.890721    0.257829    0.551501
   83.480582  241.882307    0.405123    1.930743
   83.479358  241.873904    0.387690    1.766819
   83.478133  241.865501    0.501850    2.840845
   83.476908  241.857095    0.781075    5.467691
   83.475682  241.848680    0.532118    3.125751
   83.474454  241.840242    0.612439    3.881436
   83.473225  241.831798    0.311218    1.047831
   83.471995  241.823355    0.589240    3.663366
   83.470766  241.814917    0.430078    2.166156
   83.469536  241.806494    0.352106    1.432726
   83.468306  241.798078    0.354211    1.452615
   83.467077  241.789666    0.388482    1.775090
   83.465849  241.781258    0.373188    1.631298
   83.464622  241.772850    0.465138    2.496387
   83.463396  241.764446    0.402548    1.907662
   83.462171  241.756051    0.334573    1.268277
   83.460947  241.747667    0.357306    1.482212
   83.459723  241.739301    0.283865    0.791413
   83.458500  241.730944    0.379461    1.690797
   83.456057  241.714254    0.101342    0.216774
   83.452397  241.689259    0.194275    0.415558
   83.451175  241.680930    0.550558    3.300858
   83.449952  241.672597    0.318376    1.116720
   83.448727  241.664264    0.393419    1.822758
   83.447501  241.655933    0.401018    1.894325
   83.446276  241.647605    0.631518    4.062795
   83.445050  241.639279    0.474066    2.581676
   83.443824  241.630956    0.169421    0.362394
   83.442596  241.622635    0.305748    0.998413
   83.441368  241.614316    0.472042    2.562875
   83.440139  241.606000    0.463243    2.480180
   83.438908  241.597685    0.580605    3.584328
   83.437677  241.589369    0.729195    4.982247
   83.436445  241.581052    0.435758    2.221866
   83.435211  241.572728    0.576596    3.546861
   83.433977  241.564403    0.403767    1.921083
   83.432743  241.556080    0.483190    2.668319
   83.431508  241.547760    0.499977    2.826320
   83.430275  241.539446    0.286868    0.821619
   83.429042  241.531136    0.385670    1.751158
   83.427809  241.522831    0.615628    3.914534
   83.426577  241.514531    0.350122    1.416914
   83.425346  241.506239    0.497430    2.802772
   83.424115  241.497952    0.563223    3.421788
   83.422885  241.489669    0.478405    2.623957
   83.421654  241.481388    0.524802    3.060517
   83.420423  241.473107    0.439242    2.255702
   83.419193  241.464829    0.402921    1.914102
   83.417962  241.456554    0.732709    5.016610
   83.416733  241.448282    0.475361    2.595734
   83.415503  241.440015    0.424253    2.115020
   83.414275  241.431751    0.489651    2.730322
   83.413047  241.423491    0.509803    2.919982
   83.411819  241.415235    0.419200    2.067732
   83.410593  241.406984    0.391853    1.810546
   83.406913  241.382250    0.523430    3.048585
   83.405685  241.374009    0.298726    0.934793
   83.404457  241.365773    0.411737    1.998008
   83.403228  241.357542    0.680225    4.523847
   83.400769  241.341107    0.337270    1.297713
   83.399539  241.332901    0.450431    2.362339
   83.398309  241.324697    0.310752    1.048414
   83.397078  241.316494    0.347591    1.395054
   83.395846  241.308284    0.415513    2.034099
   83.394614  241.300074    0.331731    1.246014
   83.393381  241.291864    0.537552    3.182327
   83.392147  241.283655    0.491644    2.750535
   83.390913  241.275447    0.470506    2.551764
   83.389677  241.267241    0.252683    0.540494
   83.387202  241.250829    0.392412    1.817353
   83.385962  241.242624    0.351027    1.428109
   83.384721  241.234420    0.293885    0.890637
   83.383480  241.226217    0.490451    2.739881
   83.382240  241.218016    0.420205    2.079129
   83.381002  241.209816    0.344520    1.367223
   83.379765  241.201619    0.421740    2.093738
   83.377293  241.185235    0.132863    0.284196
   83.376057  241.177049    0.290261    0.857108
   83.374822  241.168867    0.391122    1.806030
   83.373587  241.160693    0.303063    0.977703
   83.372353  241.152526    0.412007    2.002664
   83.371121  241.144369    0.337485    1.301689
   83.369888  241.136220    0.307250    1.017336
   83.368657  241.128078    0.354896    1.465643
   83.366196  241.111823    0.063302    0.135405
   83.364966  241.103706    0.316654    1.106123
   83.363737  241.095592    0.357944    1.494632
   83.361275  241.079355    0.270688    0.673947
   83.360043  241.071231    0.424565    2.121603
   83.358809  241.063105    0.298339    0.934227
   83.357574  241.054977    0.339669    1.323112
   83.356333  241.046842    0.446214    2.325505
   83.355092  241.038707    0.359135    1.506397
   83.353849  241.030576    0.454559    2.404167
   83.352607  241.022449    0.359524    1.510218
   83.351367  241.014336    0.386212    1.761369
   83.350128  241.006228    0.486208    2.702141
   83.348887  240.998124    0.422581    2.103658
   83.347646  240.990022    0.467103    2.522572
   83.346402  240.981919    0.521964    3.038753
   83.345158  240.973818    0.423834    2.115689
   83.343913  240.965719    0.321918    1.157010
   83.342668  240.957620    0.354755    1.466001
   83.341424  240.949515    0.538342    3.193150
   83.340180  240.941416    0.422692    2.105265
   83.338936  240.933325    0.344667    1.371346
   83.337693  240.925248    0.383571    1.737410
   83.336452  240.917201    0.484395    2.685976
   83.335212  240.909164    0.379613    1.700333
   83.333973  240.901133    0.389247    1.791042
   83.332733  240.893104    0.331034    1.243495
   83.331492  240.885066    0.391212    1.809691
   83.330252  240.877027    0.339929    1.327333
   83.327774  240.860944    0.356577    1.484104
   83.326537  240.852891    0.357065    1.488777
   83.325302  240.844841    0.319813    1.138419
   83.324068  240.836795    0.323434    1.172559
   83.322834  240.828761    0.756392    5.245623
   83.321601  240.820753    0.621088    3.972846
   83.320367  240.812751    0.388466    1.784577
   83.319133  240.804752    0.260425    0.580135
   83.317897  240.796750    0.397920    1.873671
   83.316658  240.788734    0.280580    0.769898
   83.315418  240.780716    0.363699    1.551903
   83.314177  240.772696    0.325979    1.197141
   83.312936  240.764675    0.497285    2.808754
   83.311696  240.756659    0.398901    1.883301
   83.310455  240.748643    0.329923    1.234484
   83.309213  240.740626    0.387155    1.772967
   83.307969  240.732610    0.305208    1.002146
   83.306724  240.724590    0.421449    2.095738
   83.305477  240.716572    0.340070    1.330265
   83.304229  240.708555    0.335370    1.286128
   83.302980  240.700542    0.484031    2.684716
   83.301730  240.692534    0.218576    0.467538
   83.300479  240.684530    0.526906    3.088217
   83.299228  240.676529    0.526301    3.082600
   83.297977  240.668532    0.381383    1.719391
   83.296726  240.660538    0.361910    1.536283
   83.295476  240.652548    0.325442    1.193300
   83.294227  240.644560    0.326529    1.203605
   83.292978  240.636575    0.208784    0.446594
   83.291731  240.628586    0.425060    2.130686
   83.290484  240.620603    0.389647    1.797636
   83.289239  240.612628    0.452383    2.387899
   83.287995  240.604666    0.355424    1.475853
   83.286752  240.596729    0.294588    0.903631
   83.285511  240.588802    0.383990    1.744751
   83.284271  240.580878    0.406366    1.955334
   83.283032  240.572954    0.439461    2.266748
   83.281796  240.565018    0.420711    2.090450
   83.280560  240.557080    0.429969    2.177627
   83.279325  240.549141    0.429175    2.170237
   83.278088  240.541200    0.500226    2.838725
   83.276847  240.533254    0.387507    1.778417
   83.275606  240.525311    0.548989    3.297622
   83.274364  240.517373    0.496302    2.802064
   83.273122  240.509445    0.480379    2.652349
   83.271881  240.501538    0.614771    3.916710
   83.270639  240.493637    0.432654    2.203552
   83.269397  240.485740    0.447801    2.346130
   83.268153  240.477842    0.437177    2.246274
   83.266906  240.469936    0.454020    2.404803
   83.265658  240.462029    0.361076    1.530532
   83.264409  240.454121    0.597751    3.757092
   83.263160  240.446212    0.560564    3.407348
   83.261910  240.438301    0.383751    1.744089
   83.260660  240.430391    0.526646    3.088436
   83.259410  240.422485    0.265226    0.629260
   83.256909  240.406695    0.147059    0.314562
   83.255659  240.398813    0.227645    0.486937
   83.254407  240.390937    0.488172    2.726919
   83.253156  240.383069    0.365110    1.569316
   83.251902  240.375212    0.456342    2.427654
   83.250648  240.367358    0.433092    2.209012
   83.249394  240.359505    0.412895    2.019100
   83.248141  240.351648    0.398001    1.879072
   83.246890  240.343776    0.450831    2.376140
   83.245639  240.335902    0.376916    1.680880
   83.244390  240.328028    0.483217    2.680974
   83.243142  240.320157    0.511652    2.948555
   83.241895  240.312292    0.245563    0.525265
   83.240649  240.304432    0.331823    1.257014
   83.239404  240.296578    0.415567    2.044907
   83.238158  240.288732    0.356823    1.492367
   83.236912  240.280900    0.580384    3.595564
   83.235666  240.273074    0.646126    4.214099
   83.234420  240.265253    0.392085    1.824336
   83.233175  240.257437    0.354165    1.467692
   83.231930  240.249624    0.364084    1.561090
   83.230686  240.241812    0.380335    1.714051
   83.229442  240.234001    0.333441    1.272990
   83.226954  240.218365    0.446425    2.336036
   83.225709  240.210543    0.395404    1.856146
   83.224463  240.202724    0.365946    1.579107
   83.223215  240.194910    0.360153    1.524693
   83.221965  240.187111    0.386054    1.768432
   83.220714  240.179315    0.170818    0.365382
   83.219461  240.171520    0.467213    2.532095
   83.218207  240.163724    0.275239    0.726216
   83.216952  240.155921    0.393462    1.838461
   83.215697  240.148115    0.408421    1.979271
   83.214440  240.140307    0.376492    1.678988
   83.213182  240.132495    0.296340    0.925055
   83.211922  240.124673    0.442847    2.303376
   83.210663  240.116853    0.342608    1.360480
   83.209403  240.109038    0.362346    1.546247
   83.208143  240.101234    0.259245    0.576422
   83.206885  240.093452    0.379225    1.705199
   83.205627  240.085681    0.302316    0.981775
   83.204370  240.077917    0.406113    1.958306
   83.203115  240.070159    0.338940    1.326475
   83.201860  240.062403    0.607976    3.857474
   83.200607  240.054651    0.364990    1.571700
   83.199354  240.046905    0.295659    0.919568
   83.198103  240.039166    0.247965    0.530403
   83.196853  240.031434    0.282634    0.797200
   83.195604  240.023709    0.337583    1.314208
   83.194355  240.015989    0.318445    1.134250
   83.193106  240.008274    0.415140    2.043976
   83.191857  240.000567    0.368181    1.602307
   83.190607  239.992861    0.325676    1.202524
   83.189357  239.985155    0.384705    1.757919
   83.188107  239.977442    0.401998    1.920681
   83.186855  239.969714    0.348824    1.420541
   83.185604  239.961983    0.249779    0.534283
   83.184351  239.954251    0.367311    1.594614
   83.183099  239.946521    0.408297    1.980275
   83.181845  239.938800    0.339795    1.335936
   83.180591  239.931082    0.342102    1.357717
   83.179336  239.923367    0.377752    1.693174
   83.178081  239.915654    0.390386    1.812111
   83.176826  239.907942    0.403423    1.934836
   83.175571  239.900233    0.244238    0.522430
   83.174314  239.892527    0.388005    1.789957
   83.173057  239.884823    0.273292    0.710897
   83.171798  239.877121    0.283470    0.806730
   83.170539  239.869424    0.304022    1.000153
   83.169279  239.861733    0.244577    0.523156
   83.168019  239.854050    0.304094    1.001002
   83.166760  239.846383    0.267233    0.654322
   83.165500  239.838721    0.274864    0.726184
   83.164241  239.831061    0.352242    1.454189
   83.162981  239.823396    0.292821    0.895278
   83.161719  239.815719    0.249175    0.532990
   83.160457  239.808039    0.163854    0.350488
   83.159195  239.800361    0.376559    1.683283
   83.157934  239.792686    0.381913    1.733735
   83.156675  239.785019    0.314985    1.104200
   83.155417  239.777357    0.383365    1.747563
   83.154159  239.769701    0.434573    2.229373
   83.152902  239.762054    0.332073    1.265201
   83.151646  239.754421    0.313360    1.089252
   83.150390  239.746793    0.374361    1.663186
   83.149134  239.739169    0.236708    0.506324
   83.147878  239.731547    0.349038    1.425130
   83.146622  239.723922    0.323494    1.184917
   83.145366  239.716298    0.262565    0.611816
   83.144110  239.708676    0.235616    0.503988
   83.142856  239.701058    0.374222    1.662382
   83.141603  239.693447    0.479392    2.651835
   83.140350  239.685837    0.431836    2.204544
   83.139098  239.678229    0.447545    2.352401
   83.137845  239.670619    0.362889    1.556100
   83.136591  239.663001    0.404910    1.951488
   83.135336  239.655385    0.358797    1.517769
   83.134080  239.647770    0.355856    1.490187
   83.132823  239.640162    0.333690    1.281749
   83.131564  239.632565    0.636218    4.127811
   83.130304  239.624972    0.448398    2.361006
   83.129042  239.617382    0.374240    1.663459
   83.127780  239.609794    0.299843    0.963670
   83.126516  239.602203    0.350420    1.439544
   83.125252  239.594613    0.229796    0.491538
   83.123987  239.587025    0.353963    1.473037
   83.122722  239.579439    0.272601    0.707719
   83.121457  239.571854    0.408258    1.983982
   83.120192  239.564272    0.315753    1.113840
   83.118927  239.556693    0.301029    0.975403
   83.117663  239.549116    0.308900    1.049534
   83.115135  239.533973    0.000000    0.000000
   83.113871  239.526406    0.153431    0.328192
   83.110079  239.503712    0.410482    2.005652
   83.108816  239.496153    0.367902    1.605166
   83.107552  239.488599    0.144151    0.308343
   83.106289  239.481052    0.111445    0.238383
   83.105027  239.473508    0.045651    0.097647
   83.103765  239.465968    0.154563    0.330613
   83.098732  239.435836    0.062574    0.133848
   83.097475  239.428303    0.000000    0.000000
   83.096219  239.420762    0.113838    0.243501
   83.093707  239.405690    0.070385    0.150555
   83.092449  239.398167    0.107082    0.229050
   83.089930  239.383169    0.251627    0.538235
   83.088670  239.375678    0.411493    2.016594
   83.087409  239.368188    0.290440    0.877894
   83.086150  239.360696    0.366859    1.596877
   83.084890  239.353202    0.363153    1.562106
   83.083629  239.345704    0.374118    1.665337
   83.082366  239.338201    0.305673    1.021546
   83.081100  239.330685    0.255465    0.549306
   83.079832  239.323166    0.433732    2.226411
   83.078564  239.315646    0.309368    1.056562
   83.077294  239.308128    0.394278    1.855429
   83.076023  239.300615    0.300116    0.969703
   83.074752  239.293106    0.315558    1.115055
   83.073481  239.285604    0.291287    0.886815
   83.072209  239.278109    0.396110    1.873005
   83.070938  239.270629    0.436349    2.251636
   83.069668  239.263155    0.361717    1.549634
   83.068397  239.255685    0.384108    1.760365
   83.067127  239.248216    0.000000    0.000000
   83.064587  239.233264    0.269544    0.682875
   83.063319  239.225794    0.306027    1.026172
   83.062052  239.218330    0.308830    1.052632
   83.060790  239.210878    0.281019    0.791089
   83.059528  239.203432    0.335172    1.300612
   83.058267  239.195992    0.239468    0.512227
   83.057007  239.188558    0.246984    0.528305
   83.055747  239.181129    0.481283    2.675380
   83.054486  239.173705    0.232115    0.496499
   83.053226  239.166284    0.194093    0.415169
   83.051965  239.158866    0.044189    0.094521
   83.050704  239.151447    0.203279    0.434818
   83.049442  239.144031    0.207726    0.444331
   83.048180  239.136617    0.187021    0.400042
   83.046918  239.129206    0.333824    1.288791
   83.045656  239.121797    0.319143    1.150771
   83.044393  239.114392    0.482243    2.685189
   83.043129  239.106989    0.490774    2.765529
   83.041864  239.099590    0.460413    2.480000
   83.040595  239.092198    0.525154    3.089132
   83.039325  239.084807    0.390691    1.824274
   83.038053  239.077417    0.401969    1.930455
   83.036781  239.070024    0.312489    1.088780
   83.035509  239.062624    0.345615    1.400495
   83.034237  239.055222    0.298465    0.957017
   83.032964  239.047819    0.436627    2.256842
   83.031690  239.040413    0.476275    2.629910
   83.030415  239.033002    0.493813    2.794986
   83.029140  239.025593    0.375837    1.685236
   83.027865  239.018189    0.412025    2.025750
   83.026590  239.010795    0.380515    1.729416
   83.025317  239.003423    0.289721    0.875368
   83.024045  238.996056    0.373047    1.659329
   83.022773  238.988695    0.307984    1.047352
   83.021503  238.981333    0.674301    4.493498
   83.020233  238.973964    0.156762    0.335316
   83.018964  238.966595    0.155642    0.332921
   83.017695  238.959224    0.155724    0.333098
   83.016426  238.951851    0.055964    0.119708
   83.015157  238.944473    0.110292    0.235917
   83.013888  238.937095    0.094001    0.201071
   83.012619  238.929720    0.110648    0.236678
   83.011351  238.922350    0.193712    0.414355
   83.010084  238.914989    0.374667    1.675523
   83.008818  238.907634    0.443671    2.324751
   83.007552  238.900285    0.291293    0.891367
   83.006287  238.892944    0.415958    2.064217
   83.005023  238.885615    0.378799    1.714741
   83.003759  238.878290    0.360172    1.539590
   83.002495  238.870968    0.349389    1.438237
   83.001230  238.863645    0.415888    2.063905
   82.999964  238.856315    0.371860    1.649800
   82.998697  238.848984    0.463670    2.513576
   82.997429  238.841656    0.422506    2.126419
   82.996160  238.834331    0.307564    1.045207
   82.994890  238.827011    0.262091    0.617515
   82.993620  238.819696    0.352374    1.466926
   82.992349  238.812382    0.188644    0.403514
   82.991076  238.805072    0.300197    0.976251
   82.989802  238.797766    0.465830    2.534504
   82.988527  238.790461    0.509610    2.946441
   82.987251  238.783155    0.330469    1.261286
   82.985974  238.775845    0.393660    1.855833
   82.984696  238.768526    0.371225    1.644868
   82.983418  238.761206    0.455461    2.437391
   82.982140  238.753890    0.350599    1.451003
   82.980862  238.746581    0.402766    1.941839
   82.979585  238.739288    0.440897    2.300643
   82.978308  238.732002    0.414786    2.055093
   82.977032  238.724719    0.424940    2.150696
   82.975755  238.717436    0.378861    1.717307
   82.974479  238.710146    0.357301    1.514569
   82.973203  238.702859    0.328015    1.239149
   82.971929  238.695576    0.495577    2.815546
   82.970655  238.688301    0.339010    1.342757
   82.969384  238.681039    0.376192    1.692625
   82.968113  238.673786    0.244222    0.522396
   82.966844  238.666540    0.516840    3.015922
   82.965575  238.659303    0.325506    1.216061
   82.964307  238.652080    0.411702    2.027025
   82.963039  238.644860    0.509657    2.948602
   82.961770  238.637640    0.167197    0.357639
   82.960501  238.630414    0.180576    0.386257
   82.959231  238.623170    0.130419    0.278969
   82.957961  238.615921    0.235880    0.504553
   82.956690  238.608672    0.384967    1.776029
   82.955418  238.601425    0.505914    2.913909
   82.954146  238.594187    0.452763    2.413985
   82.952874  238.586951    0.351523    1.461676
   82.951601  238.579716    0.429823    2.198348
   82.950326  238.572480    0.342548    1.377411
   82.949050  238.565239    0.289083    0.874533
   82.947773  238.557998    0.398455    1.903521
   82.946494  238.550759    0.324105    1.204172
   82.945215  238.543522    0.595921    3.761325
   82.943935  238.536289    0.398280    1.902133
   82.942654  238.529060    0.328636    1.247056
   82.941373  238.521838    0.763915    5.341960
   82.940092  238.514624    0.449282    2.382182
   82.938811  238.507426    0.395993    1.880962
   82.937530  238.500233    0.637452    4.152532
   82.936250  238.493044    0.438648    2.282404
   82.934970  238.485853    0.457676    2.461490
   82.933690  238.478651    0.348223    1.431916
   82.932411  238.471451    0.398207    1.902218
   82.931133  238.464252    0.327894    1.240847
   82.929855  238.457059    0.433069    2.230355
   82.928579  238.449879    0.414895    2.059472
   82.927304  238.442703    0.356661    1.511724
   82.926029  238.435532    0.454451    2.431756
   82.924755  238.428363    0.343499    1.388080
   82.923480  238.421199    0.190051    0.406524
   82.922206  238.414035    0.676269    4.518726
   82.920932  238.406872    0.445386    2.346821
   82.919658  238.399708    0.400490    1.924559
   82.918384  238.392535    0.443689    2.331027
   82.917110  238.385363    0.475723    2.632472
   82.915836  238.378193    0.423901    2.145049
   82.914562  238.371030    0.158941    0.339979
   82.913289  238.363879    0.123709    0.264617
   82.912016  238.356733    0.175662    0.375744
   82.910742  238.349590    0.250708    0.536269
   82.908189  238.335307    0.396647    1.889177
   82.906911  238.328167    0.412981    2.042922
   82.905632  238.321026    0.649486    4.267883
   82.904352  238.313887    0.417435    2.084990
   82.903074  238.306750    0.274641    0.741770
   82.901794  238.299612    0.216972    0.464108
   82.900515  238.292475    0.340114    1.357868
   82.899235  238.285335    0.338757    1.345186
   82.897954  238.278191    0.804703    5.728582
   82.896672  238.271047    0.374713    1.683609
   82.895390  238.263904    0.391277    1.839517
   82.894106  238.256761    0.369375    1.633562
   82.892819  238.249617    0.441551    2.312638
   82.891532  238.242479    0.400224    1.923950
   82.890244  238.235348    0.432647    2.229061
   82.888956  238.228231    0.305628    1.034234
   82.887670  238.221140    0.470008    2.580704
   82.886385  238.214057    0.402852    1.949036
   82.885100  238.206978    0.325006    1.216799
   82.883815  238.199897    0.378787    1.722821
   82.882532  238.192799    0.541589    3.254446
   82.881249  238.185701    0.311740    1.092272
   82.879967  238.178603    0.636671    4.149096
   82.878686  238.171508    0.041888    0.089599
   82.877407  238.164421    0.696792    4.714849
   82.876129  238.157339    0.493043    2.798209
   82.874851  238.150262    0.360385    1.550337
   82.873574  238.143192    0.463244    2.518059
   82.872298  238.136134    0.505346    2.914214
   82.871022  238.129078    0.517631    3.029866
   82.869746  238.122022    0.393082    1.858284
   82.868469  238.114957    0.398010    1.904734
   82.867190  238.107871    0.355277    1.502819
   82.865910  238.100782    0.431316    2.218234
   82.864630  238.093695    0.450574    2.399486
   82.863351  238.086617    0.403445    1.956219
   82.862074  238.079560    0.387308    1.804502
   82.860797  238.072511    0.374997    1.688779
   82.859519  238.065469    0.459090    2.479960
   82.858240  238.058433    0.438791    2.289092
   82.856958  238.051402    0.420428    2.116431
   82.855675  238.044375    0.494549    2.813799
   82.854390  238.037348    0.411831    2.035732
   82.853104  238.030321    0.509202    2.951828
   82.851817  238.023287    0.636230    4.146904
   82.850529  238.016252    0.326320    1.231568
   82.849240  238.009217    0.566307    3.489298
   82.847951  238.002181    0.573573    3.557741
   82.846663  237.995148    0.398320    1.909168
   82.845374  237.988113    0.391127    1.841589
   82.844085  237.981078    0.454590    2.438692
   82.842796  237.974039    0.506199    2.924288
   82.841505  237.966991    0.442639    2.326445
   82.840214  237.959945    0.329654    1.263640
   82.838923  237.952904    0.439847    2.300353
   82.837633  237.945874    0.305132    1.033139
   82.836345  237.938864    0.356961    1.520802
   82.835057  237.931863    0.388933    1.821657
   82.833771  237.924871    0.483785    2.714055
   82.832486  237.917884    0.426004    2.170577
   82.831202  237.910901    0.458897    2.480101
   82.829919  237.903922    0.494538    2.815477
   82.828637  237.896947    0.645741    4.237978
   82.827356  237.889973    0.251757    0.538514
   82.826076  237.882998    0.379769    1.736068
   82.824797  237.876026    0.487782    2.752276
   82.823518  237.869058    0.429591    2.204937
   82.822239  237.862096    0.423576    2.148445
   82.820962  237.855146    0.375356    1.694909
   82.819685  237.848200    0.522918    3.083158
   82.818408  237.841255    0.318611    1.161264
   82.817129  237.834308    0.547372    3.313382
   82.815848  237.827351    0.323384    1.206343
   82.814566  237.820393    0.347280    1.431233
   82.813283  237.813434    0.352032    1.476016
   82.811998  237.806474    0.471455    2.599558
   82.810711  237.799516    0.617266    3.971346
   82.809423  237.792558    0.492034    2.793336
   82.808134  237.785600    0.317642    1.152853
   82.806844  237.778642    0.426419    2.176249
   82.805554  237.771685    0.440192    2.305902
   82.804264  237.764729    0.616740    3.966841
   82.802972  237.757774    0.384864    1.785591
   82.801680  237.750819    0.283835    0.835268
   82.799087  237.736907    0.475542    2.638895
   82.797791  237.729957    0.178946    0.382770
   82.796496  237.723016    0.308074    1.063645
   82.795203  237.716090    0.163088    0.348848
   82.793911  237.709170    0.373803    1.682160
   82.792620  237.702254    0.400346    1.931948
   82.791330  237.695341    0.351738    1.474757
   82.790041  237.688422    0.270537    0.710965
   82.788752  237.681507    0.293693    0.928894
   82.787464  237.674595    0.349100    1.450206
   82.786177  237.667688    0.364797    1.597961
   82.784888  237.660790    0.349503    1.454174
   82.783601  237.653898    0.254232    0.558017
   82.781027  237.640128    0.336366    1.330856
   82.779742  237.633253    0.322885    1.204126
   82.778458  237.626380    0.320154    1.178527
   82.777174  237.619506    0.307403    1.058658
   82.775890  237.612626    0.276113    0.764391
   82.774606  237.605730    0.400925    1.938627
   82.773322  237.598832    0.323796    1.213138
   82.772037  237.591933    0.238936    0.511090
   82.770753  237.585037    0.363375    1.585643
   82.769467  237.578148    0.361622    1.569242
   82.768182  237.571264    0.327896    1.252061
   82.766895  237.564386    0.258407    0.598444
   82.765608  237.557519    0.492364    2.799447
   82.764319  237.550669    0.349226    1.452987
   82.763030  237.543825    0.366656    1.617037
   82.756564  237.509544    0.344820    1.412064
   82.755269  237.502673    0.410840    2.033230
   82.753975  237.495797    0.251027    0.536952
   82.752681  237.488923    0.247696    0.529828
   82.719115  237.311820    0.396525    1.901021
   82.717821  237.305031    0.338872    1.358750
   82.716525  237.298243    0.429107    2.207710
   82.715229  237.291457    0.548756    3.333378
   82.713932  237.284675    0.462135    2.518595
   82.710041  237.264349    0.281593    0.820437
   82.708742  237.257577    0.454017    2.442580
   82.707441  237.250803    0.270579    0.717007
   82.706139  237.244031    0.424795    2.167857
   82.704837  237.237262    0.198358    0.424291
   82.699640  237.210228    0.317372    1.157727
   82.698344  237.203485    0.208998    0.447052
   82.697050  237.196753    0.466299    2.558910
   82.695756  237.190027    0.267737    0.691056
   82.694463  237.183304    0.335542    1.329007
   82.689287  237.156401    0.093709    0.200445
   82.687994  237.149674    0.000000    0.000000
   82.686703  237.142946    0.384143    1.786753
   82.682833  237.122770    0.539269    3.246359
   82.681542  237.116051    0.293475    0.934183
   82.680251  237.109334    0.262442    0.642330
   82.678959  237.102619    0.319495    1.179143
   82.677666  237.095905    0.309054    1.081011
   82.676371  237.089193    0.525816    3.120255
   82.675076  237.082480    0.375722    1.708359
   82.673779  237.075767    0.340986    1.381685
   82.672482  237.069054    0.304406    1.037656
   82.671185  237.062337    0.256595    0.587972
   82.669886  237.055620    0.071009    0.151890
   82.663373  237.022050    0.317309    1.159680
   82.662069  237.015349    0.157114    0.336070
   82.660764  237.008658    0.047242    0.101052
   82.629613  236.849132    0.297684    0.977437
   82.628313  236.842478    0.315308    1.143320
   82.627012  236.835828    0.348929    1.459703
   82.625709  236.829184    0.418351    2.112864
   82.624404  236.822551    0.242550    0.518819
   82.623099  236.815924    0.410759    2.041627
   82.621792  236.809304    0.195151    0.417431
   82.620486  236.802690    0.537425    3.233407
   82.619181  236.796085    0.351849    1.487717
   82.617876  236.789484    0.533313    3.194900
   82.616571  236.782887    0.196423    0.420153
   82.615267  236.776292    0.200314    0.428477
   82.613965  236.769694    0.307579    1.071617
   82.612664  236.763099    0.458277    2.489380
   82.611362  236.756508    0.553890    3.388932
   82.610061  236.749925    0.567566    3.517682
   82.608758  236.743353    0.324840    1.234365
   82.607456  236.736786    0.317717    1.167447
   82.606153  236.730223    0.339836    1.375617
   82.604852  236.723661    0.249925    0.534596
   82.603551  236.717099    0.319163    1.181323
   82.602251  236.710537    0.318266    1.172979
   82.600951  236.703973    0.159041    0.340193
   82.599651  236.697408    0.280575    0.818589
   82.598350  236.690838    0.386867    1.818606
   82.597050  236.684266    0.441061    2.328521
   82.595749  236.677692    0.314233    1.135495
   82.594447  236.671115    0.361317    1.578518
   82.593144  236.664532    0.356918    1.537231
   82.591841  236.657950    0.333000    1.312315
   82.590539  236.651373    0.540520    3.264620
   82.589237  236.644803    0.314479    1.138262
   82.587938  236.638251    0.321048    1.200153
   82.586639  236.631705    0.278159    0.796769
   82.585339  236.625164    0.272962    0.747973
   82.584039  236.618624    0.270265    0.722691
   82.582735  236.612080    0.354217    1.512548
   82.581430  236.605537    0.288153    0.891154
   82.580125  236.598992    0.368298    1.645196
   82.578819  236.592447    0.400075    1.944224
   82.577513  236.585897    0.507135    2.951461
   82.576207  236.579347    0.553761    3.390186
   82.574901  236.572799    0.244504    0.522999
   82.573595  236.566254    0.595001    3.778324
   82.572289  236.559715    0.556272    3.414078
   82.570983  236.553181    0.402069    1.963529
   82.569675  236.546653    0.067882    0.145201
   82.568367  236.540134    0.085970    0.183892
   82.567056  236.533628    0.333321    1.317066
   82.565744  236.527129    0.365093    1.616054
   82.564432  236.520634    0.340218    1.382131
   82.563121  236.514141    0.353344    1.505709
   82.561812  236.507647    0.607479    3.896533
   82.560503  236.501153    0.323784    1.227810
   82.559196  236.494660    0.394763    1.895619
   82.557890  236.488168    0.421976    2.151712
   82.556587  236.481674    0.440933    2.330140
   82.555285  236.475183    0.461633    2.524963
   82.553984  236.468693    0.430791    2.234908
   82.552683  236.462206    0.419225    2.126194
   82.551381  236.455723    0.363356    1.600705
   82.550079  236.449243    0.436041    2.284575
   82.548777  236.442767    0.392496    1.875017
   82.547475  236.436297    0.081340    0.173988
   82.546174  236.429842    0.402607    1.970319
   82.544872  236.423387    0.371564    1.678378
   82.543569  236.416929    0.245033    0.524130
   82.542264  236.410459    0.290936    0.920062
   82.540957  236.403962    0.234317    0.501210
   82.539649  236.397459    0.394619    1.895624
   82.538339  236.390957    0.040762    0.087190
   82.537029  236.384464    0.063124    0.135023
   82.535719  236.377995    0.080104    0.171343
   82.534409  236.371533    0.249098    0.532826
   82.533098  236.365076    0.176584    0.377717
   82.531788  236.358619    0.471465    2.619088
   82.530479  236.352154    0.373345    1.696133
   82.529170  236.345691    0.633530    4.143869
   82.527861  236.339230    0.446456    2.384095
   82.526552  236.332773    0.429316    2.222943
   82.523932  236.319874    0.089247    0.190901
   82.522622  236.313435    0.206877    0.442514
   82.521312  236.307006    0.310236    1.103086
   82.520003  236.300595    0.352001    1.496068
   82.518695  236.294191    0.428316    2.214087
   82.517387  236.287790    0.301230    1.018631
   82.516079  236.281391    0.425507    2.187840
   82.514769  236.274986    0.254789    0.581924
   82.513460  236.268581    0.536865    3.235599
   82.512150  236.262176    0.285753    0.873393
   82.510840  236.255772    0.290770    0.920686
   82.509531  236.249372    0.444509    2.367050
   82.508222  236.242970    0.368176    1.649054
   82.506913  236.236567    0.526411    3.137710
   82.505604  236.230162    0.174631    0.373540
   82.504297  236.223752    0.429836    2.229374
   82.502990  236.217339    0.073004    0.156158
   82.501683  236.210922    0.107631    0.230226
   82.500376  236.204500    0.111480    0.238458
   82.496453  236.185206    0.473669    2.642275
   82.495145  236.178784    0.381782    1.777956
   82.493838  236.172380    0.234875    0.502403
   82.492531  236.165983    0.272813    0.753031
   82.491223  236.159590    0.262141    0.652719
