Converting ICESat/GLAS binary freeboard vector data to ASCII
Wed Feb 12 09:56:47 2014

write_fb:
  file_in:       laser3k0033002.dat
  laser_period:  3k
  track:         0033
  cycle:         002
  file_out:      laser3k0033002.txt
  non_zero_only:        0
  nan_replace:       -999

read_fb:
  Year:                  2008
  Month:                   10
  Day:                     11
  Hour:                    13
  Minute:                  35
  Doy:                    285
  record_count:          1452
  non_zero_count:        1446
  nan_count:                0

    Latitude   Longitude   Freeboard   Thickness
   76.116252  284.214440    0.074463    0.156495
   76.117731  284.212462    0.323022    0.678877
   76.119209  284.210489    0.356539    0.778440
   76.120686  284.208518    0.295011    0.620007
   76.122163  284.206547    0.247490    0.520136
   76.123640  284.204578    0.263948    0.554725
   76.125117  284.202610    0.249371    0.524089
   76.126595  284.200643    0.275603    0.579220
   76.128073  284.198676    0.000000    0.000000
   76.129551  284.196708    0.451732    1.674770
   76.131028  284.194736    0.245905    0.516804
   76.132504  284.192763    0.200057    0.420447
   76.133982  284.190789    0.479086    1.932439
   76.135461  284.188813    0.254485    0.534837
   76.136945  284.186837    0.107370    0.225653
   76.138430  284.184860    0.798797    4.940423
   76.139916  284.182882    0.444990    1.612155
   76.141403  284.180902    0.683499    3.856004
   76.142888  284.178918    0.715135    4.153729
   76.144374  284.176933    0.563754    2.729761
   76.145859  284.174948    0.912105    6.006926
   76.147344  284.172963    0.209840    0.441009
   76.148829  284.170982    0.436771    1.535534
   76.150315  284.169002    0.151779    0.318984
   76.151799  284.167022    0.474954    1.894965
   76.153283  284.165041    0.228215    0.479626
   76.154767  284.163056    0.194226    0.408194
   76.156249  284.161069    0.242627    0.509915
   76.157730  284.159081    0.338727    0.711884
   76.159211  284.157093    0.171355    0.360128
   76.160689  284.155106    0.832564    5.259820
   76.162167  284.153119    0.159735    0.335707
   76.163644  284.151133    0.383870    1.039039
   76.165120  284.149149    0.046147    0.096984
   76.166595  284.147170    0.705779    4.067577
   76.168070  284.145193    0.364111    0.853505
   76.169545  284.143216    0.392336    1.119149
   76.172496  284.139255    0.546696    2.571493
   76.173973  284.137270    0.044481    0.093484
   76.175451  284.135284    0.703530    4.047117
   76.176929  284.133299    0.743153    4.419981
   76.178407  284.131317    0.391254    1.109661
   76.179885  284.129336    0.411830    1.303342
   76.181364  284.127354    0.512274    2.248367
   76.182844  284.125371    0.427218    1.448336
   76.184324  284.123381    0.388150    1.080929
   76.187288  284.119398    0.136256    0.286361
   76.188772  284.117407    0.474972    1.898039
   76.190259  284.115422    0.264415    0.555706
   76.194723  284.109473    0.985820    6.704226
   76.196209  284.107486    0.769983    4.673892
   76.197693  284.105497    0.310817    0.653225
   76.199177  284.103507    0.588408    2.965987
   76.200661  284.101514    0.684199    3.867240
   76.202145  284.099516    0.781236    4.780216
   76.203629  284.097516    0.784553    4.811539
   76.205113  284.095515    0.351138    0.737967
   76.206595  284.093516    1.145481    8.207136
   76.208074  284.091520    0.263975    0.554781
   76.209552  284.089528    0.397490    1.170770
   76.211030  284.087537    0.163370    0.343346
   76.212507  284.085548    0.134539    0.282753
   76.216939  284.079603    0.252284    0.530211
   76.218416  284.077618    0.236819    0.497709
   76.219894  284.075621    0.416934    1.354494
   76.221371  284.073618    0.245588    0.516139
   76.222848  284.071612    0.291522    0.612675
   76.224324  284.069605    0.304010    0.638921
   76.225798  284.067600    0.364725    0.863818
   76.227272  284.065597    0.326658    0.686519
   76.228746  284.063594    0.283789    0.596422
   76.230221  284.061592    0.325282    0.683626
   76.231700  284.059592    0.364127    0.858654
   76.233182  284.057592    0.258506    0.543288
   76.234665  284.055592    0.337433    0.709165
   76.236149  284.053589    0.355798    0.780652
   76.237634  284.051581    0.555450    2.658960
   76.239120  284.049570    0.476476    1.916139
   76.240605  284.047558    0.423778    1.420511
   76.242091  284.045545    0.279899    0.588248
   76.243575  284.043535    0.825555    5.200392
   76.245058  284.041525    0.338376    0.711145
   76.246540  284.039517    0.939265    6.270341
   76.249506  284.035500    0.265219    0.557395
   76.256912  284.025493    0.185032    0.388871
   76.258388  284.023498    0.204243    0.429245
   76.262819  284.017496    0.183217    0.385056
   76.264296  284.015489    0.223717    0.470173
   76.265772  284.013482    0.648897    3.540261
   76.267248  284.011474    0.340417    0.715435
   76.268723  284.009466    0.286782    0.602713
   76.270198  284.007457    0.389457    1.099970
   76.271673  284.005450    0.246683    0.518439
   76.273149  284.003446    0.469137    1.849775
   76.274625  284.001443    0.190623    0.400621
   76.276102  283.999440    0.227075    0.477231
   76.277580  283.997434    0.120900    0.254088
   76.284977  283.987345    0.250293    0.526026
   76.286459  283.985318    0.269664    0.566737
   76.287940  283.983291    0.270219    0.567904
   76.289421  283.981266    0.321710    0.676120
   76.292379  283.977237    0.208607    0.438418
   76.293858  283.975224    0.255990    0.538000
   76.295337  283.973210    0.182154    0.382822
   76.296819  283.971187    0.193247    0.406136
   76.298301  283.969161    0.214379    0.450547
   76.304224  283.961071    0.203548    0.427785
   76.305702  283.959053    0.147123    0.309201
   76.308659  283.955014    0.368440    0.905280
   76.310139  283.952992    0.331623    0.696954
   76.311618  283.950969    0.795154    4.919753
   76.313096  283.948945    0.268068    0.563382
   76.314575  283.946919    0.453143    1.702574
   76.316054  283.944894    0.260559    0.547601
   76.317532  283.942869    0.308864    0.649121
   76.319009  283.940846    0.272767    0.573258
   76.320486  283.938828    0.289137    0.607663
   76.323439  283.934799    0.374993    0.968090
   76.324916  283.932785    0.306359    0.643857
   76.326392  283.930769    0.181596    0.381649
   76.330823  283.924714    0.260593    0.547673
   76.332299  283.922692    0.353969    0.770996
   76.335253  283.918644    0.191625    0.402727
   76.357486  283.888182    0.193173    0.405981
   76.358967  283.886150    0.261231    0.549015
   76.360448  283.884117    0.262549    0.551784
   76.361925  283.882079    0.103285    0.217067
   76.364876  283.878000    0.175373    0.368571
   76.373715  283.865768    0.451263    1.689508
   76.375190  283.863735    0.448868    1.667089
   76.376665  283.861702    0.227074    0.477229
   76.379614  283.857636    0.173262    0.364136
   76.385519  283.849492    0.361720    0.848074
   76.387000  283.847452    0.535231    2.480464
   76.388482  283.845411    0.453899    1.715464
   76.389964  283.843370    0.307898    0.647091
   76.391446  283.841328    0.327058    0.687360
   76.392928  283.839287    0.353636    0.772596
   76.394410  283.837247    0.736713    4.376447
   76.395891  283.835207    0.624622    3.322083
   76.398852  283.831143    0.233449    0.490627
   76.400332  283.829107    0.123953    0.260505
   76.401812  283.827063    0.258629    0.543546
   76.403295  283.824992    0.874298    5.671448
   76.406263  283.820829    1.232791    9.044147
   76.407746  283.818750    0.591451    3.010964
   76.409226  283.816697    0.309346    0.650135
   76.410704  283.814654    0.187492    0.394042
   76.412181  283.812615    0.362953    0.861748
   76.416611  283.806488    0.323321    0.679505
   76.418086  283.804440    0.381955    1.040968
   76.419562  283.802391    0.524558    2.382597
   76.422513  283.798283    0.253784    0.533364
   76.423989  283.796228    0.264808    0.556532
   76.425465  283.794174    0.206098    0.433144
   76.426940  283.792125    0.197779    0.415661
   76.428415  283.790078    0.422160    1.420003
   76.432846  283.783933    0.534856    2.480517
   76.434325  283.781882    0.474196    1.909988
   76.437284  283.777780    0.298272    0.626861
   76.438762  283.775737    0.323489    0.679859
   76.440240  283.773695    0.201036    0.422505
   76.441717  283.771651    0.331771    0.697264
   76.443195  283.769604    0.466985    1.842840
   76.444673  283.767543    0.304919    0.640831
   76.446152  283.765477    0.149950    0.315141
   76.447631  283.763408    0.179302    0.376829
   76.449111  283.761339    0.280511    0.589533
   76.452077  283.757220    0.715725    4.183516
   76.453560  283.755161    0.410304    1.310432
   76.455044  283.753101    0.299950    0.630387
   76.456525  283.751037    0.681588    3.862720
   76.460963  283.744832    0.225169    0.473225
   76.468350  283.734470    0.373386    0.964292
   76.469829  283.732410    0.461155    1.790078
   76.471308  283.730351    0.403107    1.244119
   76.472786  283.728291    0.265546    0.558082
   76.474262  283.726222    0.491956    2.080186
   76.475737  283.724150    0.434250    1.537439
   76.477211  283.722078    0.330520    0.694635
   76.478686  283.720007    0.240800    0.506076
   76.481637  283.715879    0.362101    0.859174
   76.483113  283.713818    0.280851    0.590249
   76.484589  283.711759    0.200577    0.421541
   76.486065  283.709703    0.232298    0.488207
   76.493443  283.699392    0.326483    0.686150
   76.499353  283.691091    0.291262    0.612129
   76.506756  283.680701    0.869241    5.631973
   76.508236  283.678620    0.401027    1.227443
   76.509715  283.676534    0.380098    1.030668
   76.511193  283.674447    0.390785    1.131327
   76.512671  283.672359    0.331999    0.697743
   76.514149  283.670271    0.295667    0.621387
   76.515630  283.668186    0.307317    0.645872
   76.517110  283.666103    0.364045    0.880235
   76.518591  283.664020    0.169710    0.356669
   76.524503  283.655710    0.360201    0.844650
   76.525979  283.653631    0.285610    0.600250
   76.527453  283.651544    0.331738    0.697195
   76.528927  283.649454    0.647706    3.549657
   76.530401  283.647364    0.554332    2.671375
   76.533345  283.643196    0.582843    2.939814
   76.534815  283.641120    0.581537    2.927649
   76.536286  283.639047    0.368343    0.922173
   76.537759  283.636976    0.391419    1.139375
   76.540710  283.632841    0.234545    0.492931
   76.546627  283.624538    0.891815    5.847465
   76.548108  283.622449    0.684792    3.900039
   76.551070  283.618257    0.410053    1.315705
   76.552550  283.616154    0.652651    3.598020
   76.555510  283.611949    0.602725    3.128583
   76.556990  283.609856    0.492498    2.091759
   76.558471  283.607767    0.466888    1.850949
   76.559950  283.605679    0.398540    1.208087
   76.561429  283.603589    0.476216    1.938931
   76.562905  283.601495    0.420831    1.418018
   76.564380  283.599397    0.506518    2.224220
   76.565854  283.597299    1.224572    8.979315
   76.567328  283.595198    0.421730    1.426816
   76.568800  283.593095    0.467381    1.856388
   76.570271  283.590991    0.290001    0.609479
   76.577642  283.580476    0.520294    2.354849
   76.580593  283.576296    0.402056    1.242773
   76.586491  283.567972    0.269982    0.567407
   76.587966  283.565881    0.340580    0.715777
   76.598296  283.551211    0.213017    0.447685
   76.599773  283.549127    0.323983    0.680897
   76.601250  283.547043    0.272283    0.572242
   76.613090  283.530197    0.212954    0.447554
   76.614569  283.528082    0.332196    0.698157
   76.621961  283.517530    0.254374    0.534604
   76.623441  283.515422    0.239750    0.503868
   76.624919  283.513314    0.254098    0.534023
   76.626397  283.511204    0.176161    0.370227
   76.627870  283.509085    0.200301    0.420961
   76.635230  283.498496    0.183731    0.386138
   76.641123  283.490088    0.177214    0.372441
   76.642597  283.487992    0.259538    0.545456
   76.644071  283.485896    0.202679    0.425960
   76.647019  283.481688    0.244267    0.513362
   76.648495  283.479579    0.172227    0.361960
   76.649972  283.477465    0.160680    0.337691
   76.655902  283.468948    0.150952    0.317248
   76.657382  283.466828    0.238753    0.501775
   76.658860  283.464711    1.048912    7.334051
   76.661814  283.460481    1.603710   12.553456
   76.663290  283.458366    1.820977   14.597471
   76.664766  283.456250    0.997984    6.855415
   76.666241  283.454132    0.504886    2.216792
   76.667715  283.452011    0.715294    4.196283
   76.669190  283.449884    1.026737    7.126245
   76.670663  283.447754    0.731046    4.344702
   76.672137  283.445622    0.540369    2.551048
   76.673610  283.443490    1.010571    6.974514
   76.675082  283.441360    0.699096    4.044477
   76.676554  283.439231    0.438608    1.594094
   76.679498  283.434972    0.157514    0.331039
   76.680972  283.432844    0.138031    0.290092
   76.683921  283.428585    0.138097    0.290231
   76.688344  283.422186    0.084773    0.178164
   76.689819  283.420051    0.151251    0.317876
   76.691293  283.417918    0.109082    0.229251
   76.697198  283.409415    0.142731    0.299970
   76.698675  283.407295    0.140763    0.295833
   76.700152  283.405176    0.132454    0.278371
   76.709021  283.392444    0.139837    0.293888
   76.720815  283.375312    0.074718    0.157030
   76.722287  283.373175    0.062004    0.130311
   76.723760  283.371037    0.071927    0.151165
   76.725232  283.368898    0.009933    0.020876
   76.726703  283.366759    0.074659    0.156906
   76.728172  283.364619    0.061196    0.128613
   76.729641  283.362479    0.062473    0.131296
   76.731109  283.360339    0.039039    0.082047
   76.732578  283.358198    0.094799    0.199233
   76.734048  283.356054    0.060078    0.126262
   76.735519  283.353910    0.007453    0.015663
   76.736990  283.351767    0.036404    0.076507
   76.738462  283.349624    0.062354    0.131046
   76.744354  283.341079    0.022065    0.046373
   76.745831  283.338935    0.037117    0.078006
   76.747310  283.336788    0.042993    0.090357
   76.748789  283.334640    0.116260    0.244337
   76.750270  283.332492    0.086745    0.182306
   76.753232  283.328197    0.101313    0.212924
   76.754713  283.326050    0.023934    0.050301
   76.756194  283.323904    0.075281    0.158213
   76.757674  283.321758    0.060136    0.126385
   76.759153  283.319613    0.017862    0.037540
   76.760631  283.317467    0.061058    0.128322
   76.763585  283.313173    0.101525    0.213370
   76.765062  283.311024    0.000000    0.000000
   76.766537  283.308874    0.073759    0.155015
   76.768010  283.306722    0.118916    0.249920
   76.769481  283.304566    0.057262    0.120345
   76.770950  283.302408    0.118366    0.248763
   76.772419  283.300249    0.026140    0.054937
   76.775359  283.295934    0.044998    0.094570
   76.776831  283.293778    0.064199    0.134924
   76.778303  283.291624    0.119561    0.251274
   76.779775  283.289469    0.054678    0.114915
   76.781245  283.287317    0.133155    0.279844
   76.782716  283.285165    0.132741    0.278975
   76.785659  283.280857    0.130011    0.273237
   76.787131  283.278696    0.061095    0.128399
   76.788603  283.276532    0.043839    0.092133
   76.798931  283.261384    0.140768    0.295844
   76.800406  283.259230    0.104114    0.218810
   76.807784  283.248413    0.648371    3.577624
   76.809261  283.246241    0.538511    2.544247
   76.810737  283.244069    0.472219    1.920730
   76.812214  283.241898    0.518052    2.352011
   76.813691  283.239726    0.553810    2.688512
   76.815166  283.237556    0.482526    2.018033
   76.816641  283.235391    0.488461    2.073980
   76.818114  283.233227    0.604459    3.165326
   76.819587  283.231063    0.481958    2.013039
   76.821059  283.228896    1.028537    7.154999
   76.822531  283.226722    1.426680   10.900583
   76.824003  283.224543    0.748958    4.525139
   76.825474  283.222363    0.619596    3.308295
   76.826945  283.220181    0.517159    2.344757
   76.828414  283.217997    0.426732    1.494194
   76.829883  283.215813    1.018943    7.065434
   76.831352  283.213630    0.705743    4.119175
   76.837230  283.204922    0.515529    2.330218
   76.840174  283.200579    0.689157    3.963823
   76.841649  283.198409    0.478962    1.986565
   76.843124  283.196238    0.477295    1.970999
   76.844599  283.194066    0.591468    3.045174
   76.847548  283.189712    0.484226    2.036546
   76.849023  283.187532    0.465814    1.863449
   76.850499  283.185351    0.413492    1.371354
   76.851979  283.183164    0.550572    2.661025
   76.853459  283.180975    0.534072    2.505916
   76.854940  283.178788    0.616722    3.283551
   76.856421  283.176604    0.724923    4.301553
   76.857901  283.174432    0.525008    2.420992
   76.859380  283.172264    0.561643    2.765749
   76.860858  283.170097    0.532236    2.489220
   76.862335  283.167928    0.476925    1.969003
   76.865279  283.163566    0.539053    2.553688
   76.866749  283.161380    0.719856    4.254677
   76.869691  283.157000    0.231187    0.485874
   76.887319  283.130728    0.491200    2.105233
   76.888790  283.128535    0.417392    1.411016
   76.890262  283.126340    0.440674    1.630146
   76.891735  283.124142    0.498583    2.175033
   76.893209  283.121935    0.412056    1.361157
   76.894684  283.119726    0.488608    2.081425
   76.896160  283.117517    0.997607    6.869870
   76.897637  283.115312    1.243345    9.181719
   76.899116  283.113123    1.172051    8.511150
   76.900596  283.110939    0.552193    2.680047
   76.902076  283.108756    0.544382    2.606688
   76.903555  283.106571    0.605752    3.184131
   76.906507  283.102171    0.435429    1.582066
   76.910926  283.095560    0.495173    2.144450
   76.912399  283.093360    0.634040    3.450933
   76.913871  283.091162    0.463799    1.849526
   76.915343  283.088964    0.570064    2.849319
   76.916817  283.086770    0.539747    2.564225
   76.918291  283.084577    0.520159    2.380067
   76.919764  283.082383    0.415019    1.391100
   76.921237  283.080189    0.363795    0.909328
   76.922708  283.077993    0.508473    2.270483
   76.925647  283.073592    0.869467    5.666701
   76.927116  283.071386    1.077823    7.626886
   76.928586  283.069167    1.020446    7.087245
   76.930056  283.066943    0.779332    4.819115
   76.931526  283.064718    0.777874    4.805513
   76.934466  283.060275    0.781915    4.843760
   76.935937  283.058061    0.681710    3.901207
   76.937407  283.055850    0.657485    3.673430
   76.938879  283.053642    1.575047   12.305367
   76.940353  283.051442    0.664088    3.735778
   76.941828  283.049245    0.665538    3.749537
   76.943304  283.047048    0.792100    4.940262
   76.944781  283.044849    0.418474    1.425545
   76.946258  283.042639    0.797544    4.991702
   76.947735  283.040426    0.656294    3.663032
   76.949213  283.038210    0.678356    3.870685
   76.950690  283.035993    0.434330    1.575166
   76.952167  283.033777    0.484279    2.045171
   76.953643  283.031563    0.415437    1.397670
   76.955119  283.029350    0.511625    2.302651
   76.956593  283.027140    0.421020    1.450415
   76.958067  283.024936    0.453620    1.757209
   76.959539  283.022736    0.460757    1.824462
   76.961011  283.020538    0.504303    2.234234
   76.962482  283.018341    0.485611    2.058506
   76.963953  283.016149    0.496923    2.165033
   76.965423  283.013957    0.525222    2.431368
   76.966893  283.011761    0.468518    1.898049
   76.968362  283.009558    0.472866    1.939067
   76.972762  283.002869    0.596621    3.103613
   76.974228  283.000637    0.396490    1.221023
   76.977166  282.996218    0.532845    2.503990
   76.978636  282.994012    0.415821    1.403225
   76.980107  282.991802    1.195841    8.741247
   76.981577  282.989576    0.523606    2.417423
   76.983048  282.987343    0.529158    2.469763
   76.984519  282.985108    0.516696    2.352650
   76.985991  282.982870    0.861562    5.597038
   76.987465  282.980639    0.558301    2.744271
   76.988940  282.978408    0.559644    2.757023
   76.990415  282.976177    0.651109    3.617575
   76.991891  282.973946    0.481796    2.024908
   76.994843  282.969473    0.548168    2.649515
   76.996318  282.967238    0.555690    2.720388
   76.997793  282.965005    0.567903    2.835393
   76.999265  282.962780    0.521741    2.401253
   77.002208  282.958340    0.741147    4.465506
   77.005151  282.953911    0.321476    0.675627
   77.011039  282.945044    0.561848    2.779460
   77.025741  282.922764    0.821318    5.221521
   77.027211  282.920522    0.837415    5.373071
   77.030148  282.916038    0.763156    4.674717
   77.031616  282.913797    0.527309    2.456140
   77.033084  282.911557    0.591967    3.064517
   77.034552  282.909324    1.095889    7.805193
   77.036019  282.907092    0.439271    1.628285
   77.037487  282.904860    0.277883    0.584012
   77.052209  282.882404    0.616925    3.300790
   77.053684  282.880148    0.776154    4.798826
   77.055159  282.877893    0.780411    4.838992
   77.056634  282.875640    0.623631    3.364220
   77.058110  282.873394    0.485846    2.068154
   77.061061  282.868913    1.014274    7.039479
   77.062535  282.866677    0.445845    1.692187
   77.064007  282.864446    0.545028    2.625349
   77.065477  282.862216    0.834252    5.346294
   77.066946  282.859986    0.696934    4.054611
   77.069883  282.855507    0.673517    3.834547
   77.071350  282.853257    0.683547    3.929020
   77.072817  282.851007    0.616146    3.295069
   77.074283  282.848758    0.532633    2.509549
   77.075749  282.846519    0.508414    2.281829
   77.077215  282.844285    0.555894    2.728597
   77.078680  282.842051    0.563977    2.804759
   77.081614  282.837581    0.494577    2.152118
   77.084551  282.833098    0.749677    4.552150
   77.086021  282.830848    0.492484    2.132766
   77.087491  282.828579    0.459085    1.818683
   77.088963  282.826302    0.558359    2.752708
   77.090436  282.824022    0.285346    0.599696
   77.093385  282.819460    0.451029    1.743361
   77.102238  282.805921    0.679381    3.892241
   77.105183  282.801421    0.351842    0.811195
   77.118410  282.781102    0.394191    1.210624
   77.119880  282.778862    0.542272    2.603782
   77.121350  282.776622    0.581215    2.970245
   77.122818  282.774377    0.502565    2.230476
   77.124285  282.772130    0.439577    1.638039
   77.127218  282.767619    0.467635    1.902218
   77.128684  282.765345    0.440226    1.644484
   77.133084  282.758504    0.501751    2.223619
   77.134557  282.756242    0.276261    0.580603
   77.137509  282.751729    0.560453    2.776191
   77.138984  282.749471    0.408934    1.350914
   77.147808  282.735809    0.174458    0.366649
   77.149282  282.733522    0.509416    2.296992
   77.155180  282.724396    0.511062    2.312931
   77.156654  282.722120    0.445963    1.700638
   77.158129  282.719847    0.441978    1.663270
   77.159603  282.717574    0.477943    2.001719
   77.161076  282.715302    0.581106    2.972325
   77.162549  282.713029    0.493621    2.149440
   77.164021  282.710753    0.353497    0.831352
   77.174297  282.694778    0.592045    3.076262
   77.175764  282.692503    0.443763    1.681440
   77.177230  282.690231    0.366662    0.956235
   77.180163  282.685685    0.303599    0.638058
   77.191896  282.667376    0.722160    4.301673
   77.193363  282.665083    0.568584    2.857047
   77.194832  282.662791    0.547787    2.661524
   77.196300  282.660501    0.709220    4.180293
   77.197769  282.658211    0.697436    4.069552
   77.199239  282.655928    0.752961    4.592009
   77.200709  282.653645    0.726239    4.340741
   77.202179  282.651361    0.737473    4.446530
   77.203650  282.649072    0.820977    5.232198
   77.205120  282.646766    0.624649    3.385388
   77.206591  282.644455    0.610618    3.253517
   77.208062  282.642145    0.531155    2.506090
   77.209532  282.639838    0.590508    3.064566
   77.211002  282.637554    0.499612    2.209591
   77.212472  282.635276    0.575621    2.924747
   77.213942  282.633002    0.779147    4.839497
   77.215413  282.630726    0.358635    0.883707
   77.216885  282.628439    0.368813    0.979566
   77.218358  282.626147    0.406268    1.332038
   77.219831  282.623852    0.868919    5.684463
   77.221303  282.621554    0.750893    4.574265
   77.222772  282.619254    0.846434    5.473173
   77.224240  282.616952    1.136655    8.203491
   77.225707  282.614650    0.320842    0.674296
   77.227174  282.612348    0.644363    3.572562
   77.228641  282.610051    0.450890    1.752612
   77.230109  282.607756    0.409931    1.367404
   77.231576  282.605459    0.525645    2.456080
   77.233043  282.603162    0.601641    3.171110
   77.234506  282.600857    0.507416    2.284826
   77.235969  282.598551    0.551688    2.701416
   77.237432  282.596245    0.565404    2.830564
   77.238894  282.593939    0.508828    2.298445
   77.240358  282.591644    0.484942    2.073860
   77.241823  282.589350    0.584793    3.013300
   77.243289  282.587053    0.868124    5.678801
   77.244756  282.584753    0.613839    3.286774
   77.246225  282.582434    0.429285    1.550730
   77.247695  282.580108    0.406302    1.334631
   77.249166  282.577781    0.382503    1.110866
   77.250637  282.575455    0.450220    1.748010
   77.252108  282.573144    0.432474    1.581184
   77.253580  282.570838    0.264402    0.555679
   77.255052  282.568535    0.140032    0.294297
   77.257999  282.563928    0.171028    0.359440
   77.259475  282.561623    0.079031    0.166096
   77.260951  282.559316    0.690406    4.008321
   77.262425  282.557006    0.797957    5.020208
   77.263897  282.554690    1.011638    7.030486
   77.265367  282.552371    0.066346    0.139437
   77.266836  282.550052    0.086670    0.182149
   77.269774  282.545421    0.029301    0.061581
   77.271242  282.543111    0.040056    0.084183
   77.272711  282.540803    0.096782    0.203402
   77.274178  282.538495    0.130859    0.275019
   77.275644  282.536186    0.004690    0.009857
   77.280038  282.529258    0.000000    0.000000
   77.282965  282.524644    0.388511    1.170004
   77.284429  282.522333    0.459591    1.838790
   77.285893  282.520019    0.648586    3.616838
   77.287360  282.517692    0.464154    1.881939
   77.288827  282.515360    0.361780    0.918989
   77.290295  282.513027    0.465806    1.897714
   77.291763  282.510695    0.476620    1.999560
   77.293231  282.508374    0.304703    0.640378
   77.294699  282.506057    0.258263    0.542777
   77.296167  282.503741    0.794453    4.989859
   77.297636  282.501424    0.322670    0.678136
   77.299105  282.499102    0.479709    2.029186
   77.300575  282.496777    0.327347    0.687966
   77.302045  282.494450    0.418639    1.454910
   77.303514  282.492122    0.587669    3.045146
   77.304982  282.489791    0.228923    0.481115
   77.306449  282.487459    0.303082    0.636970
   77.307916  282.485127    0.464949    1.891018
   77.309384  282.482796    0.311572    0.654813
   77.310854  282.480468    0.297791    0.625850
   77.312325  282.478141    0.552123    2.711435
   77.313796  282.475814    0.355617    0.862952
   77.315267  282.473488    0.470995    1.948465
   77.316736  282.471159    0.239132    0.502571
   77.318206  282.468830    0.330641    0.694890
   77.319674  282.466502    0.296529    0.623198
   77.321143  282.464175    0.194183    0.408104
   77.322612  282.461854    0.352136    0.830890
   77.324081  282.459535    0.263642    0.554081
   77.325549  282.457215    0.241460    0.507463
   77.327017  282.454893    0.231607    0.486756
   77.328484  282.452563    0.666776    3.791266
   77.334346  282.443237    0.438323    1.642588
   77.335811  282.440911    0.529454    2.500001
   77.337275  282.438584    0.369995    1.000030
   77.338740  282.436255    0.404084    1.320832
   77.340203  282.433920    0.246401    0.517848
   77.341666  282.431581    0.217348    0.456787
   77.343130  282.429241    0.290479    0.610482
   77.344593  282.426901    0.276297    0.580679
   77.346057  282.424567    0.625832    3.407465
   77.347521  282.422233    0.310763    0.653113
   77.348987  282.419896    0.402326    1.305098
   77.350454  282.417554    0.494744    2.174619
   77.351923  282.415193    0.343785    0.754604
   77.353394  282.412826    0.287897    0.605058
   77.354866  282.410457    0.412747    1.403590
   77.356338  282.408088    0.700698    4.112554
   77.357810  282.405733    0.294697    0.619349
   77.359282  282.403382    0.333680    0.701277
   77.360754  282.401032    0.446002    1.716887
   77.362226  282.398680    0.220898    0.464248
   77.363698  282.396316    0.288768    0.606887
   77.365170  282.393950    0.399595    1.280660
   77.366641  282.391583    0.425396    1.523496
   77.368112  282.389217    0.483149    2.066917
   77.369583  282.386856    0.345364    0.770837
   77.371054  282.384500    0.291831    0.613325
   77.372523  282.382147    0.453498    1.788319
   77.373991  282.379799    0.516107    2.377416
   77.375456  282.377462    0.430446    1.571693
   77.376919  282.375128    0.304034    0.638971
   77.378382  282.372795    0.400308    1.288400
   77.379844  282.370459    0.387518    1.168191
   77.381307  282.368109    0.383100    1.126743
   77.382770  282.365753    0.274532    0.576968
   77.384234  282.363396    0.416620    1.442306
   77.385697  282.361039    0.553139    2.726708
   77.387160  282.358694    0.361607    0.925014
   77.388624  282.356352    0.445184    1.711363
   77.390087  282.354010    0.372753    1.030094
   77.391551  282.351666    0.277310    0.582807
   77.393017  282.349317    0.325841    0.684801
   77.394484  282.346964    0.568368    2.870655
   77.395952  282.344607    0.298943    0.628271
   77.397419  282.342246    0.339883    0.721442
   77.398886  282.339875    0.267482    0.562152
   77.400352  282.337502    0.396955    1.258568
   77.401819  282.335129    0.320285    0.673126
   77.403287  282.332757    0.355733    0.871012
   77.404757  282.330397    0.376171    1.063391
   77.406227  282.328042    0.423602    1.509708
   77.407698  282.325688    0.373029    1.034060
   77.409169  282.323334    0.323430    0.679734
   77.410640  282.320975    0.344820    0.768918
   77.412112  282.318614    0.480205    2.042650
   77.413583  282.316249    0.383164    1.129866
   77.415054  282.313881    0.367456    0.982205
   77.416526  282.311506    0.507670    2.301365
   77.417996  282.309126    0.345529    0.776161
   77.419466  282.306746    0.392332    1.216570
   77.420935  282.304365    0.322341    0.677446
   77.422401  282.301989    0.443236    1.695668
   77.423865  282.299615    0.371153    1.017678
   77.425328  282.297243    0.328423    0.690227
   77.426790  282.294873    0.469830    1.946194
   77.428252  282.292510    0.454177    1.799053
   77.429713  282.290148    0.780161    4.865808
   77.431174  282.287788    0.461381    1.867049
   77.432634  282.285429    0.435467    1.623386
   77.434092  282.283067    0.360955    0.922531
   77.435550  282.280704    0.491339    2.149218
   77.437008  282.278340    0.490882    2.145026
   77.438466  282.275975    0.422480    1.501658
   77.439925  282.273610    0.604256    3.211802
   77.441386  282.271244    0.482093    2.062686
   77.442848  282.268876    0.423420    1.510843
   77.444312  282.266504    0.406200    1.348964
   77.445778  282.264124    0.488312    2.121525
   77.447246  282.261740    0.354741    0.865092
   77.448716  282.259353    0.388641    1.184113
   77.450186  282.256967    0.489682    2.134758
   77.451657  282.254585    0.552524    2.726047
   77.453128  282.252203    0.448921    1.751528
   77.454600  282.249821    0.514704    2.370490
   77.456073  282.247436    0.622404    3.383776
   77.457546  282.245046    0.513330    2.357793
   77.459020  282.242652    0.338408    0.712357
   77.460493  282.240257    0.397326    1.266726
   77.461966  282.237862    0.683122    3.955424
   77.463438  282.235468    0.561395    2.810411
   77.464908  282.233075    0.460062    1.857251
   77.466377  282.230684    1.014496    7.073109
   84.080016  161.472571    0.340124    1.843472
   84.078872  161.462344    0.293193    1.402078
   84.077727  161.452124    0.239827    0.900157
   84.076583  161.441915    0.177685    0.373431
   84.075440  161.431736    0.222476    0.737130
   84.074297  161.421570    0.207965    0.600724
   84.073154  161.411413    0.238744    0.890380
   84.072012  161.401262    0.196465    0.492748
   84.070868  161.391107    0.327615    1.726619
   84.069724  161.380955    0.154818    0.325371
   84.068580  161.370809    0.179797    0.377870
   84.067436  161.360668    0.200114    0.527485
   84.066292  161.350531    0.214950    0.667149
   84.065149  161.340402    0.279015    1.269930
   84.064004  161.330282    0.181901    0.382291
   84.062860  161.320172    0.144538    0.303768
   84.061713  161.310083    0.179640    0.377538
   84.060566  161.300003    0.286154    1.337505
   84.058270  161.279863    0.122075    0.256559
   84.053682  161.239606    0.180072    0.378446
   84.052532  161.229529    0.143303    0.301172
   84.051381  161.219449    0.010995    0.023108
   84.049078  161.199288    0.206739    0.591436
   84.047926  161.189219    0.090000    0.189147
   84.046775  161.179151    0.214256    0.662358
   84.045623  161.169081    0.246348    0.964367
   84.044471  161.159008    0.101875    0.214105
   84.043317  161.148920    0.148054    0.311157
   84.041009  161.128732    0.233429    0.843238
   84.039854  161.118636    0.226880    0.781737
   84.038699  161.108541    0.292231    1.396612
   84.037543  161.098447    0.258265    1.077191
   84.036389  161.088357    0.204350    0.570098
   84.035235  161.078272    0.308914    1.553867
   84.034085  161.068191    0.287736    1.354743
   84.032936  161.058120    0.274530    1.230613
   84.031788  161.048060    0.239062    0.897053
   84.030639  161.038016    0.223195    0.747894
   84.029489  161.027998    0.167765    0.352581
   84.028338  161.017999    0.304178    1.509926
   84.027187  161.008015    0.240710    0.912972
   84.026037  160.998046    0.166596    0.350126
   84.024888  160.988098    0.206470    0.591061
   84.023740  160.978161    0.242343    0.928635
   84.022591  160.968229    0.128157    0.269341
   84.021442  160.958298    0.231974    0.831295
   84.019143  160.938401    0.311687    1.581385
   84.017992  160.928450    0.206642    0.593293
   84.016840  160.918498    0.217799    0.698352
   84.015687  160.908548    0.086875    0.182580
   84.014532  160.898599    0.187610    0.414561
   84.013376  160.888651    0.145813    0.306447
   84.012217  160.878703    0.167691    0.352426
   84.011054  160.868764    0.091625    0.192564
   84.009888  160.858824    0.143409    0.301394
   84.008722  160.848878    0.174593    0.366933
   84.007557  160.838924    0.148833    0.312795
   84.006396  160.828938    0.146977    0.308893
   84.005236  160.818943    0.057577    0.121007
   84.001758  160.788982    0.182806    0.384192
   84.000597  160.779019    0.188197    0.421324
   83.999437  160.769064    0.179576    0.377405
   83.998276  160.759116    0.221950    0.739054
   83.997118  160.749167    0.114298    0.240213
   83.995960  160.739225    0.152493    0.320486
   83.994802  160.729292    0.116675    0.245209
   83.993645  160.719371    0.082840    0.174101
   83.991332  160.699589    0.186124    0.402644
   83.990176  160.689711    0.164826    0.346405
   83.989021  160.679837    0.080358    0.168883
   83.987868  160.669948    0.196340    0.499057
   83.986717  160.660064    0.242111    0.929740
   83.985565  160.650187    0.055514    0.116671
   83.983257  160.630486    0.127570    0.268107
   83.982100  160.620665    0.178544    0.375235
   83.980943  160.610855    0.199035    0.525023
   83.978624  160.591257    0.301417    1.488367
   83.977464  160.581463    0.214576    0.671528
   83.975141  160.561866    0.220336    0.725920
   83.973980  160.552044    0.148523    0.312142
   83.972817  160.542212    0.094603    0.198823
   83.970490  160.522523    0.000000    0.000000
   83.964649  160.473217    0.265602    1.152683
   83.963479  160.463384    0.394028    2.360936
   83.961143  160.443730    0.294524    1.425074
   83.959978  160.433897    0.260125    1.101575
   83.958815  160.424067    0.320515    1.669780
   83.957653  160.414242    0.400767    2.424844
   83.956490  160.404425    0.285118    1.336998
   83.955326  160.394618    0.249075    0.998033
   83.954162  160.384823    0.250155    1.008292
   83.952998  160.375041    0.282063    1.308571
   83.951835  160.365275    0.421297    2.618491
   83.950677  160.355538    0.223461    0.757486
   83.949519  160.345816    0.263812    1.137187
   83.947203  160.326405    0.272813    1.222064
   83.946043  160.316706    0.244855    0.959154
   83.944882  160.307010    0.295404    1.434786
   83.943720  160.297318    0.286768    1.353648
   83.942558  160.287627    0.070514    0.148194
   83.941397  160.277940    0.248896    0.997583
   83.940235  160.268250    0.209029    0.622642
   83.939073  160.258557    0.202924    0.565310
   83.937909  160.248860    0.210782    0.639338
   83.936743  160.239145    0.198961    0.528240
   83.935576  160.229425    0.152728    0.320980
   83.934407  160.219702    0.191340    0.456744
   83.928539  160.171101    0.252774    1.035194
   83.927364  160.161381    0.207570    0.610047
   83.925013  160.141942    0.215078    0.680890
   83.923838  160.132224    0.238132    0.897872
   83.922666  160.122502    0.204283    0.579545
   83.921495  160.112784    0.222633    0.752270
   83.920325  160.103077    0.369412    2.133170
   83.919154  160.093383    0.201308    0.551865
   83.917983  160.083728    0.230676    0.828247
   83.916811  160.074087    0.236819    0.886135
   83.915640  160.064455    0.259498    1.099591
   83.914469  160.054828    0.196631    0.508282
   83.913299  160.045189    0.219560    0.724088
   83.912130  160.035549    0.214391    0.675563
   83.910961  160.025911    0.213423    0.666559
   83.909794  160.016274    0.249057    1.001883
   83.908629  160.006632    0.151271    0.317918
   83.906302  159.987366    0.199989    0.540594
   83.905138  159.977747    0.186122    0.410241
   83.903971  159.968154    0.319865    1.668511
   83.902804  159.958574    0.297691    1.460012
   83.901635  159.949002    0.197190    0.514676
   83.900466  159.939436    0.209479    0.630385
   83.899297  159.929870    0.237923    0.898069
   83.898127  159.920305    0.176344    0.370613
   83.896956  159.910739    0.329856    1.763117
   83.895784  159.901169    0.153836    0.323309
   83.894611  159.891584    0.211268    0.647726
   83.893437  159.881996    0.305702    1.536196
   83.892262  159.872406    0.261408    1.119615
   83.891087  159.862818    0.301844    1.500110
   83.889912  159.853238    0.398807    2.412373
   83.888736  159.843663    0.276275    1.259776
   83.887559  159.834090    0.175270    0.368355
   83.886381  159.824519    0.261785    1.123670
   83.885202  159.814948    0.174601    0.366949
   83.884021  159.805380    0.212556    0.660763
   83.882840  159.795814    0.183698    0.389384
   83.881659  159.786251    0.298165    1.466318
   83.880478  159.776694    0.236616    0.887410
   83.879298  159.767139    0.324150    1.710970
   83.878118  159.757586    0.313717    1.612926
   83.876939  159.748033    0.410764    2.525980
   83.875762  159.738468    0.337486    1.836732
   83.874586  159.728906    0.235410    0.876578
   83.873412  159.719350    0.232764    0.851788
   83.872238  159.709803    0.235860    0.881011
   83.871064  159.700281    0.275074    1.250011
   83.869891  159.690772    0.173281    0.364175
   83.868718  159.681276    0.254473    1.056416
   83.867546  159.671793    0.254835    1.059920
   83.866376  159.662325    0.289454    1.385699
   83.865206  159.652868    0.286155    1.354768
   83.864036  159.643421    0.309875    1.578009
   83.862867  159.633981    0.153505    0.322614
   83.861697  159.624555    0.142161    0.298773
   83.860526  159.615132    0.272020    1.222197
   83.859355  159.605709    0.216343    0.698531
   83.857008  159.586836    0.286537    1.359068
   83.855832  159.577384    0.143977    0.302588
   83.854654  159.567928    0.278274    1.281541
   83.853476  159.558472    0.315737    1.634076
   83.852296  159.549027    0.287955    1.372821
   83.851114  159.539582    0.203401    0.577493
   83.849932  159.530134    0.205357    0.595999
   83.848747  159.520682    0.205761    0.599898
   83.843996  159.482789    0.205773    0.600423
   83.842809  159.473298    0.191658    0.467745
   83.841624  159.463807    0.142276    0.299014
   83.840438  159.454321    0.136577    0.287035
   83.838068  159.435391    0.101410    0.213128
   83.836882  159.425949    0.183480    0.391329
   83.835697  159.416520    0.171902    0.361276
   83.833328  159.397684    0.112761    0.236984
   83.832144  159.388278    0.351938    1.976473
   83.830961  159.378880    0.124359    0.261359
   83.829779  159.369493    0.086152    0.181061
   83.800200  159.136219    0.080881    0.169983
   83.763367  158.850014    0.171210    0.359822
   83.762171  158.840773    0.170798    0.358956
   83.758583  158.813090    0.121552    0.255458
   83.751390  158.757962    0.146000    0.306839
   83.748999  158.739629    0.266870    1.183451
   83.747805  158.730445    0.175991    0.369871
   83.743044  158.693840    0.277980    1.288482
   83.741857  158.684755    0.352502    1.989635
   83.740670  158.675686    0.151139    0.317640
   83.739485  158.666628    0.152926    0.321395
   83.737111  158.648536    0.202642    0.580265
   83.735924  158.639490    0.150206    0.315680
   83.734737  158.630437    0.165884    0.348629
   83.733552  158.621354    0.156202    0.328281
   83.732366  158.612261    0.179788    0.377851
   83.731179  158.603163    0.310558    1.595988
   83.729992  158.594065    0.292772    1.428771
   83.728802  158.584981    0.287759    1.381717
   83.727611  158.575899    0.257116    1.093556
   83.726418  158.566817    0.288925    1.392900
   83.725222  158.557733    0.421474    2.639936
   83.724022  158.548642    0.289527    1.398764
   83.722818  158.539547    0.308955    1.581636
   83.721613  158.530448    0.261773    1.137887
   83.720407  158.521343    0.296121    1.461112
   83.719200  158.512229    0.214407    0.692506
   83.717994  158.503111    0.232017    0.858278
   83.716788  158.493991    0.169090    0.355368
   83.715583  158.484871    0.193995    0.500798
   83.714382  158.475751    0.285834    1.364864
   83.713181  158.466635    0.232627    0.864434
   83.711981  158.457525    0.394108    2.383641
   83.710781  158.448425    0.197453    0.533744
   83.709578  158.439339    0.263143    1.151817
   83.708374  158.430265    0.193809    0.499671
   83.707169  158.421209    0.240212    0.936299
   83.705966  158.412169    0.146977    0.308893
   83.704762  158.403164    0.215636    0.705314
   83.703561  158.394177    0.248900    1.018339
   83.702360  158.385201    0.256274    1.087818
   83.701162  158.376233    0.241620    0.950057
   83.698780  158.358290    0.243272    0.965807
   83.697591  158.349323    0.301325    1.512037
   83.696402  158.340357    0.232933    0.868748
   83.695210  158.331391    0.271698    1.233528
   83.694018  158.322426    0.208476    0.638884
   83.692825  158.313464    0.309172    1.586261
   83.691631  158.304505    0.237619    0.913242
   83.690438  158.295563    0.221216    0.759033
   83.689243  158.286621    0.231631    0.857122
   83.688047  158.277673    0.256070    1.087127
   83.686850  158.268715    0.454078    2.949956
   83.685648  158.259715    0.651809    4.810182
   83.684444  158.250704    0.319450    1.683669
   83.683239  158.241688    0.247782    1.009568
   83.680830  158.223686    0.224043    0.786456
   83.679626  158.214705    0.269153    1.210927
   83.678421  158.205727    0.209936    0.653958
   83.677215  158.196748    0.270133    1.220352
   83.676008  158.187753    0.453317    2.943730
   83.674799  158.178758    0.361130    2.076601
   83.673589  158.169764    0.339660    1.874725
   83.672379  158.160774    0.227408    0.818837
   83.671166  158.151796    0.252741    1.057262
   83.669953  158.142825    0.196365    0.527017
   83.668741  158.133864    0.299973    1.501793
   83.667530  158.124910    0.221994    0.768325
   83.666323  158.115965    0.199234    0.554313
   83.665118  158.107030    0.172660    0.362869
   83.663915  158.098107    0.188529    0.453814
   83.662713  158.089197    0.344424    1.920478
   83.661511  158.080305    0.418384    2.616345
   83.660310  158.071428    0.426679    2.694481
   83.659111  158.062563    0.401652    2.459146
   83.657913  158.053711    0.387652    2.327548
   83.656718  158.044876    0.332098    1.805035
   83.655524  158.036051    0.266789    1.190751
   83.654331  158.027232    0.289015    1.399939
   83.653138  158.018418    0.279984    1.315086
   83.651945  158.009608    0.409896    2.537319
   83.650751  158.000796    0.327918    1.766230
   83.649556  157.991980    0.321711    1.707933
   83.648361  157.983156    0.302675    1.528965
   83.647163  157.974307    0.155622    0.327063
   83.645964  157.965449    0.394568    2.393632
   83.644763  157.956584    0.274499    1.264204
   83.643561  157.947714    0.258429    1.113137
   83.642358  157.938847    0.310356    1.601732
   83.641154  157.929978    0.341133    1.891367
   83.639948  157.921106    0.336347    1.846446
   83.638740  157.912231    0.338873    1.870316
   83.637529  157.903350    0.376703    2.226295
   83.636316  157.894466    0.419551    2.629484
   83.635101  157.885581    0.316411    1.659322
   83.616915  157.753272    0.414354    2.582257
   83.608487  157.692161    0.376608    2.227885
   83.607283  157.683432    0.321424    1.708857
   83.606079  157.674700    0.243251    0.973558
   83.604873  157.665965    0.321086    1.705884
   83.602450  157.648474    0.332432    1.812827
   83.601237  157.639723    0.318083    1.677947
   83.600024  157.630969    0.356778    2.042066
   83.598813  157.622211    0.249518    1.033132
   83.597603  157.613451    0.335300    1.840217
   83.596392  157.604692    0.743131    5.676931
   83.595179  157.595935    0.244004    0.981579
   83.593964  157.587184    0.366922    2.138012
   83.592747  157.578436    0.413224    2.573696
   83.591528  157.569690    0.354820    2.024369
   83.590309  157.560945    0.316462    1.663626
   83.589089  157.552195    0.266141    1.190346
   83.587869  157.543447    0.418865    2.627177
   83.586648  157.534702    0.119634    0.251428
   83.585427  157.525964    0.243440    0.977104
   83.584206  157.517234    0.195287    0.524213
   83.582986  157.508515    0.188180    0.457457
   83.581766  157.499807    0.221578    0.771749
   83.580548  157.491114    0.170015    0.357311
   83.579332  157.482451    0.039025    0.082016
   83.570841  157.421976    0.092418    0.194229
   83.546577  157.249323    0.303621    1.546558
   83.545354  157.240706    0.208385    0.650754
   83.544130  157.232097    0.388630    2.346481
   83.540460  157.206320    0.219924    0.759721
   83.539239  157.197743    0.329294    1.788698
   83.536797  157.180615    0.373838    2.207953
   83.535576  157.172070    0.469576    3.108695
   83.534354  157.163534    0.388463    2.345744
   83.533133  157.155003    0.091595    0.192500
   83.531913  157.146478    0.248354    1.027894
   83.530695  157.137947    0.348385    1.969020
   83.528263  157.120900    0.451941    2.943418
   83.527047  157.112387    0.204588    0.616588
   83.525831  157.103899    0.324512    1.744858
   83.524615  157.095417    0.186382    0.445522
   83.523399  157.086935    0.260326    1.141233
   83.522184  157.078449    0.307476    1.584898
   83.520971  157.069935    0.107594    0.226124
   83.519759  157.061414    0.194735    0.524508
   83.517333  157.044359    0.244240    0.990421
   83.516117  157.035840    0.425122    2.692142
   83.514900  157.027322    0.437398    2.807731
   83.513682  157.018804    0.135783    0.285367
   83.511243  157.001768    0.161850    0.340151
   83.510022  156.993248    0.536351    3.739025
   83.508799  156.984726    0.336554    1.859575
   83.507576  156.976199    0.429703    2.735959
   83.506350  156.967653    0.431556    2.753494
   83.505123  156.959106    0.370047    2.174962
   83.503896  156.950564    0.420125    2.646166
   83.502668  156.942030    0.468673    3.102973
   83.501440  156.933529    0.425585    2.697739
   83.500212  156.925040    0.340385    1.896333
   83.498985  156.916562    0.366810    2.145022
   83.497757  156.908091    0.373864    2.211490
   83.496528  156.899614    0.349171    1.979300
   83.495300  156.891143    0.382235    2.290443
   83.494071  156.882680    0.420693    2.652338
   83.492844  156.874227    0.462969    3.050146
   83.491618  156.865794    0.551947    3.887294
   83.490393  156.857370    0.310322    1.614347
   83.489168  156.848954    0.301080    1.527509
   83.487945  156.840543    0.427202    2.714076
   83.486723  156.832134    0.431245    2.752215
   83.485501  156.823727    0.275926    1.291183
   83.484280  156.815319    0.590719    4.252643
   83.483060  156.806909    0.381569    2.285203
   83.481840  156.798486    0.388705    2.352439
   83.480619  156.790061    0.369400    2.170932
   83.479399  156.781638    0.517347    3.562824
   83.478179  156.773216    0.326145    1.764226
   83.476960  156.764813    0.372073    2.196386
   83.475740  156.756413    0.349287    1.982135
   83.474520  156.748014    0.352746    2.014775
   83.473300  156.739612    0.297806    1.498042
   83.472078  156.731199    0.328069    1.782840
   83.469631  156.714354    0.259244    1.135588
   83.376081  156.084550    0.394605    2.416821
   83.374846  156.076378    0.449306    2.931511
   83.373612  156.068231    0.349567    1.993335
   83.372377  156.060095    0.339229    1.896193
   83.371141  156.051965    0.308519    1.607395
   83.369905  156.043841    0.083150    0.174751
   83.368667  156.035715    0.013938    0.029294
   83.367428  156.027590    0.218340    0.759357
   83.366188  156.019465    0.516838    3.567530
   83.364948  156.011338    0.336021    1.866630
   83.363707  156.003201    0.260034    1.151901
   83.362465  155.995063    0.299195    1.520399
   83.361224  155.986928    0.265296    1.201612
   83.359983  155.978799    0.386525    2.342154
   83.358745  155.970691    0.277518    1.316796
   83.357507  155.962591    0.271741    1.262545
   83.356270  155.954494    0.300822    1.536229
   83.355033  155.946397    0.482340    3.243927
   83.353795  155.938288    0.242724    0.989882
   83.352557  155.930177    0.234679    0.914304
   83.351319  155.922068    0.566320    4.034273
   83.350082  155.913961    0.126165    0.265153
   83.348846  155.905865    0.127777    0.268541
   83.347612  155.897774    0.282999    1.369287
   83.346376  155.889683    0.355763    2.053900
   83.345141  155.881592    0.308355    1.608024
   83.343902  155.873496    0.055621    0.116896
   83.342663  155.865398    0.210513    0.687801
   83.341423  155.857298    0.262930    1.181003
   83.340183  155.849194    0.317604    1.695451
   83.338944  155.841075    0.210350    0.686578
   83.337706  155.832956    0.311883    1.641830
   83.336468  155.824844    0.058167    0.122247
   83.335230  155.816744    0.057901    0.121686
   83.333991  155.808682    0.164088    0.344855
   83.332752  155.800636    0.235440    0.923116
   83.331513  155.792602    0.079572    0.167232
   83.330273  155.784575    0.240244    0.968519
   83.329032  155.776546    0.324674    1.762876
   83.327790  155.768521    0.187649    0.473943
   83.326548  155.760501    0.070438    0.148036
   83.325305  155.752485    0.027376    0.057535
   83.324062  155.744476    0.000477    0.001002
   83.322819  155.736471    0.322780    1.745574
   83.321576  155.728467    0.212966    0.712618
   83.320332  155.720464    0.299596    1.527682
   83.319089  155.712457    0.221921    0.797063
   83.317845  155.704449    0.337383    1.883355
   83.316602  155.696441    0.285260    1.393122
   83.315357  155.688434    0.059880    0.125846
   83.314112  155.680431    0.303122    1.561364
   83.312867  155.672428    0.270851    1.257883
   83.311621  155.664425    0.272546    1.273925
   83.310375  155.656421    0.253920    1.098807
   83.309130  155.648413    0.244232    1.007769
   83.307884  155.640403    0.286247    1.403127
   83.306638  155.632391    0.244836    1.013664
   83.305393  155.624378    0.237466    0.944429
   83.304146  155.616360    0.240918    0.977005
   83.302900  155.608343    0.207956    0.667029
   83.301654  155.600328    0.171117    0.359627
   83.300408  155.592317    0.343622    1.943487
   83.299164  155.584313    0.250838    1.070737
   83.297921  155.576316    0.225857    0.835842
   83.296678  155.568327    0.155957    0.327766
   83.295435  155.560345    0.080885    0.169992
   83.294193  155.552379    0.371524    2.206484
   83.292950  155.544420    0.305367    1.584228
   83.291708  155.536468    0.295772    1.494061
   83.290465  155.528521    0.225318    0.831380
   83.289221  155.520575    0.378592    2.273382
   83.287978  155.512632    0.308211    1.611391
   83.286733  155.504692    0.386062    2.343868
   83.285488  155.496756    0.297003    1.506156
   83.284241  155.488825    0.236688    0.938860
   83.281747  155.472972    0.251373    1.077208
   83.280500  155.465051    0.250638    1.070393
   83.279255  155.457132    0.269278    1.245855
   83.278010  155.449216    0.232489    0.899869
   83.276765  155.441302    0.126857    0.266608
   83.275519  155.433390    0.214120    0.727268
   83.274271  155.425478    0.289639    1.437807
   83.273022  155.417569    0.173102    0.363800
   83.271773  155.409662    0.212919    0.716283
   83.270524  155.401758    0.197666    0.572890
   83.269275  155.393866    0.187817    0.480347
   83.268027  155.385974    0.164915    0.346593
   83.266778  155.378082    0.171823    0.361111
   83.265529  155.370186    0.204783    0.640252
   83.264279  155.362277    0.122567    0.257593
   83.263028  155.354361    0.136229    0.286304
   83.261777  155.346441    0.213932    0.726634
   83.260527  155.338516    0.253426    1.098266
   83.259278  155.330581    0.266133    1.217909
   83.258030  155.322645    0.246565    1.033933
   83.256782  155.314713    0.223970    0.821473
   83.255534  155.306788    0.232131    0.898352
   83.254285  155.298884    0.212442    0.713231
   83.253036  155.290990    0.349664    2.004228
   83.251787  155.283107    0.282967    1.376896
   83.250538  155.275234    0.261166    1.171908
   83.249290  155.267370    0.251335    1.079528
   83.248043  155.259516    0.306847    1.601851
   83.246797  155.251672    0.123192    0.258906
   83.245551  155.243838    0.265725    1.215207
   83.244306  155.236019    0.287091    1.416308
   83.241817  155.220402    0.262778    1.187786
   83.240572  155.212600    0.313541    1.665434
   83.238079  155.196996    0.291894    1.462004
   83.235581  155.181387    0.215780    0.746172
   83.234327  155.173573    0.263421    1.194455
   83.233073  155.165756    0.202204    0.618665
   83.231817  155.157936    0.264739    1.207059
   83.230561  155.150112    0.301850    1.556279
   83.229307  155.142284    0.267826    1.236311
   83.228053  155.134454    0.309503    1.628478
   83.226798  155.126622    0.247241    1.042864
   83.225543  155.118788    0.275438    1.308221
   83.224286  155.110950    0.188715    0.492497
   83.221770  155.095274    0.203541    0.632171
   83.220512  155.087439    0.178670    0.398312
   83.219255  155.079605    0.223017    0.815596
   83.217998  155.071775    0.353220    2.040570
   83.216742  155.063952    0.133602    0.280784
   83.215487  155.056136    0.141253    0.296863
   83.214234  155.048333    0.064398    0.135342
   83.212981  155.040540    0.278441    1.337512
   83.211730  155.032754    0.160215    0.336714
   83.210479  155.024977    0.253296    1.101165
   83.209229  155.017208    0.212610    0.718521
   83.207981  155.009446    0.079147    0.166338
   83.206732  155.001690    0.149011    0.313168
   83.205482  154.993938    0.370755    2.206560
   83.204230  154.986186    0.286573    1.414728
   83.202978  154.978437    0.056385    0.118502
   83.201726  154.970695    0.242881    1.003909
   83.200473  154.962958    0.286256    1.412052
   83.199221  154.955235    0.269464    1.254187
   83.197969  154.947518    0.238860    0.966390
   83.194214  154.924345    0.339239    1.910998
   83.192962  154.916604    0.337793    1.897498
   83.191709  154.908866    0.190022    0.507467
   83.190455  154.901132    0.270182    1.261663
   83.189200  154.893425    0.189286    0.500751
   83.187944  154.885725    0.175314    0.369419
   83.186687  154.878025    0.257980    1.147188
   83.185429  154.870324    0.174005    0.365696
   83.184172  154.862604    0.247439    1.048234
   83.182913  154.854878    0.000000    0.000000
   83.181655  154.847148    0.346896    1.984058
   83.180396  154.839415    0.217171    0.763801
   83.179136  154.831680    0.405214    2.532888
   83.177876  154.823945    0.262840    1.193628
   83.176617  154.816212    0.299946    1.542801
   83.175357  154.808485    0.268132    1.243620
   83.174098  154.800770    0.182971    0.442587
   83.172840  154.793061    0.269858    1.260067
   83.171582  154.785359    0.283341    1.387007
   83.170325  154.777661    0.241533    0.993806
   83.169068  154.769965    0.270499    1.266409
   83.167812  154.762273    0.204913    0.649520
   83.166555  154.754587    0.344001    1.958069
   83.165299  154.746906    0.295305    1.500071
   83.164041  154.739231    0.114782    0.241230
   83.162783  154.731563    0.000000    0.000000
   83.159014  154.708612    0.264374    1.209615
   83.157760  154.700982    0.400590    2.491147
   83.156506  154.693357    0.320719    1.739876
   83.153999  154.678119    0.288250    1.434634
   83.152745  154.670501    0.350168    2.017216
   83.151491  154.662887    0.300501    1.550086
   83.150236  154.655276    0.331849    1.845094
   83.148980  154.647672    0.432420    2.791301
   83.147723  154.640068    0.347416    1.991748
   83.146466  154.632462    0.332317    1.849814
   83.145207  154.624851    0.313960    1.677224
   83.143948  154.617223    0.390399    2.396413
   83.142688  154.609589    0.453167    2.987001
   83.141427  154.601949    0.304157    1.585310
   83.140166  154.594307    0.529574    3.705986
   83.138902  154.586660    0.445694    2.917008
   83.137638  154.579014    0.350032    2.017186
   83.136373  154.571369    0.320006    1.734820
   83.135108  154.563729    0.316957    1.706248
   83.133842  154.556104    0.220698    0.800809
   83.132576  154.548484    0.344633    1.966813
   83.131310  154.540866    0.564396    4.034303
   83.130044  154.533247    0.370585    2.211153
   83.128781  154.525612    0.329910    1.828618
   83.127518  154.517977    0.341718    1.939802
   83.126255  154.510347    0.334710    1.873977
   83.124994  154.502725    0.260013    1.171382
   83.123732  154.495127    0.275814    1.320129
   83.122471  154.487541    0.321988    1.754606
   83.121211  154.479964    0.369554    2.202183
   83.119952  154.472395    0.258043    1.153264
   83.118693  154.464830    0.178542    0.405475
   83.117435  154.457270    0.259339    1.165665
   83.116177  154.449716    0.272255    1.287268
   83.114919  154.442165    0.353512    2.051786
   83.113659  154.434615    0.239190    0.976426
   83.112399  154.427068    0.187323    0.488602
   83.111139  154.419527    0.248503    1.064243
   83.109879  154.411991    0.224895    0.842257
   83.108622  154.404470    0.223909    0.833085
   83.107366  154.396953    0.268534    1.252988
   83.106110  154.389439    0.311997    1.661965
   83.104854  154.381923    0.206873    0.673131
   83.103597  154.374398    0.327573    1.808696
   83.102340  154.366869    0.388637    2.383248
   83.101081  154.359341    0.221183    0.808063
   83.099821  154.351813    0.151826    0.319084
   83.098557  154.344294    0.263602    1.207312
   83.097291  154.336775    0.444902    2.912974
   83.096025  154.329254    1.047388    8.580863
   83.094757  154.321730    1.112209    9.190756
   83.093491  154.314194    0.501373    3.444521
   83.092225  154.306653    0.941277    7.582955
   83.090957  154.299107    0.649852    4.841522
   83.089688  154.291555    0.969606    7.849661
   83.088416  154.283990    0.281836    1.379676
   83.087142  154.276423    0.307720    1.623286
   83.085868  154.268861    0.253251    1.110984
   83.084595  154.261308    0.270745    1.275660
   83.083325  154.253784    0.221142    0.809125
   83.082055  154.246273    0.243059    1.015416
   83.080788  154.238770    0.379637    2.300356
   83.079521  154.231274    0.395975    2.454151
   83.078257  154.223772    0.444017    2.906205
   83.076993  154.216274    0.438449    2.853931
   83.075731  154.208785    0.486007    3.301422
   83.074469  154.201304    0.522114    3.641199
   83.073207  154.193840    0.415521    2.638550
   83.070683  154.178945    0.373597    2.244365
   83.066908  154.156686    0.479117    3.237329
   83.065651  154.149277    0.436471    2.836251
   83.064393  154.141866    0.448755    2.951912
   83.063134  154.134435    0.421547    2.696066
   83.061873  154.126999    0.440238    2.871996
   83.059347  154.112118    0.586141    4.244761
   83.058080  154.104684    0.379784    2.303593
   83.056812  154.097250    0.536565    3.778591
   83.055543  154.089815    0.561613    4.014328
   83.054273  154.082376    0.420101    2.683184
   83.051732  154.067483    0.441722    2.886790
   83.050460  154.060030    0.481764    3.263582
   83.049187  154.052573    0.427516    2.753358
   83.047913  154.045105    0.450944    2.973851
   83.046639  154.037636    0.554927    3.952165
   83.045365  154.030166    0.449085    2.956578
   83.044090  154.022701    0.404970    2.541673
   83.041545  154.007800    0.308982    1.638896
   83.040274  154.000361    0.332872    1.863737
   83.039002  153.992929    0.403329    2.526658
   83.037731  153.985508    0.382726    2.332935
   83.036459  153.978095    0.256727    1.147729
   83.035189  153.970687    0.212787    0.734473
   83.033918  153.963286    0.289505    1.456291
   83.032649  153.955885    0.239869    0.989454
   83.031380  153.948489    0.342192    1.952139
   83.030112  153.941100    0.252437    1.107895
   83.028845  153.933719    0.256313    1.144457
   83.026316  153.918998    0.141576    0.297543
   83.025052  153.911647    0.276002    1.329989
   83.023788  153.904300    0.307034    1.622024
   83.022523  153.896948    0.382887    2.335699
   83.021257  153.889598    0.301219    1.567526
   83.019991  153.882251    0.244296    1.032137
   83.018725  153.874909    0.250981    1.095128
   83.017459  153.867580    0.341207    1.944017
   83.016193  153.860253    0.374346    2.255866
   83.014927  153.852929    0.357396    2.096522
   83.013659  153.845603    0.360488    2.125711
   83.012392  153.838273    0.443213    2.904037
   83.011123  153.830938    0.482222    3.271106
   83.009853  153.823597    0.526617    3.688854
   83.008582  153.816248    0.478841    3.239514
   83.007309  153.808873    0.551874    3.926659
   83.006036  153.801493    0.201449    0.630203
   83.004761  153.794112    0.364294    2.162242
   83.003485  153.786736    0.443981    2.911990
   83.002209  153.779388    0.406626    2.560685
   83.000932  153.772048    0.425796    2.741123
   82.999655  153.764713    0.439074    2.866139
   82.997096  153.750037    0.369029    2.207419
   82.995815  153.742694    0.328687    1.828010
   82.994535  153.735350    0.397798    2.478260
   82.991978  153.720656    0.432992    2.809558
   82.990702  153.713308    0.413640    2.627605
   82.989427  153.705970    0.409446    2.588257
   82.988154  153.698643    0.268949    1.266660
   82.986882  153.691349    0.247006    1.060341
   82.985611  153.684070    0.431340    2.794536
   82.984341  153.676803    0.292858    1.491891
   82.983071  153.669547    0.245333    1.044907
   82.980532  153.655054    0.463590    3.098337
   82.979263  153.647815    0.250235    1.091339
   82.977995  153.640579    0.439485    2.871781
   82.976727  153.633343    0.435888    2.838042
   82.975460  153.626106    0.356197    2.088468
   82.972925  153.611627    0.408321    2.579028
   82.971655  153.604377    0.233580    0.935277
   82.969112  153.589867    0.284270    1.412346
   82.967839  153.582607    0.425765    2.743543
   82.966564  153.575345    0.411360    2.608137
   82.964011  153.560814    0.478384    3.238858
   82.962733  153.553547    0.324214    1.788632
   82.960176  153.539015    0.378353    2.298144
   82.958897  153.531746    0.136607    0.287099
   82.957618  153.524475    0.312339    1.677341
   82.955060  153.509906    0.246206    1.055416
   82.953781  153.502625    0.378960    2.304379
   82.952501  153.495349    0.417432    2.666410
   82.951218  153.488089    0.243332    1.028695
   82.949934  153.480839    0.214624    0.758731
   82.948651  153.473601    0.168803    0.354764
   82.947369  153.466373    0.162694    0.341924
   82.946089  153.459165    0.138262    0.290578
   82.944811  153.451966    0.109290    0.229689
   82.942258  153.437589    0.330721    1.851514
   82.940981  153.430398    0.471755    3.178372
   82.939705  153.423209    0.281265    1.386468
   82.938430  153.416024    0.367174    2.194744
   82.937157  153.408843    0.457500    3.044580
   82.935886  153.401668    0.459412    3.062670
   82.934616  153.394498    0.347911    2.013847
   82.933346  153.387333    0.249115    1.084540
   82.932077  153.380172    0.147287    0.309545
   82.930808  153.373020    0.297962    1.544263
   82.929537  153.365872    0.310846    1.665571
   82.928267  153.358726    0.350366    2.037450
   82.925722  153.344430    0.186167    0.492985
   82.924448  153.337277    0.097027    0.203916
   82.921896  153.322961    0.066898    0.140596
   82.918061  153.301442    0.231466    0.919745
   82.916780  153.294254    0.329335    1.840533
   82.915498  153.287043    0.341465    1.954743
   82.914215  153.279827    0.249962    1.094053
   82.911645  153.265397    0.398580    2.492357
   82.910359  153.258205    0.471227    3.175883
   82.909072  153.251023    0.330281    1.850055
   82.907784  153.243848    0.496625    3.415016
   82.906497  153.236682    0.166515    0.349955
   82.905210  153.229522    0.300116    1.566591
   82.903923  153.222370    0.428119    2.770867
   82.902638  153.215225    0.528406    3.714408
   82.901354  153.208089    0.435525    2.840741
   82.900075  153.200957    0.263144    1.219205
   82.898798  153.193834    0.240602    1.007241
   82.897522  153.186722    0.354363    2.077540
   82.896248  153.179622    0.346348    2.002239
   82.893697  153.165484    0.356071    2.093913
   82.892422  153.158426    0.264783    1.235239
   82.891146  153.151371    0.343718    1.977911
   82.889871  153.144307    0.332462    1.872123
   82.888595  153.137241    0.120936    0.254164
   82.887319  153.130172    0.181195    0.449307
   82.886043  153.123098    0.086839    0.182505
   82.884766  153.116015    0.087321    0.183518
   82.883490  153.108928    0.130610    0.274496
   82.882212  153.101839    0.066678    0.140134
   82.880933  153.094750    0.186864    0.503155
   82.879653  153.087671    0.078774    0.165554
   82.878371  153.080592    0.132984    0.279485
   82.877089  153.073513    0.142021    0.298477
   82.875805  153.066430    0.159047    0.334260
   82.870660  153.038040    0.248627    1.085011
   82.865513  153.009596    0.069647    0.146372
   82.864226  153.002503    0.407344    2.578632
   82.861654  152.988339    0.342350    1.967424
   82.860367  152.981267    0.142024    0.298485
   82.859080  152.974200    0.031302    0.065786
   82.857793  152.967141    0.196742    0.597947
   82.856505  152.960090    0.177946    0.421230
   82.855219  152.953048    0.137243    0.288435
   82.853932  152.946026    0.176982    0.412367
   82.850080  152.924995    0.167916    0.352899
   82.848800  152.917976    0.263553    1.227183
   82.847522  152.910958    0.343199    1.976545
   82.846245  152.903943    0.400133    2.512248
   82.844967  152.896933    0.178975    0.431840
   82.843688  152.889936    0.189254    0.528648
   82.842409  152.882945    0.191329    0.548266
   82.841128  152.875960    0.225737    0.872056
   82.839848  152.868979    0.307913    1.645221
   82.837284  152.855033    0.283766    1.418270
   82.836002  152.848059    0.160999    0.338362
   82.833436  152.834080    0.189042    0.527479
   82.832152  152.827073    0.153125    0.321814
   82.830868  152.820060    0.149278    0.313728
   82.829583  152.813042    0.166783    0.350519
   82.827012  152.798993    0.532770    3.761566
   82.825724  152.791965    0.513671    3.582000
   82.824435  152.784936    0.335006    1.901335
   82.821848  152.770879    0.208941    0.715606
   82.820553  152.763855    0.324411    1.801984
   82.819258  152.756837    0.169273    0.355752
   82.817965  152.749827    0.107327    0.225562
   82.816673  152.742825    0.127534    0.268031
   82.815381  152.735833    0.141520    0.297425
   82.814090  152.728850    0.148871    0.312874
   82.812798  152.721885    0.069503    0.146071
   82.808928  152.701039    0.283419    1.417294
   82.807641  152.694095    0.330178    1.857277
   82.806355  152.687158    0.312011    1.686472
   82.805071  152.680226    0.305981    1.629852
   82.803786  152.673302    0.093470    0.196440
   82.802502  152.666394    0.142755    0.300020
   82.799936  152.652595    0.310487    1.672653
   82.798653  152.645700    0.224328    0.862235
   82.797371  152.638801    0.303107    1.603439
   82.796089  152.631900    0.315874    1.723647
   82.793523  152.618092    0.268828    1.281276
   82.792237  152.611178    0.198259    0.617504
   82.790951  152.604262    0.388910    2.411135
   82.789664  152.597345    0.345236    2.000378
   82.787091  152.583518    0.166101    0.349086
   82.785805  152.576608    0.302493    1.598590
   82.784519  152.569697    0.463921    3.117303
   82.783231  152.562782    0.375341    2.284103
   82.781940  152.555856    0.355335    2.096007
   82.780647  152.548927    0.267711    1.271804
   82.778058  152.535063    0.294034    1.519643
   82.775466  152.521201    0.253007    1.133895
   82.774169  152.514275    0.261416    1.213105
   82.772872  152.507355    0.134751    0.283199
   82.771575  152.500449    0.101104    0.212484
   82.770280  152.493550    0.113819    0.239206
   82.768984  152.486660    0.101666    0.213665
   82.767689  152.479776    0.096005    0.201768
   82.766393  152.472899    0.070152    0.147435
