Converting ICESat/GLAS binary freeboard vector data to ASCII
Wed Feb 12 09:57:31 2014

write_fb:
  file_in:       laser3k0077002.dat
  laser_period:  3k
  track:         0077
  cycle:         002
  file_out:      laser3k0077002.txt
  non_zero_only:        0
  nan_replace:       -999

read_fb:
  Year:                  2008
  Month:                   10
  Day:                     14
  Hour:                    12
  Minute:                  27
  Doy:                    288
  record_count:          1760
  non_zero_count:        1753
  nan_count:                0

    Latitude   Longitude   Freeboard   Thickness
   83.583287  277.221177    0.474679    2.288435
   83.584498  277.212484    0.672372    4.148343
   83.585708  277.203787    0.261645    0.557223
   83.586919  277.195087    0.370109    1.305133
   83.589341  277.177669    0.354415    1.157776
   83.590552  277.168947    0.381907    1.416541
   83.591764  277.160208    0.465599    2.204001
   83.592977  277.151459    0.472815    2.272027
   83.594189  277.142704    0.440817    1.971146
   83.595402  277.133946    0.437555    1.940608
   83.596614  277.125194    0.607524    3.539706
   83.597827  277.116444    0.582407    3.303558
   83.599039  277.107693    0.581654    3.296614
   83.600251  277.098943    0.521940    2.735004
   83.601463  277.090192    0.523280    2.747754
   83.602675  277.081441    0.749128    4.872520
   83.603887  277.072688    0.448921    2.048517
   83.605099  277.063934    0.557352    3.068700
   83.606311  277.055176    0.487506    2.411784
   83.607522  277.046415    0.540180    2.907443
   83.608733  277.037653    0.560941    3.102890
   83.609942  277.028890    0.421742    1.793541
   83.611150  277.020130    0.611664    3.580341
   83.612356  277.011371    0.500629    2.535932
   83.613561  277.002609    0.462093    2.173559
   83.614767  276.993844    0.544835    2.952077
   83.615974  276.985072    0.576960    3.254431
   83.617182  276.976294    0.408322    1.668136
   83.618390  276.967512    0.179035    0.381289
   83.619598  276.958726    0.153575    0.327067
   83.620804  276.949937    0.590594    3.383254
   83.622009  276.941144    0.356724    1.183300
   83.623214  276.932344    0.120781    0.257227
   83.624420  276.923538    0.328560    0.918631
   83.625626  276.914718    0.430003    1.873077
   83.626833  276.905889    0.362364    1.236915
   83.628041  276.897054    0.375120    1.357063
   83.629249  276.888215    0.562898    3.123689
   83.630459  276.879374    0.329312    0.926414
   83.631669  276.870531    0.895501    6.252879
   83.632878  276.861688    0.685607    4.278483
   83.634087  276.852845    0.407637    1.663665
   83.635294  276.844008    0.224219    0.477518
   83.636500  276.835172    0.128281    0.273200
   83.637705  276.826335    0.158624    0.337820
   83.638909  276.817496    0.673829    4.168383
   83.640115  276.808651    0.625705    3.715807
   83.641320  276.799802    0.650151    3.945920
   83.642526  276.790947    0.588686    3.367840
   83.643731  276.782087    0.708033    4.490716
   83.644935  276.773218    0.829490    5.633441
   83.646139  276.764342    0.473919    2.288612
   83.647343  276.755465    0.232649    0.495470
   83.648547  276.746588    1.073439    7.928779
   83.649750  276.737719    0.490657    2.446493
   83.650953  276.728854    0.439467    1.965068
   83.652157  276.719986    0.614518    3.611972
   83.653361  276.711113    0.402368    1.616350
   83.654565  276.702224    0.347712    1.102320
   83.655770  276.693325    0.432824    1.903139
   83.656974  276.684423    0.474401    2.294410
   83.658178  276.675518    0.415035    1.736075
   83.659382  276.666619    0.424157    1.822026
   83.660585  276.657720    0.333402    0.968407
   83.661788  276.648817    0.312113    0.768271
   83.662990  276.639911    0.462604    2.184137
   83.664192  276.630990    1.028657    7.509326
   83.665393  276.622063    0.632709    3.784653
   83.666594  276.613133    0.716385    4.571960
   83.667796  276.604202    0.362553    1.243483
   83.668996  276.595281    0.559468    3.096068
   83.670197  276.586363    0.535408    2.869872
   83.671398  276.577442    0.603719    3.512633
   83.672599  276.568516    0.401585    1.611239
   83.673800  276.559578    0.380074    1.409011
   83.675001  276.550631    0.528261    2.803199
   83.676203  276.541674    0.350974    1.135540
   83.677405  276.532710    0.461545    2.175866
   83.678610  276.523733    0.358596    1.207523
   83.679814  276.514748    0.801371    5.373002
   83.681019  276.505759    0.464930    2.208133
   83.682224  276.496766    0.383925    1.446232
   83.683427  276.487777    0.298808    0.645648
   83.684630  276.478790    0.336501    1.000377
   83.685832  276.469802    0.383168    1.439528
   83.687033  276.460814    0.806674    5.423740
   83.688234  276.451824    0.376720    1.379153
   83.689434  276.442834    0.282083    0.600750
   83.690633  276.433844    0.330505    0.944679
   83.691832  276.424853    0.285193    0.607374
   83.693030  276.415862    0.351808    1.145364
   83.694228  276.406871    0.459761    2.161054
   83.695425  276.397881    0.309376    0.746468
   83.696621  276.388893    0.472937    2.285288
   83.697818  276.379911    0.380375    1.414668
   83.699014  276.370931    0.366858    1.287645
   83.700210  276.361947    0.335925    0.996788
   83.701406  276.352960    0.394284    1.545932
   83.702602  276.343961    0.315585    0.805724
   83.703798  276.334952    0.389363    1.499916
   83.704993  276.325935    0.446930    2.041608
   83.706189  276.316910    0.566271    3.164429
   83.707386  276.307874    0.450999    2.080174
   83.708583  276.298830    0.506645    2.603789
   83.709780  276.289776    0.504848    2.587025
   83.710977  276.280714    0.392985    1.534833
   83.712173  276.271638    0.399288    1.594273
   83.713369  276.262555    0.047423    0.100995
   83.714565  276.253466    0.000000    0.000000
   83.715761  276.244374    0.020799    0.044294
   83.716959  276.235286    0.536603    2.886609
   83.718157  276.226197    0.410687    1.702209
   83.719355  276.217109    0.635612    3.818295
   83.720553  276.208020    0.266925    0.568467
   83.721751  276.198936    0.640457    3.864163
   83.722949  276.189851    0.370980    1.329236
   83.724146  276.180763    0.256661    0.546609
   83.725343  276.171671    0.005557    0.011834
   83.726538  276.162565    0.014415    0.030700
   83.727732  276.153450    0.401273    1.614775
   83.728925  276.144331    0.288045    0.613448
   83.730118  276.135209    0.368864    1.310181
   83.731312  276.126084    0.210379    0.448043
   83.732507  276.116958    0.331536    0.959301
   83.733701  276.107836    0.759215    4.982768
   83.734895  276.098719    0.430432    1.889935
   83.736088  276.089624    0.410287    1.700561
   83.737280  276.080537    0.361182    1.238751
   83.738471  276.071451    0.269253    0.573425
   83.739661  276.062362    0.288497    0.614410
   83.740849  276.053253    0.695822    4.387252
   83.742037  276.044132    0.424201    1.832154
   83.743223  276.035006    0.470757    2.270262
   83.744410  276.025875    0.535037    2.875109
   83.745597  276.016743    0.724545    4.658012
   83.746784  276.007609    0.487081    2.424254
   83.747972  275.998473    0.868683    6.014247
   83.749159  275.989337    0.392699    1.536653
   83.750347  275.980211    0.428600    1.874520
   83.751536  275.971085    0.515137    2.688750
   83.752725  275.961951    0.516657    2.703188
   83.753916  275.952806    0.442194    2.002829
   83.755109  275.943631    0.508959    2.631047
   83.756304  275.934438    0.461020    2.180212
   83.757500  275.925232    0.424927    1.840816
   83.758696  275.916018    0.498885    2.536701
   83.759891  275.906802    0.462920    2.198511
   83.761085  275.897583    0.042751    0.091045
   83.762279  275.888359    0.075521    0.160836
   83.763473  275.879132    0.380713    1.425581
   83.764667  275.869900    0.198468    0.422676
   83.765860  275.860666    0.418021    1.776831
   83.767053  275.851431    0.543919    2.961338
   83.768245  275.842198    0.552012    3.037606
   83.769438  275.832969    0.157456    0.335334
   83.770630  275.823744    0.377636    1.397474
   83.771821  275.814520    0.507745    2.621591
   83.773011  275.805297    0.100551    0.214142
   83.774197  275.796078    0.455337    2.128855
   83.775382  275.786858    0.335123    0.998100
   83.776565  275.777638    0.456887    2.143707
   83.777748  275.768413    0.471791    2.284055
   83.778932  275.759176    0.409601    1.699155
   83.780115  275.749934    0.569387    3.202451
   83.781299  275.740692    0.561731    3.130570
   83.782483  275.731454    0.654011    3.998816
   83.783668  275.722237    0.696513    4.398785
   83.784853  275.713029    1.100611    8.200416
   83.786038  275.703818    0.634339    3.814175
   83.787223  275.694599    0.374053    1.365711
   83.788407  275.685359    0.356806    1.203600
   83.789591  275.676102    0.520205    2.740890
   83.790775  275.666832    0.468107    2.250929
   83.791959  275.657549    0.673679    4.184954
   83.793144  275.648243    0.734663    4.758793
   83.794330  275.638925    0.683819    4.280619
   83.795517  275.629602    1.028620    7.524423
   83.796704  275.620278    0.427660    1.871129
   83.797891  275.610973    0.539704    2.925302
   83.799079  275.601675    0.610944    3.595624
   83.800266  275.592378    0.638089    3.851124
   83.801453  275.583076    0.800768    5.381638
   83.802640  275.573763    0.451470    2.095812
   83.803827  275.564441    0.501328    2.564979
   83.805013  275.555113    0.652926    3.991258
   83.806199  275.545780    0.586882    3.370095
   83.807385  275.536437    0.507603    2.624430
   83.808570  275.527091    0.687364    4.315645
   83.809754  275.517743    0.561807    3.134632
   83.810939  275.508394    0.600410    3.497919
   83.813306  275.489717    0.616979    3.654064
   83.814489  275.480380    0.505868    2.608951
   83.815671  275.471041    0.596083    3.457773
   83.816855  275.461696    0.533936    2.873268
   83.818039  275.452346    0.163899    0.349054
   83.820405  275.433637    0.100459    0.213948
   83.821585  275.424272    1.256246    9.668842
   83.822764  275.414903    0.699795    4.434258
   83.823942  275.405535    0.475723    2.326477
   83.825121  275.396170    0.678124    4.230672
   83.826301  275.386818    0.610186    3.591697
   83.827481  275.377472    0.386326    1.485904
   83.828662  275.368126    0.491698    2.477312
   83.829843  275.358780    0.566848    3.184416
   83.831025  275.349428    0.510801    2.657305
   83.832207  275.340071    0.544666    2.976021
   83.833388  275.330706    1.074802    7.963333
   83.834570  275.321331    0.531736    2.854658
   83.835749  275.311943    0.428008    1.879002
   83.836928  275.302541    0.615450    3.642464
   83.838106  275.293127    0.506664    2.619221
   83.839285  275.283699    0.468922    2.264309
   83.840466  275.274250    0.575828    3.270151
   83.841648  275.264788    0.613655    3.626138
   83.842831  275.255318    0.486089    2.426223
   83.844014  275.245843    0.265362    0.565139
   83.845198  275.236372    0.555024    3.074994
   83.846382  275.226902    0.658737    4.050802
   83.847566  275.217431    0.264765    0.563868
   83.848749  275.207957    0.471586    2.290485
   83.849928  275.198480    0.371306    1.347259
   83.851106  275.189001    0.457300    2.156373
   83.852282  275.179519    0.533463    2.873006
   83.853457  275.170034    0.593533    3.438236
   83.854632  275.160539    0.469217    2.268900
   83.855807  275.151040    0.492163    2.484896
   83.856982  275.141544    0.604560    3.542393
   83.858156  275.132055    0.659527    4.059625
   83.859329  275.122590    0.701350    4.453211
   83.860502  275.113136    0.595759    3.460021
   83.861675  275.103688    0.610821    3.601844
   83.862847  275.094240    0.878511    6.120239
   83.864021  275.084790    0.643372    3.908343
   83.865194  275.075334    0.905340    6.372904
   83.866368  275.065867    0.772040    5.119045
   83.867541  275.056385    0.691686    4.363266
   83.868715  275.046862    0.596922    3.471926
   83.869888  275.037317    0.644364    3.918369
   83.871062  275.027763    0.646602    3.939564
   83.872235  275.018207    0.505123    2.608766
   83.873410  275.008668    0.818112    5.553295
   83.874585  274.999138    0.581431    3.326898
   83.875761  274.989610    0.600496    3.506389
   83.876937  274.980082    0.580624    3.319588
   83.878116  274.970554    0.674685    4.204592
   83.879296  274.961023    0.348595    1.137084
   83.880475  274.951486    0.598758    3.490598
   83.881655  274.941938    0.472553    2.303478
   83.882832  274.932367    0.514680    2.699926
   83.884009  274.922781    0.814065    5.516479
   83.885185  274.913186    0.458003    2.167024
   83.886360  274.903584    0.486389    2.434203
   83.887535  274.893980    0.656034    4.030248
   83.888710  274.884374    0.413662    1.750314
   83.889885  274.874767    0.617751    3.670388
   83.891059  274.865160    0.396860    1.592527
   83.892234  274.855559    0.587270    3.383920
   83.893410  274.845961    0.893256    6.262575
   83.894585  274.836366    0.664484    4.110578
   83.895758  274.826776    0.586192    3.374198
   83.896929  274.817196    0.362277    1.267897
   83.898098  274.807621    0.515447    2.708954
   83.899266  274.798047    0.711803    4.556283
   83.900432  274.788472    0.448989    2.084040
   83.901597  274.778885    0.400041    1.623707
   83.902761  274.769292    0.597585    3.482213
   83.903925  274.759698    0.561854    3.146216
   83.905089  274.750104    0.546132    2.998451
   83.906255  274.740520    0.831257    5.680853
   83.907421  274.730939    0.545802    2.995627
   83.908589  274.721355    0.620750    3.700826
   83.909757  274.711766    0.985879    7.135856
   83.910925  274.702168    0.564625    3.173110
   83.912094  274.692561    0.412595    1.743059
   83.913263  274.682940    0.503855    2.601706
   83.914434  274.673305    0.456004    2.151700
   83.915606  274.663640    0.611894    3.618343
   83.916781  274.653955    0.555291    3.085999
   83.917955  274.644258    0.529780    2.846156
   83.919130  274.634552    0.511446    2.673821
   83.920303  274.624846    0.455653    2.149099
   83.921475  274.615138    0.810107    5.483704
   83.922646  274.605424    0.459918    2.189494
   83.923818  274.595706    0.445765    2.056492
   83.926163  274.576247    0.015983    0.034039
   83.927335  274.566515    0.038001    0.080930
   83.930848  274.537342    0.697568    4.426130
   83.932017  274.527628    0.630828    3.798421
   83.933185  274.517919    0.543471    2.976760
   83.934347  274.508217    0.581831    3.337772
   83.935507  274.498520    0.556030    3.095188
   83.936665  274.488827    0.734253    4.771925
   83.937824  274.479136    0.555262    3.088241
   83.938985  274.469448    0.510778    2.669901
   83.940147  274.459761    0.377455    1.415827
   83.941309  274.450073    0.393924    1.570889
   83.942471  274.440383    0.347284    1.132272
   83.943633  274.430692    0.418942    1.806519
   83.944795  274.420996    0.465366    2.243378
   83.945957  274.411294    0.274874    0.585397
   83.948280  274.391857    0.451406    2.112468
   83.949440  274.382119    0.325650    0.929573
   83.950602  274.372372    0.325328    0.926686
   83.951764  274.362617    0.583215    3.352848
   83.952929  274.352854    0.579337    3.316509
   83.958772  274.303993    0.422240    1.839333
   83.959943  274.294216    0.579661    3.320381
   85.497753  253.183486    0.229572    0.488917
   85.498475  253.165898    0.195123    0.415552
   85.499196  253.148316    0.331248    1.189745
   85.499917  253.130741    0.195253    0.415829
   85.500638  253.113176    0.295481    0.853514
   85.501361  253.095629    0.291367    0.814937
   85.502084  253.078094    0.173724    0.369979
   85.502807  253.060571    0.198947    0.423697
   85.503529  253.043057    0.190759    0.406258
   85.504249  253.025564    0.129466    0.275723
   85.504967  253.008078    0.206017    0.438753
   85.505684  252.990594    0.182200    0.388031
   85.506401  252.973107    0.154918    0.329928
   85.507116  252.955606    0.272256    0.636134
   85.507831  252.938093    0.158576    0.337718
   85.508546  252.920566    0.287344    0.778319
   85.509261  252.903024    0.252970    0.538747
   85.510691  252.867865    0.163950    0.349163
   85.511406  252.850263    0.274759    0.660418
   85.512120  252.832647    0.160154    0.341079
   85.512834  252.815032    0.202546    0.431360
   85.513547  252.797408    0.222076    0.472953
   85.514260  252.779768    0.000000    0.000000
   85.514973  252.762110    0.088991    0.189524
   85.515686  252.744420    0.122529    0.260948
   85.516399  252.726706    0.129361    0.275500
   85.517113  252.708977    0.183082    0.389908
   85.517826  252.691234    0.459106    2.395751
   85.518538  252.673481    0.215578    0.459114
   85.519251  252.655722    0.196139    0.417716
   85.519963  252.637960    0.183819    0.391479
   85.520674  252.620200    0.202358    0.430961
   85.521385  252.602459    0.286435    0.771989
   85.522096  252.584726    0.250198    0.532845
   85.522805  252.566994    0.221098    0.470870
   85.523514  252.549260    0.094315    0.200861
   85.524222  252.531510    0.238655    0.508262
   85.524929  252.513754    0.192813    0.410632
   85.525635  252.496000    0.225710    0.480692
   85.526342  252.478251    0.288135    0.788842
   85.527049  252.460522    0.229012    0.487725
   85.527756  252.442804    0.209786    0.446780
   85.528462  252.425089    0.276330    0.678151
   85.529169  252.407377    0.254782    0.542607
   85.529875  252.389661    0.356148    1.429272
   85.530580  252.371941    0.198394    0.422518
   85.531285  252.354219    0.211215    0.449823
   85.531989  252.336491    0.220820    0.470280
   85.532693  252.318760    0.220913    0.470477
   85.533396  252.301021    0.219275    0.466989
   85.534098  252.283273    0.213103    0.453844
   85.534799  252.265516    0.197289    0.420165
   85.535499  252.247749    0.274314    0.660404
   85.536198  252.229970    0.191029    0.406833
   85.536896  252.212174    0.256933    0.547188
   85.537595  252.194357    0.203795    0.434020
   85.538294  252.176507    0.230845    0.491629
   85.538994  252.158632    0.159944    0.340631
   85.539694  252.140741    0.221880    0.472536
   85.540393  252.122835    0.524269    3.012671
   85.541093  252.104918    0.256463    0.546188
   85.541791  252.086993    0.282621    0.739643
   85.542489  252.069061    0.303193    0.933301
   85.543187  252.051124    0.114412    0.243661
   85.546663  251.961432    0.499958    2.785070
   85.547356  251.943493    0.383962    1.693973
   85.548048  251.925556    0.283450    0.748542
   85.548741  251.907628    0.318873    1.081900
   85.549434  251.889719    0.287916    0.790802
   85.550127  251.871821    0.265375    0.578870
   85.550820  251.853927    0.298571    0.891283
   85.551513  251.836031    0.396299    1.810760
   85.552204  251.818128    0.314481    1.041197
   85.552894  251.800217    0.240672    0.512557
   85.553584  251.782301    0.283399    0.749040
   85.554273  251.764376    0.324722    1.137903
   85.554961  251.746433    0.365501    1.521647
   85.555648  251.728482    0.394172    1.791480
   85.556334  251.710526    0.203095    0.432531
   85.557021  251.692568    0.271029    0.633282
   85.557709  251.674626    0.348967    1.366588
   85.559774  251.620781    0.349853    1.375294
   85.560462  251.602795    0.316467    1.061343
   85.561148  251.584789    0.367611    1.542593
   85.561834  251.566770    0.452655    2.342752
   85.562520  251.548741    0.195893    0.417191
   85.563204  251.530706    0.296870    0.877475
   85.563887  251.512665    0.356442    1.438011
   85.564570  251.494616    0.200258    0.426489
   85.565252  251.476560    0.244944    0.521656
   85.565933  251.458502    0.305960    0.963473
   85.566614  251.440437    0.376984    1.631743
   85.567295  251.422364    0.353012    1.406351
   85.567975  251.404278    0.219550    0.467574
   85.568656  251.386170    0.263908    0.568361
   85.569336  251.368047    0.359559    1.468308
   85.570016  251.349915    0.258304    0.550109
   85.570695  251.331776    0.338057    1.266276
   85.571374  251.313637    0.339816    1.282939
   85.572053  251.295495    0.368585    1.553707
   85.573409  251.259199    0.358673    1.460704
   85.574085  251.241040    0.314863    1.048688
   85.574762  251.222878    0.169007    0.359932
   85.575437  251.204718    0.215660    0.459289
   85.576113  251.186565    0.343885    1.322077
   85.576789  251.168432    0.354256    1.419764
   85.577465  251.150311    0.287798    0.794692
   85.578140  251.132198    0.263390    0.565201
   85.578816  251.114090    0.449421    2.315376
   85.579491  251.095993    0.304733    0.954366
   85.580165  251.077898    0.272383    0.650167
   85.580839  251.059799    0.364926    1.520870
   85.581511  251.041692    0.284135    0.760966
   85.582182  251.023559    0.361245    1.486481
   85.582852  251.005410    0.278548    0.708645
   85.583522  250.987249    0.192332    0.409608
   85.584191  250.969077    0.327369    1.168162
   85.585530  250.932717    0.565611    3.409633
   85.586199  250.914522    0.309203    0.997635
   85.586868  250.896316    0.319448    1.094138
   85.587537  250.878102    0.366969    1.541308
   85.588874  250.841628    0.345794    1.342350
   85.589542  250.823363    0.431098    2.144953
   85.590208  250.805051    0.357302    1.450850
   85.590874  250.786717    0.322126    1.120061
   85.591539  250.768373    0.479691    2.602452
   85.592204  250.750025    0.329317    1.187953
   85.592868  250.731703    0.110317    0.234941
   85.593533  250.713391    0.326621    1.162840
   85.594197  250.695083    0.327763    1.173705
   85.594861  250.676778    0.716463    4.830452
   85.595525  250.658470    0.301877    0.930427
   85.596190  250.640162    0.285079    0.772521
   85.596854  250.621850    0.376916    1.636588
   85.597517  250.603536    0.386455    1.726449
   85.598179  250.585210    0.346152    1.347420
   85.599499  250.548544    0.343900    1.326482
   85.600158  250.530208    0.294758    0.864313
   85.600816  250.511880    0.336084    1.253201
   85.601473  250.493553    0.309696    1.005076
   85.602131  250.475223    0.213407    0.454491
   85.602788  250.456889    0.292621    0.844692
   85.603446  250.438541    0.354299    1.425037
   85.604105  250.420188    0.413775    1.984670
   85.604763  250.401831    0.292963    0.848279
   85.606080  250.365132    0.360719    1.485928
   85.606739  250.346791    0.440385    2.235493
   85.607396  250.328444    0.273641    0.666997
   85.608053  250.310084    0.304217    0.954755
   85.609363  250.273278    0.280305    0.730050
   85.610017  250.254847    0.356539    1.447328
   85.610669  250.236402    0.361394    1.493128
   85.611322  250.217941    0.278258    0.711158
   85.611974  250.199468    0.313233    1.040304
   85.612625  250.180989    0.266149    0.597494
   85.613276  250.162507    0.226069    0.481457
   85.613926  250.144039    0.283726    0.763083
   85.614575  250.125573    0.367502    1.551320
   85.615224  250.107101    0.370196    1.576788
   85.615872  250.088622    0.345126    1.341066
   85.616520  250.070119    0.361902    1.499002
   85.617167  250.051604    0.363778    1.516774
   85.617814  250.033078    0.329182    1.191436
   85.618461  250.014545    0.430506    2.144754
   85.619108  249.996001    0.458141    2.404842
   85.619754  249.977452    0.396787    1.827786
   85.620401  249.958906    0.307496    0.987916
   85.621047  249.940367    0.291188    0.834629
   85.621693  249.921855    0.267025    0.607437
   85.622338  249.903357    0.297480    0.894063
   85.622984  249.884862    0.250597    0.533694
   85.623629  249.866366    0.362637    1.507260
   85.624274  249.847852    0.308447    0.997590
   85.624919  249.829328    0.242020    0.515429
   85.625564  249.810801    0.215002    0.457888
   85.626208  249.792272    0.257752    0.548932
   85.626850  249.773753    0.316652    1.075257
   85.627493  249.755235    0.201422    0.428968
   85.628134  249.736712    0.324078    1.145359
   85.628775  249.718181    0.348247    1.372851
   85.631337  249.643921    0.211618    0.450681
   85.631977  249.625297    0.306735    0.982934
   85.632616  249.606654    0.356373    1.450014
   85.633255  249.588002    0.248194    0.528577
   85.633892  249.569346    0.188436    0.401311
   85.634526  249.550712    0.312910    1.041501
   85.635159  249.532085    0.461495    2.439411
   85.635791  249.513455    0.268844    0.627206
   85.636423  249.494821    0.320732    1.115450
   85.637056  249.476168    0.278823    0.721315
   85.637690  249.457503    0.291680    0.842388
   85.638325  249.438832    0.250305    0.533072
   85.638959  249.420157    0.240811    0.512853
   85.639592  249.401485    0.281635    0.748253
   85.640857  249.364135    0.225692    0.480654
   85.641488  249.345455    0.245991    0.523885
   85.642118  249.326774    0.330909    1.212272
   85.644002  249.270686    0.213253    0.454164
   85.644631  249.251950    0.346231    1.356894
   85.647149  249.176983    0.302651    0.947402
   85.647779  249.158279    0.133118    0.283501
   85.648409  249.139575    0.213705    0.455126
   85.649038  249.120868    0.352434    1.416092
   85.649665  249.102137    0.182225    0.388082
   85.652165  249.027114    0.306076    0.980591
   85.652789  249.008343    0.158410    0.337365
   85.653413  248.989573    0.279760    0.733272
   85.654036  248.970809    0.248537    0.529307
   85.657138  248.877078    0.246460    0.524884
   85.657758  248.858241    0.271613    0.657465
   85.658376  248.839386    0.283267    0.767225
   85.658994  248.820519    0.150790    0.321137
   85.659610  248.801661    0.177371    0.377747
   85.661454  248.745056    0.238120    0.507123
   85.662071  248.726165    0.240613    0.512432
   85.662687  248.707262    0.274505    0.685637
   85.665152  248.631585    0.265949    0.605635
   85.665767  248.612658    0.286921    0.803047
   85.666381  248.593737    0.212068    0.451639
   85.669435  248.499284    0.293422    0.864920
   85.670046  248.480412    0.285633    0.791773
   85.670656  248.461541    0.246017    0.523940
   85.671267  248.442667    0.194607    0.414452
   85.671878  248.423782    0.399706    1.865258
   85.672489  248.404889    0.261771    0.567772
   85.673099  248.385986    0.218165    0.464625
   85.673708  248.367074    0.360107    1.493092
   85.674919  248.329213    0.324651    1.159785
   85.675523  248.310263    0.281961    0.758309
   85.676126  248.291297    0.282535    0.763828
   85.676730  248.272305    0.347779    1.377719
   85.677335  248.253298    0.332711    1.236092
   85.677939  248.234279    0.325149    1.165071
   85.678544  248.215254    0.273534    0.679638
   85.679148  248.196234    0.344369    1.346127
   85.679752  248.177213    0.137230    0.292257
   85.680356  248.158187    0.205655    0.437982
   85.680959  248.139152    0.300293    0.931853
   85.681561  248.120106    0.250876    0.534290
   85.682162  248.101049    0.337407    1.281236
   85.682762  248.081985    0.309822    1.021850
   85.683362  248.062913    0.382483    1.705517
   85.683960  248.043828    0.451102    2.351159
   85.684556  248.024737    0.338609    1.293025
   85.685153  248.005644    0.522470    3.022791
   85.685749  247.986554    0.215027    0.457942
   85.686345  247.967485    0.277443    0.717974
   85.686942  247.948422    0.336516    1.273819
   85.687538  247.929359    0.419957    2.058898
   85.688135  247.910290    0.308604    1.011480
   85.688733  247.891196    0.310415    1.028635
   85.689331  247.872091    0.250244    0.532944
   85.689929  247.852983    0.281768    0.759387
   85.690525  247.833878    0.354500    1.443723
   85.691120  247.814794    0.256157    0.545535
   85.691713  247.795719    0.143212    0.304997
   85.692306  247.776645    0.285858    0.798347
   85.694672  247.700244    0.382030    1.703546
   85.695263  247.681120    0.366686    1.559317
   85.695855  247.661989    0.254539    0.542090
   85.696446  247.642851    0.242974    0.517459
   85.697037  247.623705    0.254765    0.542572
   85.697626  247.604553    0.434813    2.200695
   85.698213  247.585396    0.318145    1.103283
   85.698798  247.566231    0.393690    1.814082
   85.699383  247.547056    0.337850    1.288894
   85.699966  247.527871    0.392478    1.802916
   85.700548  247.508668    0.494254    2.760478
   85.701130  247.489452    0.354056    1.441710
   85.701712  247.470226    0.320510    1.126249
   85.702293  247.450991    0.352916    1.431225
   85.702877  247.431749    0.477991    2.607967
   85.703460  247.412501    0.394468    1.822364
   85.704044  247.393247    0.268152    0.634183
   85.704628  247.373988    0.371476    1.606313
   85.705210  247.354727    0.355954    1.460411
   85.705792  247.335462    0.468228    2.516735
   85.706374  247.316193    0.336316    1.275911
   85.706955  247.296921    0.418683    2.050883
   85.707535  247.277643    0.327434    1.192596
   85.708114  247.258362    0.314204    1.068260
   85.708694  247.239076    0.340588    1.316580
   85.709273  247.219788    0.327895    1.197293
   85.709853  247.200492    0.293233    0.871333
   85.710433  247.181193    0.352411    1.428170
   85.711013  247.161896    0.280085    0.747891
   85.711593  247.142602    0.335908    1.273159
   85.712172  247.123330    0.337432    1.287619
   85.712751  247.104064    0.358785    1.488607
   85.713329  247.084797    0.369070    1.585484
   85.713906  247.065527    0.304461    0.977799
   85.714481  247.046234    0.397017    1.848625
   85.715629  247.007622    0.531248    3.111623
   85.716201  246.988308    0.306876    1.001001
   85.716773  246.969004    0.340180    1.314415
   85.717343  246.949697    0.285345    0.798687
   85.717913  246.930385    0.459726    2.439263
   85.718482  246.911065    0.274522    0.697106
   85.719052  246.891721    0.321960    1.143488
   85.719622  246.872364    0.373041    1.624143
   85.720191  246.852999    0.319242    1.118159
   85.720760  246.833630    0.254358    0.541704
   85.721327  246.814270    0.386458    1.750718
   85.721894  246.794908    0.303633    0.971681
   85.722460  246.775538    0.366930    1.567258
   85.723026  246.756156    0.505173    2.867875
   85.723591  246.736750    0.468473    2.522742
   85.724156  246.717326    0.334928    1.266560
   85.724721  246.697888    0.262518    0.585493
   85.725286  246.678440    0.225759    0.480796
   85.725850  246.658982    0.273102    0.685299
   85.726415  246.639516    0.209481    0.446129
   85.726979  246.620043    0.334001    1.258433
   85.727544  246.600563    0.460511    2.448671
   85.728110  246.581076    0.211298    0.450000
   85.728676  246.561585    0.267329    0.631585
   85.729242  246.542095    0.326982    1.192883
   85.729807  246.522605    0.405199    1.928812
   85.730370  246.503124    0.300156    0.940762
   85.730931  246.483649    0.310957    1.042485
   85.731492  246.464177    0.177324    0.377645
   85.732051  246.444709    0.191397    0.407617
   85.732610  246.425241    0.134127    0.285649
   85.734280  246.366863    0.131780    0.280650
   85.734837  246.347436    0.049145    0.104663
   85.735393  246.328016    0.008342    0.017767
   85.735949  246.308592    0.071306    0.151860
   85.737610  246.250204    0.127841    0.272263
   85.738162  246.230701    0.083788    0.178443
   85.738714  246.211185    0.057582    0.122633
   85.739265  246.191668    0.132393    0.281955
   85.739817  246.172141    0.107127    0.228148
   85.741467  246.113441    0.216097    0.460220
   85.742015  246.093823    0.146300    0.311574
   85.742563  246.074191    0.090186    0.192068
   85.743112  246.054549    0.096992    0.206564
   85.743661  246.034911    0.107584    0.229120
   85.744212  246.015271    0.162441    0.345950
   85.744762  245.995625    0.061140    0.130208
   85.745311  245.975973    0.092431    0.196849
   85.747501  245.897293    0.057215    0.121851
   85.748046  245.877644    0.243726    0.519062
   85.748590  245.858006    0.018577    0.039564
   85.756163  245.582994    0.339447    1.315978
   85.756701  245.563328    0.253891    0.540709
   85.757238  245.543663    0.160172    0.341116
   85.757775  245.523993    0.131285    0.279597
   85.758311  245.504317    0.203657    0.433727
   85.758845  245.484633    0.260129    0.570403
   85.759378  245.464939    0.380519    1.703067
   85.759910  245.445233    0.231737    0.493528
   85.760441  245.425511    0.201762    0.429691
   85.760972  245.405763    0.137255    0.292310
   85.761503  245.385996    0.170731    0.363604
   85.762033  245.366217    0.462142    2.471516
   85.762563  245.346427    0.237586    0.505985
   85.763093  245.326638    0.067728    0.144239
   85.763623  245.306842    0.167337    0.356376
   85.764153  245.287037    0.216666    0.461432
   85.766279  245.207689    0.082240    0.175147
   85.766809  245.187831    0.079799    0.169948
   85.767864  245.148112    0.104333    0.222197
   85.775697  244.850799    0.440334    2.269462
   85.776213  244.830944    0.321898    1.155411
   85.776729  244.811080    0.349365    1.413921
   85.777246  244.791206    0.173464    0.369426
   85.777763  244.771315    0.126511    0.269430
   85.778281  244.751414    0.111330    0.237099
   85.781366  244.631868    0.199987    0.425911
   85.781878  244.611886    0.373917    1.646083
   85.782391  244.591884    0.272594    0.693023
   85.783415  244.551854    0.150307    0.320107
   85.783928  244.531843    0.036270    0.077244
   85.801516  243.830232    0.267005    0.644945
   85.802010  243.810016    0.507607    2.908484
   85.802504  243.789805    0.420540    2.089529
   85.802998  243.769597    0.295192    0.910463
   85.803491  243.749394    0.379951    1.707931
   85.804476  243.708988    0.481531    2.663772
   85.804968  243.688799    0.414645    2.034672
   85.805459  243.668624    0.598561    3.764943
   85.805949  243.648485    0.428157    2.162010
   85.806437  243.628365    0.387941    1.783803
   85.806925  243.608255    0.350566    1.432327
   85.807411  243.588150    0.480170    2.651674
   85.808378  243.547937    0.652205    4.270297
   85.808860  243.527820    0.576793    3.560989
   85.809341  243.507690    0.480171    2.652148
   85.809823  243.487527    0.388071    1.785853
   85.810306  243.467345    0.332451    1.262727
   85.810788  243.447152    0.424970    2.133206
   85.811271  243.426950    0.454114    2.407490
   85.811754  243.406759    0.428096    2.162846
   85.812237  243.386564    0.349792    1.426335
   85.812719  243.366361    0.387042    1.776879
   85.813202  243.346145    0.416479    2.053913
   85.813682  243.325898    0.460907    2.471985
   85.814162  243.305634    0.404040    1.937133
   85.814642  243.285358    0.531842    3.139531
   85.815121  243.265075    0.426636    2.149935
   85.815599  243.244791    0.652354    4.273457
   85.816078  243.224502    0.507709    2.912854
   85.816556  243.204211    0.510173    2.936154
   85.817035  243.183915    0.529946    3.122280
   85.817513  243.163620    0.379352    1.705707
   85.817992  243.143322    0.528119    3.105329
   85.818470  243.123017    0.395911    1.861723
   85.818947  243.102706    0.315638    1.106683
   85.819424  243.082377    0.384051    1.750383
   85.819900  243.062040    0.398734    1.888635
   85.820374  243.041698    0.441162    2.287886
   85.820848  243.021352    0.388561    1.793163
   85.821320  243.001007    0.416698    2.057977
   85.821791  242.980662    0.327636    1.220258
   85.822261  242.960322    0.222479    0.473812
   85.822730  242.939987    0.209954    0.447138
   85.823199  242.919667    0.154347    0.328711
   85.823668  242.899356    0.260360    0.587846
   85.824137  242.879047    0.246555    0.525086
   85.824605  242.858741    0.380031    1.713867
   85.825073  242.838428    0.391618    1.822987
   85.825540  242.818111    0.342803    1.363879
   85.826007  242.797795    0.356012    1.488258
   85.826473  242.777478    0.361198    1.537168
   85.826937  242.757170    0.302979    0.989597
   85.827400  242.736863    0.478470    2.640618
   85.827862  242.716551    0.446280    2.337907
   85.828324  242.696232    0.377769    1.693526
   85.828787  242.675901    0.391036    1.818451
   85.829250  242.655556    0.348910    1.422268
   85.829713  242.635196    0.436870    2.249857
   85.830176  242.614817    0.418232    2.074644
   85.830640  242.594405    0.364540    1.569660
   85.831567  242.553522    0.415565    2.049902
   85.832030  242.533065    0.405529    1.955614
   85.832491  242.512612    0.383816    1.751471
   85.832950  242.492156    0.317981    1.132254
   85.833409  242.471692    0.368181    1.604620
   85.833868  242.451221    0.336990    1.311311
   85.834326  242.430734    0.301249    0.975206
   85.835702  242.369223    0.421275    2.104684
   85.836160  242.348711    0.355191    1.483124
   85.836618  242.328200    0.395322    1.860770
   85.837531  242.287191    0.327930    1.227023
   85.837986  242.266709    0.331772    1.263288
   85.838440  242.246240    0.264726    0.632681
   85.838892  242.225782    0.337305    1.315573
   85.839343  242.205329    0.386038    1.774134
   85.839792  242.184888    0.492677    2.777449
   85.840239  242.164451    0.305160    1.013526
   85.840686  242.144014    0.434807    2.233272
   85.841577  242.103114    0.285576    0.829649
   85.842022  242.082647    0.422222    2.115240
   85.842467  242.062170    0.429114    2.180192
   85.842913  242.041686    0.518324    3.019537
   85.843360  242.021191    0.370600    1.629959
   85.843808  242.000687    0.374134    1.663328
   85.844256  241.980177    0.368793    1.613196
   85.845597  241.918638    0.332165    1.268979
   85.846042  241.898113    0.398362    1.891835
   85.846487  241.877575    0.455469    2.429177
   85.846931  241.857009    0.345664    1.396320
   85.847375  241.836424    0.438329    2.268173
   85.847818  241.815823    0.362402    1.554020
   85.848262  241.795206    0.354270    1.477635
   85.848706  241.774571    0.390324    1.816924
   85.849151  241.753922    0.384131    1.758786
   85.849595  241.733265    0.393404    1.846139
   85.850038  241.712604    0.303676    1.002150
   85.850480  241.691946    0.351190    1.449247
   85.851360  241.650632    0.492433    2.778204
   85.851798  241.629976    0.340591    1.349901
   85.852235  241.609313    0.263758    0.627219
   85.852669  241.588651    0.000000    0.000000
   85.853103  241.567997    0.444848    2.331028
   85.855692  241.444348    0.091867    0.195648
   85.856123  241.423759    0.170048    0.362149
   85.856554  241.403170    0.269298    0.680510
   85.857412  241.361979    0.597868    3.771716
   85.857839  241.341374    0.359199    1.526591
   85.858266  241.320762    0.295549    0.927930
   85.858692  241.300142    0.195918    0.417245
   85.859117  241.279513    0.341326    1.358803
   85.859543  241.258873    0.273756    0.723268
   85.859969  241.238219    0.506023    2.908398
   85.860395  241.217549    0.409179    1.997480
   85.860824  241.196856    0.298367    0.955150
   86.021156  225.706566    0.542063    3.328389
   86.021171  225.684223    0.348983    1.512135
   86.021186  225.661882    0.237054    0.504852
   86.021201  225.639539    0.205779    0.438247
   86.021217  225.617195    0.292333    0.979544
   86.021233  225.594848    0.271294    0.781726
   86.021249  225.572495    0.343811    1.464029
   86.021265  225.550133    0.308442    1.131413
   86.021280  225.527760    0.340046    1.428838
   86.021294  225.505363    0.341636    1.443905
   86.021306  225.482952    0.268360    0.754684
   86.021318  225.460533    0.175761    0.374317
   86.021328  225.438108    0.285015    0.911583
   86.021337  225.415694    0.209439    0.446041
   86.021345  225.393278    0.424655    2.225447
   86.021352  225.370855    0.179267    0.381785
   86.021359  225.348422    0.245978    0.544787
   86.021368  225.325959    0.264500    0.719147
   86.021377  225.303482    0.271110    0.781441
   86.021386  225.280998    0.158112    0.336731
   86.021394  225.258511    0.182149    0.387921
   86.021401  225.236025    0.257191    0.650833
   86.021405  225.213545    0.280681    0.871923
   86.021409  225.191079    0.300288    1.056485
   86.021411  225.168631    0.281778    0.882462
   86.021413  225.146225    0.274628    0.815307
   86.021413  225.123846    0.198218    0.422143
   86.021413  225.101485    0.221879    0.472534
   86.021412  225.079138    0.182408    0.388473
   86.021412  225.056796    0.358276    1.602652
   86.021411  225.034462    0.406099    2.052655
   86.021409  225.012136    0.441464    2.385459
   86.021408  224.989816    0.335429    1.388052
   86.021405  224.967511    0.427927    2.258321
   86.021402  224.945210    0.326708    1.306234
   86.021398  224.922908    0.478644    2.735651
   86.021393  224.900600    0.403446    2.028347
   86.021387  224.878276    0.323530    1.276659
   86.021380  224.855938    0.463459    2.593134
   86.021372  224.833587    0.297874    1.035529
   86.021363  224.811219    0.250109    0.586290
   86.021354  224.788825    0.284842    0.913145
   86.021344  224.766412    0.270060    0.774198
   86.021335  224.743990    0.269156    0.765807
   86.021318  224.699138    0.453271    2.498055
   86.021310  224.676714    0.506870    3.002385
   86.021303  224.654283    0.533981    3.257535
   86.021294  224.631845    0.451707    2.483668
   86.021284  224.609384    0.479650    2.746646
   86.021273  224.586915    0.363173    1.651017
   86.021260  224.564440    0.321809    1.262004
   86.021246  224.541964    0.263379    0.712445
   86.021231  224.519490    0.215100    0.458096
   86.021214  224.497021    0.474465    2.698418
   86.021197  224.474563    0.532133    3.241035
   86.021180  224.452121    0.334818    1.384927
   86.021164  224.429709    0.272367    0.797543
   86.021149  224.407321    0.432693    2.305889
   86.021133  224.384948    0.315292    1.201571
   86.021116  224.362588    0.223919    0.476879
   86.021099  224.340241    0.293278    0.994691
   86.021080  224.317903    0.556280    3.468958
   86.021060  224.295574    0.313249    1.182790
   86.021039  224.273251    0.338326    1.418805
   86.021016  224.250932    0.725252    5.058857
   86.020991  224.228616    0.459650    2.560359
   86.020966  224.206297    0.299824    1.056925
   86.020940  224.183975    0.320207    1.248785
   86.020915  224.161637    0.567594    3.576150
   86.020889  224.139291    0.476985    2.723873
   86.020864  224.116937    0.398375    1.984466
   86.020838  224.094574    0.315480    1.204753
   86.020812  224.072201    0.488387    2.831458
   86.020787  224.049820    0.359477    1.618872
   86.020760  224.027436    0.410803    2.101821
   86.020734  224.005050    0.352386    1.552375
   86.020706  223.982671    0.361028    1.633788
   86.020677  223.960294    0.398394    1.985414
   86.020648  223.937913    0.473449    2.691584
   86.020617  223.915527    0.448102    2.453250
   86.020586  223.893128    0.437483    2.353464
   86.020554  223.870720    0.291384    0.979164
   86.020522  223.848307    0.574438    3.642059
   86.020489  223.825889    0.556646    3.474797
   86.020456  223.803466    0.599357    3.876705
   86.020423  223.781041    0.342938    1.464593
   86.020389  223.758612    0.287520    0.943366
   86.020355  223.736180    0.336996    1.408909
   86.020320  223.713742    0.315411    1.205967
   86.020284  223.691303    0.297827    1.040651
   86.020248  223.668865    0.289226    0.959853
   86.019249  223.177247    0.181221    0.385945
   86.019201  223.154855    0.274735    0.826039
   86.019152  223.132454    0.280316    0.878651
   86.019104  223.110042    0.267945    0.762384
   86.019004  223.065167    0.333730    1.381466
   86.018954  223.042718    0.252217    0.614749
   86.018902  223.020263    0.280705    0.882855
   86.018849  222.997806    0.269635    0.778826
   86.018794  222.975349    0.270255    0.784766
   86.018739  222.952899    0.175088    0.372883
   86.018682  222.930458    0.247942    0.575086
   86.018566  222.885615    0.211990    0.451474
   86.018506  222.863222    0.243777    0.536233
   86.018447  222.840854    0.228845    0.487370
   86.018387  222.818540    0.222314    0.473461
   86.018328  222.796256    0.167093    0.355856
   86.018267  222.773987    0.459268    2.563863
   86.018206  222.751722    0.250882    0.603612
   86.018142  222.729438    0.254078    0.633792
   86.018077  222.707144    0.395427    1.963612
   86.018012  222.684847    0.193458    0.412007
   86.017945  222.662546    0.031296    0.066651
   86.017878  222.640243    0.108331    0.230711
   86.017811  222.617939    0.339263    1.435700
   86.017744  222.595630    0.270874    0.792450
   86.017676  222.573318    0.304074    1.104881
   86.017609  222.551007    0.259092    0.681832
   86.017543  222.528690    0.317664    1.232946
   86.017475  222.506366    0.371933    1.743577
   86.017407  222.484033    0.362316    1.653218
   86.017337  222.461679    0.339226    1.436115
   86.017266  222.439313    0.298699    1.054974
   86.017194  222.416937    0.148733    0.316755
   86.017122  222.394553    0.224226    0.477532
   86.017048  222.372165    0.062360    0.132807
   86.016974  222.349772    0.340459    1.448262
   86.016899  222.327375    0.217721    0.463679
   86.016824  222.304973    0.371206    1.737727
   86.016751  222.282568    0.290774    0.981180
   86.016677  222.260160    0.143218    0.305009
   86.016603  222.237751    0.246431    0.564254
   86.016529  222.215342    0.306175    1.126393
   86.016454  222.192916    0.262467    0.715332
   86.016377  222.170493    0.263327    0.723530
   86.016300  222.148087    0.447292    2.454256
   86.016222  222.125704    0.425303    2.247508
   86.016142  222.103388    0.301013    1.078380
   86.016061  222.081108    0.326359    1.316933
   86.015980  222.058850    0.479350    2.756276
   86.015814  222.014350    0.419586    2.194270
   86.015731  221.992096    0.403152    2.039780
   86.015647  221.969846    0.252003    0.617976
   86.015563  221.947602    0.042931    0.091430
   86.015479  221.925374    0.157882    0.336240
   86.015394  221.903153    0.340794    1.453593
   86.015310  221.880932    0.318368    1.242732
   86.015224  221.858704    0.216260    0.460567
   86.015139  221.836465    0.389259    1.909850
   86.015053  221.814214    0.213360    0.454391
   86.014966  221.791948    0.141373    0.301082
   86.014878  221.769665    0.189358    0.403274
   86.014787  221.747354    0.573027    3.639047
   86.014695  221.725022    0.389887    1.916300
   86.014602  221.702673    0.480581    2.769594
   86.014509  221.680308    0.287057    0.949158
   86.014417  221.657927    0.177773    0.378602
   86.014325  221.635533    0.277654    0.860917
   86.014233  221.613133    0.395073    1.965627
   86.014141  221.590728    0.130917    0.278812
   86.014048  221.568317    0.304466    1.113470
   86.013955  221.545908    0.119777    0.255089
   86.013861  221.523507    0.267760    0.768382
   86.013766  221.501120    0.299383    1.065986
   86.013670  221.478760    0.197650    0.420933
   86.013573  221.456420    0.236165    0.502958
   86.013475  221.434098    0.128947    0.274618
   86.013377  221.411794    0.453793    2.518997
   86.013279  221.389511    0.248033    0.583455
   86.013181  221.367245    0.385472    1.876495
   86.013083  221.344991    0.142963    0.304468
   86.012984  221.322749    0.373262    1.761853
   86.012885  221.300510    0.802830    5.803050
   86.012785  221.278279    0.569552    3.608626
   86.012684  221.256059    0.280535    0.889861
   86.012582  221.233847    0.206871    0.440571
   86.012479  221.211660    0.282060    0.904415
   86.012374  221.189481    0.322068    1.280892
   86.012268  221.167304    0.268805    0.779938
   86.012162  221.145122    0.042317    0.090123
   86.012057  221.122925    0.139365    0.296805
   86.011951  221.100713    0.147426    0.313972
   86.011845  221.078484    0.093559    0.199252
   86.011738  221.056236    0.114431    0.243702
   86.011630  221.033949    0.270100    0.792762
   86.011520  221.011637    0.147181    0.313449
   86.011409  220.989312    0.119753    0.255036
   86.011298  220.966979    0.217677    0.463584
   86.011186  220.944656    0.452916    2.513010
   86.011075  220.922332    0.000000    0.000000
   86.010962  220.900007    0.017075    0.036364
   86.010849  220.877683    0.322477    1.286245
   86.010735  220.855356    0.148349    0.315939
   86.010041  220.721365    0.212381    0.452305
   86.009924  220.699036    0.167584    0.356903
   86.009807  220.676720    0.339525    1.447594
   86.009691  220.654415    0.283590    0.921505
   86.009573  220.632119    0.497828    2.937024
   86.009335  220.587560    0.406376    2.076922
   86.009214  220.565299    0.503438    2.990121
   86.009092  220.543054    0.381462    1.842765
   86.008969  220.520823    0.261494    0.714287
   86.008845  220.498620    0.225193    0.479591
   86.008721  220.476436    0.189811    0.404239
   86.008596  220.454265    0.307089    1.143538
   86.007709  220.299185    0.181164    0.385824
   86.007578  220.276988    0.227073    0.483597
   86.007447  220.254781    0.197968    0.421612
   86.007315  220.232577    0.202783    0.431866
   86.007183  220.210367    0.146150    0.311255
   86.006786  220.143626    0.228654    0.486964
   86.006655  220.121330    0.332030    1.379782
   86.005716  219.965255    0.274430    0.838675
   86.005577  219.942958    0.264167    0.742237
   86.005438  219.920667    0.325552    1.319814
   86.005299  219.898386    0.363832    1.680034
   86.005161  219.876124    0.309334    1.167466
   86.004744  219.809451    0.851077    6.264149
   86.004603  219.787290    0.339591    1.452528
   86.004461  219.765154    0.296073    1.043253
   86.003740  219.654651    0.210013    0.447263
   86.003594  219.632556    0.269553    0.794410
   86.003447  219.610444    0.407172    2.089147
   86.003300  219.588323    0.363175    1.675362
   86.003152  219.566196    0.390922    1.936496
   86.003004  219.544066    0.392558    1.951988
   86.002856  219.521947    0.401703    2.038126
   86.002707  219.499825    0.416062    2.173318
   86.002558  219.477689    0.355328    1.602081
   86.002408  219.455531    0.429583    2.300724
   86.002257  219.433322    0.235787    0.502154
   86.002106  219.411082    0.391508    1.942757
   86.001647  219.344297    0.403762    2.058365
   86.001492  219.322035    0.028861    0.061464
   86.001337  219.299774    0.038245    0.081451
   86.001181  219.277519    0.065776    0.140082
   86.001025  219.255278    0.012631    0.026900
   86.000868  219.233047    0.084931    0.180877
   86.000711  219.210821    0.061905    0.131839
   86.000554  219.188597    0.068636    0.146173
   86.000397  219.166364    0.000000    0.000000
   86.000239  219.144133    0.100068    0.213114
   86.000080  219.121911    0.091789    0.195482
   85.999921  219.099705    0.084164    0.179242
   85.999759  219.077535    0.263307    0.738354
   85.999597  219.055387    0.107329    0.228578
   85.999434  219.033254    0.208364    0.443752
   85.999270  219.011132    0.240287    0.522121
   85.999106  218.989015    0.193651    0.412418
   85.998942  218.966902    0.197462    0.420533
   85.998446  218.900612    0.457143    2.562691
   85.998279  218.878530    0.305033    1.131849
   85.998113  218.856451    0.244449    0.562022
   85.997946  218.834378    0.092900    0.197849
   85.997779  218.812317    0.321247    1.284701
   85.996761  218.679691    0.321640    1.289050
   85.995894  218.568941    0.444920    2.449326
   85.992099  218.104929    0.199937    0.425804
   85.991911  218.082908    0.223842    0.476715
   85.991722  218.060883    0.132207    0.281560
   85.990584  217.928538    0.171689    0.365646
   85.990394  217.906527    0.197715    0.421071
   85.987449  217.575862    0.127077    0.270636
   85.987247  217.553835    0.261747    0.731063
   85.987044  217.531812    0.301826    1.108203
   85.986840  217.509794    0.171356    0.364935
   85.986635  217.487778    0.176880    0.376699
   85.986430  217.465768    0.351796    1.578608
   85.986225  217.443768    0.302887    1.118611
   85.986019  217.421777    0.310799    1.193149
   85.985815  217.399814    0.166973    0.355601
   85.985610  217.377863    0.262828    0.742082
   85.985405  217.355918    0.384803    1.889645
   85.985199  217.333975    0.212977    0.453575
   85.984992  217.312016    0.320080    1.280989
   85.984784  217.290053    0.200251    0.426473
   85.984575  217.268089    0.289998    0.998203
   85.984366  217.246127    0.289349    0.992203
   85.984157  217.224177    0.275202    0.859225
   85.983948  217.202230    0.462860    2.624692
   85.983738  217.180281    0.383695    1.880070
   85.983527  217.158325    0.282926    0.932205
   85.983315  217.136355    0.335242    1.424471
   85.983103  217.114374    0.144884    0.308558
   85.982890  217.092385    0.727348    5.113356
   85.982676  217.070389    0.153035    0.325917
   85.982461  217.048379    0.144050    0.306782
   85.982245  217.026365    0.295194    1.048260
   85.982029  217.004354    0.395676    1.993633
   85.981812  216.982349    0.349605    1.560333
   85.981595  216.960369    0.627594    4.175575
   85.981378  216.938402    0.030776    0.065543
   85.981160  216.916445    0.233822    0.497969
   85.980941  216.894497    0.321450    1.295898
   85.980722  216.872551    0.463988    2.636903
   85.980503  216.850612    0.200226    0.426420
   85.980282  216.828683    0.224898    0.478963
   85.980061  216.806766    0.325995    1.339080
   85.979840  216.784873    0.284925    0.952824
   85.979617  216.762993    0.492732    2.907845
   85.979394  216.741121    0.102508    0.218310
   85.979170  216.719252    0.123245    0.262474
   85.978945  216.697385    0.140984    0.300254
   85.978719  216.675516    0.758723    5.410533
   85.978493  216.653641    0.270461    0.817393
   85.978266  216.631760    0.477075    2.761190
   85.978040  216.609855    0.337646    1.449640
   85.977814  216.587939    0.317496    1.260191
   85.977587  216.566022    0.259570    0.715365
   85.977360  216.544107    0.488417    2.868311
   85.977132  216.522220    0.452232    2.528013
   85.976903  216.500343    0.590606    3.829847
   85.976674  216.478463    0.282811    0.934423
   85.976444  216.456577    0.295750    1.056252
   85.976214  216.434664    0.361390    1.673861
   85.975983  216.412737    0.339042    1.463731
   85.975752  216.390802    0.305190    1.145377
   85.975519  216.368861    0.417019    2.197493
   85.975285  216.346915    0.168162    0.358134
   85.975050  216.324970    0.272605    0.839159
   85.974814  216.303029    0.257318    0.695459
   85.974578  216.281098    0.300191    1.098881
   85.974343  216.259192    0.209206    0.445544
   85.974109  216.237302    0.239602    0.529116
   85.973875  216.215419    0.309498    1.186755
   85.973403  216.171654    0.302679    1.122821
   85.973164  216.149764    0.300990    1.107042
   85.972924  216.127885    0.259413    0.716014
   85.972684  216.106014    0.433403    2.352901
   85.972443  216.084174    0.539995    3.355764
   85.972202  216.062348    0.330929    1.389110
   85.971960  216.040528    0.313797    1.228053
   85.971718  216.018713    0.286241    0.968926
   85.971475  215.996882    0.281139    0.921043
   85.971231  215.975047    0.324383    1.327953
   85.970987  215.953214    0.260386    0.726019
   85.970499  215.909554    0.181144    0.385782
   85.970254  215.887731    0.407875    2.113821
   85.970009  215.865914    0.310069    1.193827
   85.969763  215.844105    0.455835    2.565204
   85.969518  215.822310    0.284855    0.956842
   85.969271  215.800527    0.336526    1.443040
   85.969024  215.778745    0.349616    1.566285
   85.968776  215.756966    0.468399    2.683823
   85.968525  215.735186    0.537396    3.333013
   85.968273  215.713401    0.400678    2.046960
   85.968021  215.691613    0.577524    3.710717
   85.967768  215.669818    0.355895    1.625884
   85.967517  215.648014    0.382921    1.880232
   85.967267  215.626201    0.274372    0.859189
   85.967016  215.604381    0.278463    0.897774
   85.966765  215.582556    0.363387    1.696797
   85.966513  215.560723    0.308802    1.183403
   85.966260  215.538885    0.253582    0.664037
   85.966006  215.517044    0.280688    0.919139
   85.965751  215.495201    0.291001    1.016261
   85.965494  215.473349    0.235527    0.501600
   85.964979  215.429656    0.425945    2.286049
   85.964720  215.407828    0.347313    1.546434
   85.964461  215.386036    0.547176    3.426719
   85.964202  215.364267    0.331204    1.395107
   85.963943  215.342514    0.564075    3.585903
   85.963683  215.320775    0.371945    1.778583
   85.963423  215.299046    0.489820    2.887576
   85.963162  215.277325    0.502704    3.008885
   85.962901  215.255612    0.545296    3.409666
   85.962638  215.233903    0.362085    1.686247
   85.962374  215.212195    0.402848    2.069831
   85.962108  215.190489    0.400619    2.048959
   85.961841  215.168787    0.495398    2.940692
   85.961573  215.147091    0.420186    2.233246
   85.961305  215.125413    0.452991    2.541964
   85.961037  215.103740    0.402837    2.070252
   85.960769  215.082065    0.522662    3.197586
   85.960502  215.060383    0.293136    1.038464
   85.960236  215.038672    0.223616    0.476233
   85.959971  215.016946    0.458096    2.590509
   85.959706  214.995215    0.222580    0.474026
   85.959440  214.973483    0.202070    0.430347
   85.959172  214.951763    0.356157    1.631856
   85.958903  214.930050    0.248126    0.615677
   85.958633  214.908339    0.455334    2.565052
   85.958362  214.886634    0.310501    1.202661
   85.958090  214.864938    0.246035    0.596320
   85.957816  214.843244    0.347541    1.551327
   85.957542  214.821549    0.275862    0.877118
   85.957268  214.799848    0.267208    0.795811
   85.956995  214.778128    0.315144    1.246867
   85.956722  214.756399    0.521860    3.191625
   85.956448  214.734666    0.348013    1.556293
   85.956174  214.712935    0.430635    2.333649
   85.955897  214.691212    0.270949    0.831530
   85.955619  214.669497    0.217668    0.463566
   85.955339  214.647785    0.252128    0.654689
   85.955059  214.626078    0.000000    0.000000
   85.954779  214.604369    0.196432    0.418340
   85.954498  214.582664    0.125535    0.267352
   85.954217  214.560974    0.319759    1.291337
   85.953934  214.539298    0.313314    1.230814
   85.953649  214.517657    0.408152    2.123086
   85.953363  214.496039    0.237997    0.522492
   85.953077  214.474438    0.326969    1.359580
   85.952792  214.452853    0.253999    0.673232
   85.952509  214.431288    0.318034    1.275740
   85.952228  214.409733    0.318065    1.276135
   85.951947  214.388182    0.364087    1.709182
   85.951665  214.366628    0.277116    0.891118
   85.951381  214.345050    0.338154    1.465436
   85.951095  214.323463    0.227207    0.483881
   85.950809  214.301873    0.261042    0.740226
   85.950233  214.258722    0.300361    1.110316
   85.949945  214.237166    0.244426    0.584224
   85.949656  214.215603    0.392878    1.980865
   85.949367  214.194029    0.304354    1.148196
   85.949079  214.172416    0.265299    0.780901
   85.948791  214.150781    0.304660    1.151286
   85.948502  214.129132    0.266097    0.788620
   85.948213  214.107472    0.257573    0.708534
   85.947921  214.085798    0.181460    0.386454
   85.947628  214.064120    0.307814    1.181376
   85.947335  214.042444    0.266459    0.792441
   85.947040  214.020777    0.240556    0.548868
   85.946746  213.999137    0.138583    0.295139
   85.946451  213.977513    0.341976    1.503174
   85.946155  213.955904    0.157320    0.335042
   85.945860  213.934305    0.303900    1.145189
   85.945563  213.912713    0.369018    1.757885
   85.945266  213.891132    0.244278    0.584515
   85.944969  213.869563    0.188106    0.400608
   85.944670  213.848010    0.231161    0.492302
   85.944371  213.826478    0.268617    0.813794
   85.944070  213.804963    0.239549    0.540452
   85.943769  213.783462    0.201052    0.428178
   85.943466  213.761976    0.169514    0.361013
   85.943162  213.740508    0.091376    0.194602
   85.942858  213.719050    0.215775    0.459535
   85.941635  213.633186    0.255521    0.691536
   85.941329  213.611700    0.218841    0.466064
   85.941023  213.590215    0.220288    0.469146
   85.940719  213.568743    0.348498    1.566517
   85.940415  213.547273    0.174758    0.372181
   85.936075  213.246084    0.204214    0.434912
   85.935762  213.224623    0.117825    0.250931
   85.935448  213.203172    0.117143    0.249478
   85.935133  213.181728    0.142614    0.303725
   85.934817  213.160295    0.133381    0.284060
   85.934499  213.138871    0.440048    2.429860
   85.934180  213.117455    0.289757    1.016124
   85.933860  213.096047    0.218468    0.465270
   85.933539  213.074643    0.297519    1.089358
   85.933219  213.053253    0.295211    1.067754
   85.932899  213.031866    0.167833    0.357432
   85.932579  213.010477    0.320550    1.306331
   85.932258  212.989080    0.224405    0.477913
   85.931936  212.967651    0.316445    1.267921
   85.931613  212.946210    0.140353    0.298909
   85.931289  212.924766    0.211942    0.451370
   85.930964  212.903326    0.188803    0.402093
   85.930637  212.881914    0.237682    0.527398
   85.930309  212.860513    0.144368    0.307460
   85.929980  212.839118    0.161848    0.344686
   85.929651  212.817722    0.317809    1.281488
   85.929323  212.796311    0.330816    1.403956
   85.928995  212.774896    0.088742    0.188994
   85.928667  212.753481    0.071532    0.152342
   85.928340  212.732072    0.234609    0.499645
   85.928012  212.710674    0.320190    1.304416
   85.927684  212.689286    0.228035    0.485644
   85.927357  212.667906    0.180974    0.385419
   85.927029  212.646535    0.108112    0.230246
   85.926702  212.625186    0.241492    0.564500
   85.926374  212.603845    0.250212    0.646636
   85.926046  212.582508    0.301155    1.125975
   85.925717  212.561167    0.141405    0.301149
   85.925385  212.539798    0.269079    0.824434
   85.925052  212.518421    0.214055    0.455870
   85.924719  212.497044    0.219507    0.467482
   85.924385  212.475673    0.247257    0.619462
   85.924053  212.454324    0.382812    1.894785
   85.923720  212.432987    0.219335    0.467116
   85.923386  212.411662    0.304901    1.162056
   85.923052  212.390345    0.292906    1.049323
   85.922715  212.369043    0.139715    0.297551
   85.922378  212.347748    0.348092    1.568688
   85.922038  212.326456    0.206871    0.440572
   85.921698  212.305164    0.294986    1.069307
   85.921355  212.283858    0.300244    1.118875
   85.921011  212.262547    0.248625    0.633381
   85.920667  212.241237    0.392214    1.984276
   85.920322  212.219928    0.259289    0.733918
   85.919977  212.198628    0.199807    0.425527
   85.919633  212.177332    0.663163    4.533505
   85.912319  211.730726    0.186346    0.396860
   85.911965  211.709528    0.000000    0.000000
   85.911611  211.688330    0.144551    0.307849
   85.911256  211.667135    0.374788    1.823168
   85.910900  211.645942    0.251297    0.661544
   85.910543  211.624751    0.253931    0.686433
   85.910186  211.603554    0.299492    1.115137
   85.909828  211.582357    0.220440    0.469470
   85.909469  211.561165    0.343189    1.526417
   85.909110  211.539977    0.309959    1.213922
   85.908751  211.518803    0.303769    1.155794
   85.908391  211.497637    0.174384    0.371385
   85.908030  211.476477    0.252701    0.675586
   85.907668  211.455324    0.155211    0.330552
   85.907303  211.434178    0.218929    0.466251
   85.906937  211.413037    0.305068    1.168529
   85.906571  211.391899    0.107453    0.228841
   85.906204  211.370761    0.063220    0.134639
   85.905838  211.349616    0.218352    0.465023
   85.905474  211.328468    0.139603    0.297312
   85.899208  210.969253    0.142066    0.302557
   85.898837  210.948136    0.237573    0.535855
   85.898465  210.927041    0.230116    0.490076
   85.896201  210.800785    0.216167    0.460369
   85.895820  210.779777    0.216937    0.462009
   85.895440  210.758755    0.229132    0.487980
   85.895060  210.737730    0.156333    0.332942
   85.894679  210.716709    0.209754    0.446712
   85.891616  210.548812    0.116406    0.247910
   85.890451  210.485725    0.252027    0.674113
   85.890062  210.464672    0.123927    0.263927
   85.889674  210.443619    0.164314    0.349939
   85.889288  210.422571    0.248488    0.641132
   85.888903  210.401532    0.131232    0.279484
   85.888517  210.380501    0.169021    0.359963
   85.888131  210.359482    0.189119    0.402766
   85.887743  210.338484    0.355388    1.647193
   85.887353  210.317500    0.111313    0.237063
   85.886962  210.296531    0.212225    0.451974
   85.886570  210.275576    0.138126    0.294167
   85.886177  210.254635    0.188016    0.400416
   85.885783  210.233708    0.061483    0.130940
   85.885390  210.212795    0.172421    0.367204
   85.884996  210.191897    0.094640    0.201554
   85.884605  210.171026    0.300926    1.135672
   85.884215  210.150167    0.211974    0.451440
   85.883824  210.129311    0.100949    0.214991
   85.883431  210.108452    0.157805    0.336076
   85.883037  210.087563    0.159833    0.340395
   85.882640  210.066659    0.049662    0.105766
   85.880229  209.941313    0.014255    0.030360
   85.879825  209.920442    0.125735    0.267777
   85.878210  209.836960    0.078088    0.166304
   85.877807  209.816080    0.401101    2.079819
   85.877404  209.795205    0.166762    0.355152
   85.877001  209.774339    0.042417    0.090335
   85.872516  209.545054    0.217531    0.463274
   85.872108  209.524206    0.193494    0.412082
   85.871698  209.503371    0.282063    0.961539
   85.871288  209.482547    0.165752    0.353002
   85.870876  209.461737    0.123062    0.262084
   85.870464  209.440940    0.147552    0.314240
   85.869213  209.378641    0.205344    0.437319
   85.868795  209.357907    0.152593    0.324977
   85.868378  209.337202    0.169494    0.360970
   85.867961  209.316510    0.175215    0.373155
   85.867545  209.295827    0.288876    1.026667
   85.866295  209.233752    0.882534    6.611716
   85.865877  209.213048    0.813996    5.967062
   85.865459  209.192338    0.695253    4.850108
   85.865037  209.171621    0.694627    4.844320
   85.864614  209.150900    0.565267    3.627496
   85.863340  209.088720    0.472429    2.754441
   85.862916  209.067991    0.979921    7.528703
   85.860370  208.943335    0.151238    0.322091
   85.859942  208.922581    0.276970    0.916531
   85.859514  208.901848    0.349614    1.600022
   85.859084  208.881132    0.212225    0.451974
   85.858654  208.860432    0.238841    0.558148
   85.858224  208.839752    0.113455    0.241625
   85.857793  208.819085    0.126876    0.270207
   85.857362  208.798431    0.194121    0.413419
   85.856931  208.777788    0.324372    1.363176
   85.856501  208.757141    0.288628    1.027020
   85.856071  208.736502    0.081866    0.174350
   85.853919  208.633593    0.224032    0.477120
   85.853486  208.613048    0.312272    1.250163
   85.853050  208.592480    0.186519    0.397228
   85.852613  208.571904    0.332123    1.437114
   85.852175  208.551320    0.334418    1.458802
   85.850856  208.489545    0.360015    1.699911
   85.850416  208.468948    0.273873    0.889642
   85.849976  208.448351    0.523996    3.242737
   85.849536  208.427760    0.609677    4.048871
   85.848213  208.365992    0.116090    0.247236
   85.847770  208.345391    0.253341    0.697111
   85.846882  208.304192    0.544184    3.433368
   85.846438  208.283602    0.300703    1.142967
   85.845994  208.263040    0.187623    0.399579
   85.845549  208.242491    0.115299    0.245552
   85.845105  208.221949    0.165574    0.352622
   85.844661  208.201410    0.139204    0.296461
   85.844218  208.180857    0.223075    0.475080
   85.842886  208.119203    0.431421    2.373497
   85.842439  208.098664    0.303579    1.170941
   85.841990  208.078136    0.672100    4.637842
   85.841540  208.057620    0.307672    1.209647
   85.841089  208.037117    0.093209    0.198507
   79.657552  156.840946    0.482356    3.275162
   79.656121  156.837502    0.342334    1.957985
   79.654688  156.834055    0.393017    2.434832
   79.653254  156.830611    0.391739    2.422858
   79.651821  156.827170    0.363977    2.161748
   79.650389  156.823734    0.338092    1.918297
   79.647529  156.816900    0.314460    1.696096
   79.646101  156.813490    0.389510    2.402165
   79.643251  156.806662    0.332637    1.867252
   79.641828  156.803243    0.330426    1.846505
   79.640406  156.799823    0.349528    2.026264
   79.638985  156.796405    0.229612    0.898232
   79.637564  156.792993    0.383747    2.348283
   79.636143  156.789584    0.208446    0.699220
   79.634722  156.786177    0.299880    1.559431
   79.627619  156.769160    0.415940    2.651514
   79.626196  156.765748    0.391901    2.425430
   79.623347  156.758912    0.380251    2.315946
   79.621920  156.755489    0.351864    2.048953
   79.620491  156.752061    0.400176    2.503494
   79.619061  156.748631    0.380924    2.322439
   79.617630  156.745201    0.436758    2.847748
   79.616197  156.741772    0.438266    2.861988
   79.614764  156.738348    0.369180    2.212130
   79.613330  156.734927    0.395138    2.456383
   79.611895  156.731508    0.438482    2.864185
   79.610460  156.728090    0.375859    2.275122
   79.609025  156.724673    0.388468    2.393796
   79.607589  156.721257    0.248226    1.074545
   79.606153  156.717843    0.422098    2.710280
   79.603286  156.711016    0.444802    2.923973
   79.601855  156.707604    0.350898    2.040638
   79.598997  156.700795    0.380757    2.321642
   79.597569  156.697407    0.391597    2.423680
   79.593291  156.687276    0.415040    2.644374
   79.591867  156.683902    0.404279    2.543195
   79.590445  156.680526    0.418552    2.677523
   79.589023  156.677151    0.421353    2.703919
   79.587602  156.673774    0.455856    3.028561
   79.586180  156.670394    0.409091    2.588679
   79.584758  156.667012    0.461607    3.082764
   79.583335  156.663627    0.436810    2.849547
   79.581912  156.660241    0.346362    1.998721
   79.580487  156.656850    0.345498    1.990654
   79.579060  156.653458    0.311597    1.671789
   79.576205  156.646673    0.330921    1.853682
   79.574778  156.643286    0.349260    2.026253
   79.573350  156.639901    0.434740    2.830452
   79.571921  156.636517    0.247025    1.064601
   79.570492  156.633131    0.391132    2.420324
   79.567630  156.626351    0.392163    2.430130
   79.566197  156.622959    0.402881    2.531006
   79.563331  156.616166    0.371652    2.237332
   79.561897  156.612767    0.388785    2.398569
   79.560463  156.609371    0.424599    2.735534
   79.559029  156.605979    0.361312    2.140230
   79.557596  156.602602    0.390746    2.417174
   79.556163  156.599232    0.366470    2.188862
   79.553299  156.592507    0.388522    2.396417
   79.551868  156.589151    0.352794    2.060366
   79.550437  156.585797    0.326945    1.817248
   79.549007  156.582444    0.374415    2.263865
   79.547577  156.579089    0.364999    2.175337
   79.544719  156.572363    0.415312    2.648758
   79.543291  156.568998    0.388211    2.393866
   79.541863  156.565633    0.412631    2.623651
   79.540436  156.562269    0.332663    1.871417
   79.539009  156.558907    0.357008    2.100489
   79.537583  156.555547    0.384648    2.360559
   79.536157  156.552190    0.356374    2.094632
   79.534732  156.548845    0.370250    2.225227
   79.533307  156.545502    0.392760    2.437040
   79.531882  156.542159    0.362965    2.156799
   79.530458  156.538814    0.339499    1.936102
   79.529034  156.535456    0.402130    2.525345
   79.527610  156.532093    0.343783    1.976510
   79.526186  156.528727    0.356177    2.093154
   79.524761  156.525358    0.317519    1.729541
   79.523334  156.521990    0.380883    2.325684
   79.521905  156.518622    0.356208    2.093611
   79.520475  156.515255    0.391177    2.422632
   79.519043  156.511891    0.390858    2.419684
   79.517609  156.508534    0.336632    1.909616
   79.516173  156.505181    0.384865    2.363410
   79.514737  156.501831    0.407691    2.578199
   79.513300  156.498482    0.370316    2.226655
   79.511864  156.495134    0.383957    2.355031
   79.507557  156.485091    0.373643    2.258167
   79.506122  156.481738    0.381199    2.329302
   79.504686  156.478385    0.382588    2.342417
   79.503252  156.475034    0.363085    2.159008
   79.498957  156.465034    0.361772    2.146817
   79.497527  156.461714    0.379517    2.313805
   79.496099  156.458399    0.386247    2.377163
   79.494673  156.455086    0.386763    2.382076
   79.493248  156.451774    0.411967    2.619232
   79.491823  156.448463    0.385535    2.370628
   79.490398  156.445151    0.377040    2.290762
   79.488972  156.441837    0.382015    2.337626
   79.487546  156.438522    0.364570    2.173561
   79.486119  156.435204    0.386813    2.382863
   79.484692  156.431882    0.361633    2.146041
   79.483264  156.428553    0.317298    1.729019
   79.481836  156.425220    0.336570    1.910376
   79.478978  156.418554    0.319071    1.745864
   79.476119  156.411906    0.339215    1.935467
   79.474688  156.408583    0.370065    2.225739
   79.473257  156.405259    0.349110    2.028663
   79.470392  156.398589    0.223201    0.844300
   79.468958  156.395252    0.255819    1.151211
   79.467524  156.391916    0.335349    1.899430
   79.464655  156.385256    0.346215    2.001756
   79.463220  156.381932    0.296854    1.537457
   79.461785  156.378611    0.238551    0.989035
   79.458916  156.371991    0.244969    1.049515
   79.457482  156.368687    0.410391    2.605750
   79.456049  156.365388    0.250128    1.098151
   79.454615  156.362093    0.269913    1.284333
   79.453183  156.358802    0.267796    1.264467
   79.451750  156.355510    0.303385    1.599323
   79.450318  156.352217    0.299892    1.566517
   79.448887  156.348914    0.316774    1.725387
   79.447457  156.345607    0.351652    2.053546
   79.446027  156.342301    0.319478    1.750934
   79.443169  156.335694    0.280792    1.387100
   79.441742  156.332397    0.295738    1.527764
   79.438888  156.325809    0.340485    1.948815
   79.437462  156.322521    0.249891    1.096626
   79.436036  156.319234    0.270059    1.286403
   79.431758  156.309371    0.284658    1.423900
   79.430331  156.306078    0.269505    1.281411
   79.428904  156.302781    0.300677    1.574712
   79.427475  156.299478    0.337898    1.924913
   79.426046  156.296156    0.279024    1.371119
   79.424616  156.292827    0.284029    1.418259
   79.423184  156.289498    0.318553    1.743089
   79.421751  156.286175    0.262044    1.211544
   79.420316  156.282874    0.266773    1.256081
   79.418879  156.279583    0.281257    1.392399
   79.417442  156.276300    0.246354    1.064102
   79.416004  156.273020    0.300872    1.577027
   79.414566  156.269744    0.292913    1.502205
   79.411690  156.263191    0.224637    0.860019
   79.410253  156.259911    0.182995    0.468338
   79.408819  156.256612    0.149606    0.318614
   79.405954  156.250005    0.233388    0.942560
   79.404522  156.246706    0.173333    0.377659
   79.403091  156.243424    0.291595    1.490244
   79.401660  156.240151    0.235023    0.958105
   79.398798  156.233624    0.151421    0.322479
   79.397368  156.230370    0.120415    0.256446
   79.395937  156.227120    0.364068    2.172285
   79.394506  156.223871    0.300468    1.574036
   79.393076  156.220619    0.337924    1.926450
   79.390214  156.214092    0.256201    1.157763
   79.387352  156.207547    0.251114    1.110010
   79.385920  156.204265    0.281995    1.400578
   79.384487  156.200979    0.309736    1.661598
   79.383054  156.197693    0.284722    1.426334
   79.378756  156.187850    0.175349    0.397581
   79.377323  156.184575    0.219259    0.810712
   79.375890  156.181301    0.294082    1.514650
   79.374456  156.178030    0.153986    0.327943
   79.373021  156.174759    0.289911    1.475523
   79.371587  156.171487    0.213431    0.756103
   79.370152  156.168215    0.229682    0.909029
   79.368718  156.164936    0.194053    0.573913
   79.367284  156.161655    0.208698    0.711733
   79.365849  156.158377    0.284527    1.425133
   79.364414  156.155101    0.290222    1.478763
   79.362977  156.151834    0.251955    1.118823
   79.358664  156.142066    0.256148    1.158429
   79.357226  156.138822    0.215465    0.775762
   79.355789  156.135581    0.273175    1.318711
   79.354353  156.132342    0.318094    1.741334
   79.352917  156.129102    0.312948    1.692970
   79.350046  156.122602    0.242310    1.028560
   79.348612  156.119351    0.253902    1.137662
   79.347178  156.116102    0.281740    1.399601
   79.345745  156.112861    0.278784    1.371840
   79.342881  156.106392    0.214312    0.765436
   79.341449  156.103162    0.351266    2.053863
   79.340019  156.099937    0.310953    1.674674
   79.338589  156.096714    0.288058    1.459346
   79.337159  156.093490    0.281777    1.400313
   79.335729  156.090265    0.306136    1.629514
   79.334299  156.087030    0.240401    1.011184
   79.332869  156.083791    0.211864    0.742778
   79.331438  156.080550    0.286180    1.441946
   79.330006  156.077307    0.308948    1.656183
   79.328572  156.074065    0.352332    2.064362
   79.327137  156.070822    0.247048    1.073972
   79.325702  156.067578    0.259873    1.194674
   79.324266  156.064332    0.253071    1.130736
   79.322831  156.061082    0.193235    0.567894
   79.321396  156.057830    0.177127    0.416412
   79.318525  156.051330    0.204019    0.669498
   79.317087  156.048086    0.246636    1.070468
   79.315649  156.044845    0.179342    0.437462
   79.314211  156.041608    0.161563    0.344080
   79.312773  156.038373    0.158067    0.336633
   79.311338  156.035144    0.214257    0.766076
   79.309904  156.031917    0.226564    0.881904
   79.308470  156.028693    0.007945    0.016920
   79.307036  156.025470    0.231367    0.927197
   79.304168  156.019026    0.157507    0.335442
   79.302734  156.015807    0.136982    0.291729
   79.301300  156.012592    0.255445    1.153910
   79.299867  156.009387    0.126722    0.269878
   79.298433  156.006187    0.171858    0.367693
   79.296999  156.002988    0.170912    0.363991
   79.295566  155.999790    0.220024    0.820909
   79.294132  155.996587    0.181989    0.463155
   79.292698  155.993383    0.208462    0.712242
   79.291264  155.990177    0.208899    0.716404
   79.289830  155.986970    0.248424    1.088284
   79.288396  155.983762    0.227214    0.888810
   79.286962  155.980552    0.160738    0.342322
   79.284093  155.974126    0.175760    0.404915
   79.282659  155.970906    0.177043    0.417039
   79.281224  155.967683    0.183313    0.476077
   79.279790  155.964459    0.234913    0.961554
   79.276920  155.958016    0.229179    0.907713
   79.275483  155.954798    0.245624    1.062472
   79.274047  155.951581    0.137035    0.291842
   79.272611  155.948364    0.237572    0.986833
   79.269741  155.941922    0.222327    0.843518
   79.268306  155.938704    0.217770    0.800703
   79.265436  155.932284    0.211228    0.739261
   79.264000  155.929084    0.192984    0.567690
   79.262565  155.925889    0.240280    1.012668
   79.261129  155.922700    0.181936    0.463867
   79.259693  155.919518    0.144041    0.306762
   79.258257  155.916341    0.100676    0.214410
   79.255386  155.909989    0.171378    0.364983
   79.253950  155.906806    0.185051    0.493429
   79.252514  155.903620    0.165609    0.352697
   79.251077  155.900432    0.137487    0.292806
   79.249640  155.897244    0.165172    0.351765
   79.248203  155.894057    0.161866    0.344724
   79.246766  155.890871    0.134714    0.286900
   79.245329  155.887685    0.126506    0.269419
   79.243892  155.884501    0.156374    0.333028
   79.242455  155.881319    0.144033    0.306746
   79.241019  155.878140    0.182348    0.468472
   79.239583  155.874961    0.200176    0.636245
   79.238147  155.871783    0.166704    0.355029
   79.236710  155.868606    0.197466    0.610853
   79.235272  155.865430    0.220346    0.826140
   79.233835  155.862253    0.130317    0.277535
   79.232399  155.859076    0.133416    0.284134
   79.230964  155.855898    0.148759    0.316810
   79.229529  155.852718    0.114469    0.243783
   79.226660  155.846352    0.092407    0.196799
   79.225226  155.843158    0.152575    0.324938
   79.223792  155.839962    0.100165    0.213321
   79.222357  155.836765    0.147257    0.313612
   79.220923  155.833571    0.182062    0.466520
   79.219487  155.830387    0.160947    0.342768
   79.218050  155.827208    0.176575    0.415005
   79.215176  155.820858    0.046993    0.100081
   79.213737  155.817684    0.086507    0.184233
   79.212298  155.814511    0.153145    0.326151
   79.210859  155.811340    0.130932    0.278846
   79.209420  155.808171    0.177242    0.421601
   79.207982  155.805007    0.181615    0.462786
   79.206543  155.801846    0.092966    0.197989
   79.205105  155.798686    0.113225    0.241135
   79.202228  155.792374    0.070264    0.149640
   79.200788  155.789219    0.219567    0.820079
   79.199349  155.786065    0.088801    0.189118
   79.196470  155.779751    0.181417    0.461344
   79.195031  155.776590    0.164312    0.349934
   79.193592  155.773429    0.221021    0.834019
   79.192154  155.770267    0.174055    0.392253
   79.190717  155.767104    0.103110    0.219593
   79.187844  155.760780    0.172991    0.382402
   79.186407  155.757622    0.187988    0.523537
   79.184970  155.754470    0.162995    0.347128
   79.182096  155.748175    0.261474    1.214997
   79.180659  155.745029    0.137932    0.293754
   79.179224  155.741882    0.141133    0.300570
   79.177789  155.738735    0.142254    0.302956
   79.176355  155.735587    0.177220    0.422599
   79.174921  155.732437    0.169871    0.361773
   79.173489  155.729283    0.111270    0.236970
   79.172057  155.726127    0.102726    0.218774
   79.167758  155.716664    0.175071    0.402695
   79.166323  155.713515    0.226552    0.887051
   79.164887  155.710368    0.165815    0.353136
   79.163450  155.707225    0.218256    0.809107
   79.162012  155.704088    0.235589    0.972216
   79.160574  155.700956    0.248984    1.098276
   79.159135  155.697825    0.186677    0.512183
   79.156256  155.691566    0.142441    0.303356
   79.154816  155.688436    0.165778    0.353056
   79.153375  155.685305    0.179172    0.441786
   79.151935  155.682173    0.096469    0.205448
   79.150494  155.679037    0.215818    0.786633
   79.147613  155.672766    0.209146    0.723969
   79.146172  155.669633    0.125654    0.267605
   79.143292  155.663391    0.241387    1.027425
   79.141852  155.660273    0.187888    0.524189
   79.140413  155.657156    0.155206    0.330541
   79.137538  155.650913    0.108501    0.231073
   79.136101  155.647789    0.144146    0.306986
   79.134664  155.644663    0.241474    1.028548
   79.133226  155.641532    0.180154    0.451741
   79.131789  155.638399    0.249429    1.103485
   79.130352  155.635265    0.215971    0.788785
   79.128914  155.632130    0.206105    0.696025
   79.127477  155.628995    0.141948    0.302305
   79.126039  155.625860    0.125899    0.268127
   79.124601  155.622727    0.170433    0.362970
   79.123163  155.619596    0.183141    0.480203
   79.121725  155.616474    0.185687    0.504210
   79.113105  155.597714    0.275296    1.347492
   79.111669  155.594583    0.165046    0.351498
   79.110232  155.591459    0.162316    0.345684
   79.107355  155.585230    0.275896    1.353347
   79.105915  155.582123    0.119856    0.255257
   79.104476  155.579027    0.239677    1.012727
   79.103036  155.575936    0.119686    0.254894
   79.101596  155.572848    0.198822    0.628492
   79.100156  155.569762    0.146143    0.311240
   79.098717  155.566675    0.245136    1.064283
   79.095839  155.560497    0.256903    1.175086
   79.094399  155.557405    0.239022    1.006922
   79.092960  155.554306    0.182188    0.472317
   79.090079  155.548102    0.206473    0.700874
   79.088638  155.544997    0.174264    0.397923
   79.085751  155.538787    0.179834    0.450423
   79.084308  155.535682    0.228616    0.909390
   79.082865  155.532579    0.244763    1.061337
   79.078548  155.523288    0.104977    0.223569
   79.075672  155.517089    0.230793    0.930177
   79.074234  155.513985    0.207250    0.708751
   79.072797  155.510880    0.142890    0.304311
   79.071360  155.507777    0.187409    0.522202
   79.069924  155.504676    0.311576    1.690337
   79.068490  155.501577    0.283861    1.429657
   79.067055  155.498481    0.243080    1.046074
   79.065619  155.495388    0.262296    1.226891
   79.064182  155.492304    0.185528    0.504761
   79.062744  155.489224    0.157014    0.334391
   79.056985  155.476914    0.195094    0.595013
   79.055545  155.473835    0.201526    0.655573
   79.054104  155.470754    0.251703    1.127654
   79.052664  155.467664    0.215029    0.782697
   79.051224  155.464572    0.182315    0.475002
   79.049783  155.461482    0.281460    1.407740
   79.046901  155.455318    0.203803    0.677298
   79.045459  155.452248    0.157900    0.336278
   79.044017  155.449180    0.270377    1.303684
   79.042574  155.446115    0.165053    0.351513
   79.041131  155.443050    0.248056    1.093805
   79.039688  155.439985    0.225655    0.883120
   79.038246  155.436919    0.231310    0.936375
   79.036804  155.433852    0.292036    1.507699
