Converting ICESat/GLAS binary freeboard vector data to ASCII
Wed Feb 12 09:56:20 2014

write_fb:
  file_in:       laser3k0004002.dat
  laser_period:  3k
  track:         0004
  cycle:         002
  file_out:      laser3k0004002.txt
  non_zero_only:        0
  nan_replace:       -999

read_fb:
  Year:                  2008
  Month:                   10
  Day:                      9
  Hour:                    14
  Minute:                  52
  Doy:                    283
  record_count:          1009
  non_zero_count:        1005
  nan_count:                0

    Latitude   Longitude   Freeboard   Thickness
   81.368222  128.052852    0.361287    2.530341
   81.358637  128.018866    0.273555    1.706205
   81.357270  128.014026    0.385786    2.762162
   81.355904  128.009181    0.274988    1.720024
   81.354536  128.004327    0.259159    1.571280
   81.353167  127.999471    0.240293    1.393971
   81.351798  127.994614    0.429867    3.177533
   81.349055  127.984907    0.276556    1.735617
   81.347681  127.980057    0.175598    0.786045
   81.346307  127.975209    0.358189    2.503907
   81.344932  127.970365    0.194946    0.968398
   81.343556  127.965525    0.274667    1.718525
   81.342180  127.960686    0.462268    3.483522
   81.340803  127.955849    0.480273    3.653071
   81.339426  127.951008    0.324114    2.184205
   81.338048  127.946162    0.502407    3.861634
   81.336671  127.941318    0.537847    4.195202
   81.335293  127.936478    0.285022    1.816965
   81.333916  127.931648    0.293194    1.894012
   81.332540  127.926834    0.289240    1.856988
   81.331164  127.922025    0.191901    0.941448
   81.329789  127.917220    0.168010    0.716869
   81.328416  127.912416    0.261543    1.596935
   81.327044  127.907609    0.477070    3.624645
   81.325672  127.902801    0.342542    2.359262
   81.324301  127.897992    0.469847    3.557034
   81.322930  127.893176    0.359691    2.520926
   81.321558  127.888350    0.475188    3.607621
   81.320185  127.883524    0.562471    4.428893
   81.318813  127.878705    0.385645    2.765599
   81.317442  127.873901    0.482661    3.678430
   81.316072  127.869124    0.348452    2.416052
   81.314701  127.864354    0.221233    1.219427
   81.313331  127.859585    0.296120    1.924082
   81.311962  127.854809    0.146220    0.514093
   81.310592  127.850016    0.142214    0.476573
   81.309223  127.845217    0.217000    1.180277
   81.307853  127.840413    0.253033    1.519425
   81.306483  127.835604    0.160128    0.645607
   81.305111  127.830788    0.210689    1.121417
   81.303740  127.825971    0.156708    0.613777
   81.302367  127.821157    0.150737    0.557775
   81.300993  127.816351    0.227652    1.281505
   81.299618  127.811562    0.200457    1.025845
   81.298242  127.806777    0.237798    1.377293
   81.295488  127.797207    0.274083    1.718980
   81.294109  127.792412    0.271118    1.691255
   81.292729  127.787616    0.237128    1.371673
   81.291349  127.782822    0.257287    1.561489
   81.289970  127.778030    0.290511    1.874206
   81.287214  127.768460    0.139078    0.449970
   81.285837  127.763681    0.240535    1.404575
   81.284460  127.758906    0.242224    1.420636
   81.283083  127.754138    0.188130    0.911926
   81.281706  127.749373    0.231954    1.324364
   81.280329  127.744610    0.358179    2.511978
   81.278952  127.739848    0.401177    2.916640
   81.276199  127.730319    0.219209    1.205151
   81.274823  127.725558    0.267046    1.655337
   81.272073  127.716051    0.251315    1.507689
   81.270700  127.711303    0.214069    1.157477
   81.267954  127.701808    0.212327    1.141427
   81.266582  127.697056    0.197886    1.005749
   81.263837  127.687546    0.213004    1.148303
   81.262464  127.682785    0.213426    1.152446
   81.261089  127.678018    0.168427    0.729295
   81.259714  127.673250    0.188151    0.915021
   81.258338  127.668483    0.212223    1.141639
   81.256964  127.663721    0.225074    1.262708
   81.255590  127.658970    0.184771    0.883738
   81.254217  127.654222    0.198125    1.009534
   81.252843  127.649474    0.251329    1.510205
   81.247339  127.630460    0.212828    1.148699
   81.245959  127.625719    0.048563    0.101151
   81.244578  127.620994    0.153539    0.591290
   81.243195  127.616275    0.445253    3.335716
   81.241813  127.611557    0.754115    6.241451
   81.240430  127.606837    0.947717    8.062901
   81.239049  127.602109    0.428345    3.177165
   81.237668  127.597380    0.426566    3.160603
   81.236287  127.592649    0.422495    3.122470
   81.234907  127.587916    0.473957    3.606765
   81.233527  127.583181    0.424702    3.143575
   81.232148  127.578447    0.539444    4.223163
   81.229392  127.568998    0.436313    3.253316
   81.228017  127.564292    0.505129    3.900866
   81.226642  127.559592    0.401946    2.930358
   81.225268  127.554895    0.369896    2.629023
   81.223894  127.550199    0.425631    3.153510
   81.222519  127.545501    0.489363    3.753227
   81.221144  127.540802    0.438220    3.272283
   81.219768  127.536101    0.139137    0.458876
   81.217014  127.526676    0.244335    1.448854
   81.215636  127.521956    0.428341    3.180027
   81.214258  127.517235    0.349611    2.439563
   81.210129  127.503086    0.349281    2.436969
   81.208752  127.498376    0.411801    3.025284
   81.207375  127.493671    0.359570    2.534105
   81.205996  127.488972    0.458183    3.461956
   81.204617  127.484278    0.376064    2.689611
   81.203238  127.479587    0.437822    3.270761
   81.201859  127.474902    0.389598    2.817268
   81.200481  127.470222    0.454648    3.429388
   81.199103  127.465544    0.368676    2.620800
   81.197726  127.460867    0.442333    3.313886
   81.196348  127.456186    0.374305    2.674101
   81.194969  127.451498    0.422384    3.126570
   81.193591  127.446812    0.371148    2.644750
   81.192213  127.442129    0.344211    2.391511
   81.190834  127.437454    0.244690    1.455459
   81.189456  127.432793    0.460024    3.481352
   81.188078  127.428137    0.357652    2.518478
   81.186699  127.423482    0.375344    2.685086
   81.185320  127.418826    0.460832    3.489468
   81.183939  127.414165    0.388027    2.804747
   81.182559  127.409502    0.364280    2.581520
   81.181178  127.404837    0.304006    2.014677
   81.179797  127.400171    0.379903    2.728839
   81.178416  127.395504    0.285559    1.841488
   81.177035  127.390836    0.253119    1.536485
   81.175655  127.386168    0.444691    3.338844
   81.170142  127.367521    0.423312    3.138421
   81.168764  127.362867    0.354444    2.490723
   81.163244  127.344274    0.395276    2.875533
   81.161866  127.339620    0.237601    1.392408
   81.160489  127.334966    0.000000    0.000000
   81.154978  127.316357    0.337790    2.335786
   81.146692  127.288465    0.424321    3.150843
   81.145307  127.283841    0.342719    2.383360
   81.143921  127.279221    0.332444    2.286871
   81.139769  127.265361    0.336977    2.330041
   81.138389  127.260737    0.482621    3.700332
   81.137008  127.256112    0.464621    3.531174
   81.135627  127.251488    0.465686    3.541364
   81.134245  127.246864    0.392125    2.849526
   81.132863  127.242241    0.421474    3.125792
   81.131482  127.237622    0.152010    0.591027
   81.130102  127.233008    0.307612    2.054998
   81.128723  127.228401    0.170130    0.761837
   81.127345  127.223797    0.167367    0.736016
   81.125967  127.219193    0.187992    0.930215
   81.123209  127.209982    0.169444    0.756070
   81.121828  127.205373    0.079147    0.164855
   81.120448  127.200764    0.074177    0.154503
   81.119067  127.196154    0.272683    1.727798
   81.117686  127.191544    0.302005    2.003812
   81.116305  127.186933    0.393664    2.866253
   81.114924  127.182323    0.259492    1.604224
   81.113543  127.177714    0.300595    1.991060
   81.112162  127.173104    0.322757    2.199718
   81.110782  127.168496    0.371508    2.658513
   81.109400  127.163891    0.277604    1.775304
   81.108018  127.159288    0.275264    1.753463
   81.106634  127.154689    0.248466    1.501534
   81.105250  127.150095    0.357705    2.529359
   81.101099  127.136348    0.169650    0.760778
   81.099718  127.131779    0.336912    2.334446
   81.098336  127.127211    0.345565    2.416017
   81.096955  127.122644    0.334596    2.313001
   81.095574  127.118073    0.246474    1.484178
   81.094193  127.113503    0.401740    2.944988
   81.092811  127.108935    0.296946    1.959337
   81.091429  127.104371    0.188283    0.937277
   81.090044  127.099814    0.108151    0.225268
   81.088659  127.095258    0.116937    0.266449
   81.085888  127.086139    0.308424    2.068180
   81.084503  127.081571    0.433230    3.242443
   81.083117  127.077000    0.368939    2.637812
   81.081731  127.072426    0.276388    1.767322
   81.080345  127.067848    0.389935    2.835671
   81.078959  127.063267    0.196881    1.019723
   81.077573  127.058685    0.213124    1.172698
   81.076186  127.054105    0.154367    0.620124
   81.074800  127.049530    0.163366    0.704958
   81.073412  127.044964    0.279928    1.801667
   81.072025  127.040401    0.117959    0.278143
   81.070638  127.035841    0.196888    1.020827
   81.069252  127.031284    0.218403    1.223405
   81.067866  127.026727    0.340485    2.372043
   81.066481  127.022171    0.278452    1.788649
   81.065096  127.017614    0.351838    2.479195
   81.063713  127.013054    0.345233    2.417230
   81.062332  127.008488    0.453262    3.433666
   81.060952  127.003923    0.348375    2.447133
   81.059572  126.999361    0.340419    2.372462
   81.058192  126.994807    0.407971    3.008116
   81.056812  126.990268    0.408017    3.008726
   81.055431  126.985733    0.457470    3.474117
   81.054050  126.981201    0.443286    3.340864
   81.052668  126.976667    0.307335    2.062097
   81.051285  126.972126    0.236470    1.395617
   81.049901  126.967586    0.302212    2.014252
   81.048517  126.963046    0.390725    2.847094
   81.047132  126.958510    0.536126    4.215100
   81.045746  126.953979    0.356867    2.528924
   81.044359  126.949450    0.503338    3.907007
   81.042973  126.944921    0.420549    3.128357
   81.041586  126.940393    0.492732    3.807578
   81.040200  126.935861    0.393129    2.870756
   81.038814  126.931331    0.386220    2.805932
   81.037428  126.926803    0.379348    2.741456
   81.036041  126.922279    0.398608    2.922817
   81.034654  126.917761    0.598113    4.799802
   81.033267  126.913245    0.327404    2.253322
   81.031881  126.908729    0.477226    3.662919
   81.030494  126.904212    0.412049    3.049954
   81.029109  126.899690    0.452141    3.427286
   81.027724  126.895167    0.328105    2.260613
   81.026339  126.890644    0.413504    3.064161
   81.024955  126.886120    0.421435    3.138952
   81.023571  126.881595    0.179330    0.861558
   81.022188  126.877071    0.146823    0.555925
   81.020805  126.872548    0.149830    0.584390
   81.019422  126.868027    0.176400    0.834519
   81.018038  126.863507    0.346614    2.435951
   81.016655  126.858990    0.389048    2.835315
   81.015272  126.854478    0.386828    2.814600
   81.013890  126.849972    0.355773    2.522630
   81.012510  126.845476    0.339586    2.370528
   81.011131  126.840983    0.367915    2.637205
   81.009751  126.836492    0.284393    1.851660
   81.008372  126.831998    0.381192    2.762454
   81.006991  126.827498    0.320792    2.194425
   81.005610  126.822997    0.394053    2.883783
   81.002844  126.813992    0.323870    2.223898
   81.001459  126.809488    0.259468    1.618218
   81.000074  126.804985    0.393912    2.883153
   80.998688  126.800486    0.412174    3.055130
   80.997301  126.795993    0.347684    2.448623
   80.995913  126.791509    0.372818    2.685238
   80.994526  126.787030    0.380084    2.753767
   80.993137  126.782553    0.330726    2.289613
   80.991749  126.778077    0.342075    2.396557
   80.990360  126.773600    0.435155    3.272357
   80.988971  126.769123    0.367500    2.636086
   80.987581  126.764646    0.585132    4.683594
   80.986191  126.760166    0.429823    3.222724
   80.984799  126.755682    0.365440    2.617225
   80.982017  126.746718    0.552894    4.381016
   80.980627  126.742243    0.490396    3.793251
   80.979240  126.737780    0.481900    3.713498
   80.977853  126.733320    0.538013    4.241554
   80.976467  126.728859    0.367465    2.637324
   80.975082  126.724395    0.354608    2.516548
   80.973697  126.719921    0.243760    1.473938
   80.972313  126.715446    0.206831    1.126709
   80.970929  126.710972    0.272723    1.746751
   80.969545  126.706501    0.302185    2.024078
   80.968161  126.702037    0.304125    2.042504
   80.966776  126.697576    0.213533    1.190450
   80.965392  126.693119    0.388089    2.832731
   80.964006  126.688665    0.249296    1.527230
   80.962620  126.684216    0.264899    1.674186
   80.961234  126.679769    0.447528    3.392417
   80.959847  126.675322    0.524043    4.112393
   80.958460  126.670873    0.449377    3.410159
   80.957073  126.666418    0.274141    1.761830
   80.955686  126.661963    0.334605    2.330809
   80.952910  126.653065    0.000000    0.000000
   80.948740  126.639768    0.397211    2.920639
   80.945960  126.630908    0.382191    2.779688
   80.944570  126.626479    0.409723    3.038861
   80.943180  126.622053    0.269486    1.719776
   80.941790  126.617632    0.238776    1.431051
   80.940401  126.613217    0.418048    3.117703
   80.939011  126.608805    0.292475    1.936572
   80.937622  126.604397    0.270688    1.731780
   80.936233  126.599993    0.390038    2.854720
   80.934842  126.595593    0.284577    1.862789
   80.933451  126.591193    0.257243    1.605826
   80.932060  126.586791    0.399751    2.946618
   80.930670  126.582383    0.284418    1.861820
   80.927893  126.573541    0.338964    2.375301
   80.926505  126.569120    0.439992    3.325883
   80.925116  126.564707    0.481467    3.716226
   80.923726  126.560307    0.535525    4.224939
   80.922337  126.555910    0.482857    3.729652
   80.919558  126.547109    0.371906    2.686242
   80.916782  126.538277    0.515956    4.041720
   80.915395  126.533859    0.477381    3.679003
   80.914008  126.529439    0.451123    3.432157
   80.912622  126.525019    0.463704    3.550683
   80.911235  126.520602    0.559625    4.453226
   80.909848  126.516188    0.515966    4.042680
   80.908462  126.511780    0.560749    4.464147
   80.907075  126.507382    0.403911    2.988886
   80.905688  126.502987    0.443736    3.363707
   80.904300  126.498596    0.349188    2.474436
   80.902911  126.494206    0.468932    3.601082
   80.901520  126.489816    0.442349    3.351179
   80.900129  126.485427    0.417074    3.113585
   80.898736  126.481039    0.404413    2.994654
   80.897343  126.476651    0.463656    3.552144
   80.895949  126.472264    0.317379    2.176238
   80.894555  126.467878    0.514094    4.026981
   80.893160  126.463493    0.383805    2.801480
   80.891765  126.459107    0.395995    2.916329
   80.890370  126.454721    0.458195    3.501639
   80.888975  126.450337    0.407553    3.025410
   80.887581  126.445955    0.389593    2.856630
   80.886186  126.441577    0.278599    1.812642
   80.884792  126.437203    0.367634    2.650397
   80.883397  126.432833    0.303295    2.045319
   80.882004  126.428465    0.458455    3.505129
   80.880612  126.424099    0.397345    2.930426
   80.879221  126.419735    0.401821    2.972710
   80.877831  126.415373    0.364836    2.624952
   80.876442  126.411011    0.212409    1.191190
   80.875053  126.406648    0.282875    1.854263
   80.873664  126.402280    0.382172    2.788552
   80.872275  126.397914    0.482907    3.736376
   80.870887  126.393550    0.355407    2.537120
   80.869499  126.389194    0.376019    2.731190
   80.868112  126.384850    0.373785    2.710348
   80.866726  126.380508    0.377971    2.749902
   80.865339  126.376167    0.271126    1.744949
   80.863952  126.371823    0.533001    4.208669
   80.862563  126.367471    0.335988    2.355479
   80.861174  126.363116    0.205170    1.124996
   80.859784  126.358760    0.170429    0.798358
   80.858393  126.354402    0.266159    1.699089
   80.855606  126.345683    0.398511    2.944523
   80.854212  126.341327    0.456299    3.488328
   80.852818  126.336977    0.385492    2.822391
   80.851424  126.332638    0.159989    0.701187
   80.850031  126.328302    0.263457    1.674718
   80.848637  126.323967    0.365522    2.635052
   80.847244  126.319631    0.316343    2.172588
   80.845852  126.315289    0.490578    3.811849
   80.844460  126.310947    0.125419    0.376845
   80.843068  126.306606    0.390801    2.873563
   80.841674  126.302267    0.522057    4.108510
   80.840280  126.297931    0.335430    2.353027
   80.838884  126.293599    0.336298    2.361367
   80.837489  126.289271    0.260538    1.648845
   80.836094  126.284949    0.389042    2.857896
   80.834700  126.280638    0.368471    2.664559
   80.833306  126.276329    0.372548    2.703087
   80.831912  126.272018    0.196649    1.048521
   80.830517  126.267700    0.341881    2.414948
   80.829120  126.263368    0.433234    3.274509
   80.827723  126.259033    0.237986    1.437925
   80.826327  126.254697    0.198103    1.062909
   80.824933  126.250363    0.336766    2.367534
   80.823541  126.246037    0.400834    2.970424
   80.822151  126.241713    0.418516    3.136936
   80.820762  126.237390    0.346735    2.461848
   80.819374  126.233066    0.379058    2.766096
   80.817985  126.228739    0.317086    2.183285
   80.816597  126.224414    0.393790    2.905045
   80.815209  126.220093    0.253227    1.582893
   80.813819  126.215778    0.223914    1.307312
   80.812428  126.211474    0.386427    2.836308
   80.811037  126.207173    0.321096    2.221894
   80.809645  126.202874    0.375748    2.736192
   80.808254  126.198575    0.381369    2.789252
   80.806865  126.194271    0.339831    2.398671
   80.805476  126.189968    0.353464    2.527097
   80.804086  126.185666    0.332786    2.332746
   80.802696  126.181365    0.424796    3.198493
   80.801304  126.177067    0.359188    2.581466
   80.799911  126.172770    0.393726    2.906560
   80.798518  126.168476    0.356355    2.555171
   80.797124  126.164186    0.363892    2.626252
   80.795730  126.159901    0.328552    2.293974
   80.794334  126.155617    0.103957    0.216533
   80.792938  126.151333    0.255176    1.604060
   80.791541  126.147045    0.352606    2.520787
   80.790141  126.142750    0.344955    2.448991
   80.788740  126.138454    0.371590    2.699731
   80.787339  126.134158    0.387352    2.848192
   80.785939  126.129863    0.407388    3.036857
   80.784538  126.125571    0.795570    6.688793
   80.783139  126.121282    0.329631    2.305727
   80.781740  126.116994    0.372485    2.709043
   80.780344  126.112708    0.339177    2.395879
   80.778950  126.108424    0.374338    2.726831
   80.777558  126.104143    0.413625    3.096593
   80.776166  126.099864    0.392293    2.896087
   80.774775  126.095586    0.310307    2.124999
   80.773384  126.091310    0.346112    2.462000
   80.771993  126.087036    0.353377    2.530521
   80.770602  126.082764    0.533355    4.223820
   80.769212  126.078495    0.396894    2.940258
   80.767823  126.074230    0.402568    2.993810
   80.766433  126.069966    0.423400    3.189962
   80.765043  126.065701    0.406338    3.029632
   80.763653  126.061432    0.378365    2.766652
   80.762262  126.057154    0.241006    1.474654
   80.760871  126.052875    0.274158    1.786699
   80.759478  126.048598    0.367029    2.660549
   80.758084  126.044328    0.415618    3.117820
   80.756688  126.040069    0.307530    2.101170
   80.755292  126.035812    0.403559    3.004733
   80.753894  126.031557    0.294663    1.980481
   80.752496  126.027302    0.332940    2.340745
   80.751098  126.023042    0.296716    2.000149
   80.749699  126.018781    0.368656    2.677095
   80.748300  126.014517    0.235055    1.420444
   80.746901  126.010248    0.318084    2.201705
   80.745502  126.005971    0.459123    3.528685
   80.744103  126.001693    0.291296    1.950052
   80.742704  125.997417    0.350443    2.506651
   80.741305  125.993147    0.400494    2.977670
   80.739904  125.988885    0.319176    2.212867
   80.738504  125.984629    0.334957    2.361499
   80.737104  125.980380    0.259988    1.656417
   80.735704  125.976139    0.309272    2.120233
   80.734305  125.971909    0.247961    1.543630
   80.732906  125.967683    0.384066    2.824198
   80.731509  125.963458    0.108087    0.228146
   80.730112  125.959229    0.351158    2.514977
   80.728717  125.954991    0.180486    0.909580
   80.727322  125.950752    0.061986    0.129111
   80.725928  125.946513    0.000000    0.000000
   80.724535  125.942279    0.577769    4.647490
   80.723143  125.938052    0.339756    2.408600
   80.721752  125.933828    0.267087    1.725154
   80.720361  125.929606    0.268687    1.740380
   80.718971  125.925387    0.331184    2.328493
   80.717581  125.921171    0.369249    2.686757
   80.716191  125.916955    0.458467    3.526235
   80.714800  125.912741    0.325556    2.276073
   80.713409  125.908527    0.270193    1.755432
   80.712017  125.904313    0.291540    1.956434
   80.710623  125.900099    0.323330    2.255667
   80.709229  125.895881    0.276876    1.818835
   80.707834  125.891658    0.224777    1.328896
   80.706439  125.887424    0.136476    0.498401
   80.705043  125.883189    0.122216    0.364433
   80.703646  125.878957    0.365332    2.651679
   80.702248  125.874732    0.263317    1.692174
   80.700849  125.870522    0.340755    2.420830
   80.699448  125.866317    0.243199    1.503268
   80.698047  125.862114    0.227306    1.353940
   80.696645  125.857911    0.189494    0.998405
   80.695242  125.853704    0.050124    0.104403
   80.693839  125.849496    0.000000    0.000000
   80.692436  125.845289    0.115575    0.303557
   80.691034  125.841080    0.220916    1.294719
   80.686840  125.828454    0.016064    0.033461
   80.682649  125.815895    0.549134    4.383436
   80.681252  125.811718    0.142273    0.556143
   80.679856  125.807540    0.106201    0.221206
   80.678459  125.803359    0.185984    0.967695
   80.677063  125.799175    0.394593    2.930333
   80.675667  125.794989    0.254951    1.616848
   80.674272  125.790797    0.256367    1.630345
   80.672878  125.786596    0.290771    1.954173
   80.671484  125.782394    0.287435    1.922968
   80.670090  125.778192    0.127517    0.418749
   80.668696  125.773995    0.254333    1.611925
   80.667301  125.769808    0.358016    2.587483
   80.665905  125.765624    0.224764    1.334116
   80.664509  125.761442    0.296061    2.005003
   80.663112  125.757263    0.365512    2.658529
   80.661714  125.753083    0.255978    1.628289
   80.660316  125.748905    0.315590    2.189256
   80.658917  125.744728    0.263190    1.696489
   80.657519  125.740553    0.340794    2.426706
   80.656121  125.736380    0.355514    2.565362
   80.654724  125.732208    0.259844    1.665537
   80.653327  125.728036    0.350058    2.514394
   80.651930  125.723865    0.367238    2.676180
   80.650532  125.719692    0.360040    2.608651
   80.649134  125.715521    0.341981    2.438941
   80.647736  125.711353    0.323311    2.263479
   80.646335  125.707189    0.326091    2.289809
   80.644932  125.703032    0.315570    2.191008
   80.643529  125.698878    0.304555    2.087566
   80.642124  125.694726    0.394410    2.933042
   80.640720  125.690575    0.388398    2.876666
   80.639317  125.686422    0.281048    1.866965
   80.637914  125.682269    0.344827    2.467134
   80.636511  125.678117    0.257973    1.650248
   80.635110  125.673965    0.343446    2.454493
   80.633711  125.669814    0.343206    2.452416
   80.632312  125.665663    0.316089    2.197490
   80.630913  125.661514    0.355236    2.565938
   80.629516  125.657367    0.308679    2.128142
   80.628117  125.653223    0.353402    2.549035
   80.626720  125.649082    0.391418    2.906846
   80.625322  125.644942    0.278135    1.841331
   80.623926  125.640805    0.302211    2.068003
   80.622530  125.636672    0.373823    2.741850
   80.621135  125.632540    0.240740    1.490070
   80.619740  125.628408    0.372527    2.730012
   80.618345  125.624274    0.377829    2.780071
   80.616950  125.620137    0.297211    2.021845
   80.615555  125.615999    0.344172    2.463801
   80.614159  125.611857    0.286869    1.924908
   80.612762  125.607710    0.266950    1.737706
   80.611365  125.603554    0.340098    2.426007
   80.609966  125.599397    0.356049    2.576239
   80.608567  125.595243    0.334839    2.376889
   80.607167  125.591097    0.248929    1.568881
   80.604362  125.582839    0.311781    2.160511
   80.602959  125.578716    0.331388    2.345134
   80.601555  125.574592    0.292933    1.983560
   80.600151  125.570466    0.326964    2.303875
   80.598746  125.566339    0.234261    1.431963
   80.597342  125.562213    0.324870    2.284528
   80.595937  125.558086    0.275918    1.824199
   80.594533  125.553958    0.337454    2.403267
   80.593130  125.549830    0.413080    3.114891
   80.591727  125.545707    0.337567    2.404686
   80.590325  125.541590    0.214470    1.246851
   80.588925  125.537484    0.290356    1.960908
   80.587525  125.533382    0.258431    1.660759
   80.586126  125.529282    0.299501    2.047297
   80.584727  125.525181    0.325403    2.291147
   80.583327  125.521078    0.359568    2.612719
   80.581927  125.516974    0.259264    1.669306
   80.580528  125.512869    0.367347    2.686262
   80.579129  125.508763    0.305596    2.105527
   80.577730  125.504657    0.204813    1.157604
   80.576332  125.500551    0.153145    0.671717
   80.574935  125.496444    0.120595    0.365693
   80.573537  125.492337    0.396802    2.964238
   80.572139  125.488229    0.469105    3.644595
   80.570741  125.484123    0.321328    2.254588
   80.569343  125.480019    0.404777    3.039791
   80.567944  125.475922    0.586792    4.752244
   80.566545  125.471835    0.322912    2.270014
   80.565145  125.467750    0.441047    3.381535
   80.563744  125.463664    0.392689    2.926792
   80.562344  125.459573    0.474186    3.693641
   80.560943  125.455470    0.496553    3.904230
   80.556737  125.443150    0.373802    2.750003
   80.555335  125.439043    0.335334    2.388302
   80.553932  125.434940    0.204836    1.160841
   80.552529  125.430843    0.284328    1.908821
   80.551125  125.426757    0.208567    1.196290
   80.549721  125.422688    0.323832    2.280806
   80.548317  125.418626    0.413571    3.125192
   80.546912  125.414566    0.237630    1.470238
   80.545507  125.410507    0.383419    2.841897
   80.544102  125.406443    0.230799    1.406328
   80.542698  125.402378    0.200837    1.124645
   80.541293  125.398309    0.246937    1.558501
   80.539890  125.394233    0.281970    1.888246
   80.538488  125.390145    0.368317    2.700716
   80.537086  125.386057    0.303564    2.091738
   80.535684  125.381970    0.366202    2.681181
   80.532878  125.373824    0.331495    2.355038
   80.531475  125.369763    0.353528    2.562487
   80.530072  125.365705    0.178794    0.918882
   80.528670  125.361648    0.218258    1.290304
   80.527269  125.357591    0.377813    2.791476
   80.525870  125.353534    0.357650    2.601968
   80.524470  125.349477    0.274302    1.818069
   80.523071  125.345419    0.307187    2.127606
   80.521671  125.341359    0.307090    2.126870
   80.520271  125.337299    0.186166    0.989475
   80.518870  125.333237    0.279535    1.868011
   80.517470  125.329174    0.501098    3.952503
   80.516068  125.325105    0.348409    2.516284
   80.514667  125.321039    0.280457    1.877213
   80.513265  125.316975    0.358859    2.614945
   80.511864  125.312919    0.407552    3.073195
   80.510464  125.308877    0.508893    4.026720
   80.507662  125.300803    0.414139    3.135696
   80.506261  125.296767    0.388054    2.890489
   80.504858  125.292729    0.467025    3.633574
   80.503455  125.288691    0.359843    2.625454
   80.502052  125.284652    0.379524    2.810773
   80.500649  125.280611    0.389069    2.900747
   80.499246  125.276566    0.775953    6.540472
   80.497843  125.272522    0.357060    2.599988
   80.496440  125.268479    0.323565    2.285063
   80.495037  125.264441    0.263629    1.721401
   80.493635  125.260411    0.409574    3.094537
   80.492232  125.256384    0.399564    3.000544
   80.490830  125.252360    0.353198    2.564541
   80.489427  125.248338    0.319025    2.243244
   80.488024  125.244319    0.178478    0.921253
   80.485219  125.236277    0.219733    1.309711
   80.483816  125.232249    0.202426    1.147079
   80.482414  125.228211    0.135973    0.522113
   80.481012  125.224168    0.035065    0.073038
   80.479610  125.220124    0.408629    3.087438
   80.478205  125.216078    0.279347    1.871427
   80.476798  125.212032    0.259620    1.686029
   80.475391  125.207988    0.154961    0.701649
   80.473983  125.203948    0.249077    1.587212
   80.471170  125.195901    0.114439    0.320988
   80.469764  125.191889    0.245828    1.557187
   80.468360  125.187878    0.244966    1.549260
   80.465552  125.179835    0.257733    1.669727
   80.464149  125.175806    0.337496    2.420263
   80.461346  125.167756    0.375429    2.777478
   80.459946  125.163741    0.204327    1.168043
   80.458546  125.159731    0.294781    2.019149
   80.457145  125.155725    0.293175    2.004229
   80.455743  125.151723    0.334081    2.389222
   80.454339  125.147725    0.249742    1.595997
   80.452933  125.143731    0.308685    2.150673
   80.451527  125.139740    0.408901    3.093623
   80.450120  125.135752    0.245945    1.560818
   80.447304  125.127783    0.282892    1.908757
   80.445896  125.123798    0.258116    1.675865
   80.444488  125.119811    0.267125    1.760789
   80.443081  125.115817    0.278839    1.871175
   80.441674  125.111823    0.381928    2.841146
   80.440267  125.107829    0.364499    2.677365
   80.438861  125.103836    0.294067    2.014970
   80.436049  125.095862    0.215132    1.272765
   80.434643  125.091876    0.382705    2.849359
   80.433236  125.087892    0.299422    2.066075
   80.431829  125.083908    0.269989    1.789367
   80.430421  125.079925    0.295759    2.031973
   80.429015  125.075941    0.213430    1.257660
   80.426208  125.067968    0.131808    0.490180
   80.424807  125.063979    0.214745    1.270576
   80.423407  125.059991    0.339957    2.448671
   80.422006  125.056004    0.289998    1.978867
   80.420606  125.052019    0.309926    2.166522
   80.417801  125.044058    0.211274    1.238829
   80.416396  125.040085    0.342452    2.473044
   80.414988  125.036121    0.282726    1.911367
   80.413579  125.032159    0.260215    1.699777
   80.412169  125.028196    0.151906    0.681054
   80.410761  125.024229    0.183715    0.980476
   80.409357  125.020253    0.377143    2.800299
   80.407953  125.016274    0.335177    2.405692
   80.406549  125.012295    0.408123    3.092102
   80.405145  125.008315    0.106864    0.258237
   80.403739  125.004337    0.323075    2.292381
   80.402333  125.000361    0.280577    1.892776
   80.399520  124.992429    0.269040    1.784600
   80.398113  124.988481    0.349317    2.539978
   80.396706  124.984539    0.205817    1.190202
   80.395299  124.980599    0.242924    1.539463
   80.393891  124.976659    0.290108    1.983519
   80.392483  124.972715    0.312251    2.192002
   80.391074  124.968769    0.211597    1.245299
   80.389665  124.964823    0.294930    2.029422
   80.388257  124.960875    0.278123    1.871497
   80.386850  124.956925    0.196607    1.104824
   80.385443  124.952974    0.315770    2.226011
   80.384036  124.949022    0.192149    1.063249
   80.382627  124.945070    0.147855    0.646743
   80.379805  124.937167    0.382806    2.857369
   80.378394  124.933215    0.140403    0.577179
   80.376983  124.929261    0.333121    2.390322
   80.375573  124.925305    0.343130    2.484666
   80.374164  124.921349    0.356928    2.614645
   80.372756  124.917394    0.343008    2.483874
   80.371348  124.913440    0.346518    2.517080
   80.369943  124.909488    0.335699    2.415487
   80.367134  124.901591    0.321690    2.284056
   80.365730  124.897645    0.304763    2.125002
   80.364327  124.893700    0.291755    2.002806
   80.362924  124.889759    0.187316    1.020494
   80.361522  124.885822    0.259427    1.699049
   80.360119  124.881892    0.326748    2.332539
   80.358716  124.877970    0.513339    4.088041
   80.357312  124.874054    0.390909    2.936484
   80.355907  124.870142    0.403652    3.056549
   80.354501  124.866234    0.428029    3.286048
   80.353093  124.862333    0.182900    0.980214
   80.351684  124.858432    0.247579    1.588851
   80.347458  124.846692    0.386980    2.900788
   80.346049  124.842764    0.453724    3.528854
   80.344641  124.838834    0.372519    2.765114
   80.343232  124.834909    0.377777    2.814761
   80.341823  124.830991    0.368654    2.729110
   80.340413  124.827075    0.315941    2.233411
   80.339003  124.823162    0.355964    2.610095
   80.337593  124.819252    0.331717    2.382179
   80.336181  124.815344    0.331791    2.383054
   80.334769  124.811437    0.335752    2.420504
   80.330533  124.799689    0.338245    2.444499
   80.329121  124.795764    0.117514    0.368187
   80.327710  124.791839    0.114745    0.342320
   80.326299  124.787918    0.297790    2.064471
   80.324889  124.784001    0.286375    1.957269
   80.322070  124.776180    0.321350    2.286652
   80.320662  124.772276    0.263630    1.743840
   80.319254  124.768379    0.262153    1.730131
   80.317847  124.764485    0.138290    0.565090
   80.316440  124.760593    0.139500    0.576649
   80.313626  124.752813    0.113549    0.332885
   80.310815  124.745036    0.145796    0.636605
   80.309411  124.741148    0.383372    2.871740
   80.308009  124.737260    0.284255    1.939497
   80.306607  124.733373    0.346763    2.527711
   80.305205  124.729489    0.311970    2.200576
   80.303803  124.725610    0.349789    2.556541
   80.302398  124.721738    0.297816    2.067787
   80.300993  124.717869    0.261762    1.728803
   80.299586  124.714002    0.292764    2.020621
   80.298177  124.710137    0.273293    1.837634
   80.296767  124.706273    0.251110    1.629139
   80.293942  124.698537    0.349815    2.558052
   80.291116  124.690764    0.256738    1.682809
   80.289703  124.686866    0.323247    2.308661
   80.288289  124.682967    0.542753    4.373810
   80.286875  124.679071    0.718755    6.029698
   80.285460  124.675182    0.295507    2.048249
   80.284046  124.671296    0.333987    2.410427
   80.282631  124.667413    0.359287    2.648610
   80.281216  124.663533    0.325796    2.333728
   80.279802  124.659658    0.328457    2.358943
   80.278387  124.655785    0.384166    2.883206
   80.276974  124.651913    0.698695    5.842261
   80.275562  124.648042    0.256121    1.679002
   80.274153  124.644168    0.210725    1.252130
   80.272744  124.640296    0.317334    2.255222
   80.271337  124.636425    0.273490    1.842943
   80.268525  124.628694    0.235625    1.487103
   80.267120  124.624833    0.302632    2.117640
   80.265716  124.620977    0.427833    3.295627
   80.264312  124.617127    0.086809    0.183837
   80.262908  124.613285    0.188469    1.044211
   80.261503  124.609447    0.102574    0.236346
   80.260098  124.605610    0.185713    1.018646
   80.258693  124.601774    0.204334    1.194003
   80.257285  124.597938    0.235987    1.491950
   80.255878  124.594100    0.215128    1.295901
   80.254469  124.590261    0.220969    1.351031
   80.253061  124.586418    0.431055    3.327568
   80.251652  124.582568    0.228112    1.418598
   80.250243  124.578719    0.275449    1.864089
   80.248833  124.574869    0.162597    0.802632
   80.247421  124.571024    0.135389    0.546859
   80.246006  124.567185    0.028880    0.061840
   80.244590  124.563349    0.280449    1.911857
   80.243174  124.559513    0.228243    1.420919
   80.241757  124.555679    0.234516    1.480114
   80.238927  124.548007    0.190004    1.061735
   80.237513  124.544170    0.227146    1.411325
   80.236098  124.540330    0.293626    2.036912
   80.234684  124.536486    0.259798    1.718863
   80.233270  124.532642    0.345768    2.527786
   80.231857  124.528799    0.340742    2.480688
   80.230445  124.524958    0.339539    2.469559
   80.229034  124.521121    0.235831    1.494122
   80.226213  124.513455    0.197852    1.137202
   80.224802  124.509626    0.285965    1.966298
   80.221980  124.501979    0.203788    1.193595
   80.220569  124.498156    0.245322    1.584499
   80.219159  124.494333    0.348980    2.559827
   80.217750  124.490506    0.390859    2.953979
   80.214935  124.482856    0.139791    0.592457
   80.213529  124.479037    0.223282    1.378067
   80.210718  124.471414    0.305394    2.150885
   80.209313  124.467611    0.320037    2.288821
   80.207907  124.463816    0.215906    1.309403
   80.206500  124.460032    0.095792    0.209996
   80.205093  124.456252    0.331284    2.395164
   80.203685  124.452472    0.180094    0.973055
   80.202277  124.448689    0.022552    0.049561
   80.200871  124.444898    0.194802    1.111775
   80.198055  124.437302    0.222986    1.377279
   80.196645  124.433492    0.203949    1.198377
   80.193817  124.425840    0.232002    1.462647
   80.192401  124.422013    0.164957    0.832109
   80.190985  124.418191    0.040732    0.090108
   80.189568  124.414381    0.120428    0.413574
   80.188151  124.410575    0.173176    0.909979
   80.186734  124.406773    0.202872    1.189525
   80.185316  124.402975    0.134871    0.549994
   80.183896  124.399181    0.163741    0.821767
   80.179641  124.387805    0.220168    1.353144
   80.178226  124.384007    0.196309    1.128881
   80.176811  124.380209    0.011236    0.025061
   80.175398  124.376411    0.118682    0.398981
   80.173985  124.372612    0.305239    2.154167
   80.172573  124.368812    0.210103    1.259376
   80.171161  124.365015    0.197332    1.139414
   80.169751  124.361223    0.198915    1.154487
   80.168340  124.357439    0.162005    0.807448
   80.166930  124.353669    0.138485    0.586369
   80.165521  124.349904    0.197260    1.139466
   80.164112  124.346143    0.093414    0.209890
   80.161295  124.338630    0.221993    1.372683
   80.159887  124.334874    0.205243    1.215293
   80.158479  124.331115    0.211399    1.273379
   80.157071  124.327348    0.261319    1.743171
   80.155662  124.323567    0.198221    1.149776
   80.154253  124.319783    0.235218    1.497994
   80.152841  124.316000    0.214914    1.307169
   80.151426  124.312223    0.195762    1.127184
   80.150005  124.308459    0.245181    1.592268
   80.147160  124.300938    0.306289    2.167492
   80.145738  124.297178    0.397146    3.022398
   80.144318  124.293414    0.267947    1.807164
   80.142900  124.289649    0.367508    2.743951
   80.141482  124.285882    0.355185    2.628203
   80.140065  124.282111    0.359254    2.666662
   80.138649  124.278335    0.421279    3.250342
   80.137233  124.274558    0.583441    4.776030
   80.135817  124.270781    0.365660    2.727479
   80.134401  124.267009    0.285562    1.974149
   80.132985  124.263241    0.041493    0.094888
   80.130153  124.255717    0.031783    0.072799
   80.125905  124.244464    0.210570    1.269769
   80.124490  124.240718    0.222148    1.378870
   80.123075  124.236972    0.343319    2.518948
   80.121661  124.233223    0.264678    1.779333
   80.120248  124.229475    0.360126    2.677425
   80.118835  124.225727    0.376676    2.833302
   80.117424  124.221980    0.292789    2.044334
   80.116014  124.218235    0.339609    2.484971
   80.114605  124.214490    0.213618    1.299910
   80.113196  124.210746    0.276224    1.889048
   80.111786  124.207002    0.335483    2.446701
   80.110375  124.203258    0.378023    2.847077
   80.108963  124.199516    0.427291    3.310741
   80.107551  124.195776    0.389572    2.956094
   80.106138  124.192039    0.319707    2.299031
   80.104726  124.188308    0.353017    2.612571
   80.103313  124.184578    0.288917    2.009742
   80.101900  124.180848    0.293080    2.049094
   80.100485  124.177113    0.273565    1.865695
   80.099069  124.173372    0.269879    1.831206
   80.096234  124.165885    0.360828    2.687164
   80.093396  124.158406    0.203553    1.207992
   80.091976  124.154670    0.249008    1.635788
   80.090555  124.150936    0.177676    0.964929
   80.089135  124.147205    0.281981    1.946345
   80.087715  124.143478    0.321043    2.313996
   80.084876  124.136027    0.280485    1.932829
   80.083458  124.132303    0.168478    0.879324
   80.082042  124.128576    0.055923    0.131592
   80.080627  124.124851    0.235148    1.506878
   80.079212  124.121129    0.268603    1.821790
   80.077797  124.117410    0.275476    1.886625
   80.076383  124.113696    0.296103    2.080857
   80.074969  124.109986    0.297167    2.091049
   80.073556  124.106280    0.217602    1.342740
   80.072142  124.102577    0.262151    1.762008
   80.070727  124.098881    0.259594    1.738139
   80.069313  124.095185    0.358403    2.667858
   80.067898  124.091489    0.315050    2.260207
   80.066485  124.087787    0.264767    1.787354
   80.063660  124.080364    0.180301    0.993126
   80.062247  124.076649    0.253284    1.679885
   80.060832  124.072933    0.133068    0.549163
   80.059416  124.069219    0.168614    0.883738
   80.057998  124.065505    0.090864    0.216663
   80.056580  124.061795    0.070289    0.167731
   80.055161  124.058089    0.285295    1.981952
   80.053742  124.054391    0.370614    2.784763
   80.052323  124.050695    0.306597    2.182711
   80.050904  124.047001    0.390082    2.968275
   80.049483  124.043308    0.346949    2.562690
   80.048062  124.039612    0.346382    2.557541
   80.046641  124.035917    0.313950    2.252625
   80.045221  124.032221    0.447082    3.505226
   80.043801  124.028522    0.326179    2.368036
   80.042383  124.024820    0.194932    1.133537
   80.040966  124.021117    0.368632    2.767779
   80.039549  124.017416    0.476906    3.786532
   80.038132  124.013716    0.403398    3.095200
   80.035298  124.006326    0.209098    1.267725
   80.033881  124.002636    0.386862    2.940199
   80.032462  123.998951    0.370896    2.790191
   80.031042  123.995273    0.358482    2.673586
   80.029622  123.991597    0.418746    3.240694
   80.028201  123.987922    0.283021    1.964073
   80.025362  123.980570    0.202014    1.202383
   80.023943  123.976892    0.429696    3.344454
   80.022525  123.973212    0.245308    1.610033
   80.021107  123.969531    0.280355    1.939920
   80.019690  123.965847    0.293882    2.067354
   80.018273  123.962163    0.358316    2.673693
   80.016856  123.958482    0.338059    2.483315
   80.015441  123.954804    0.196446    1.151297
   80.014028  123.951135    0.269352    1.837338
   80.012615  123.947468    0.308819    2.208796
   80.011202  123.943804    0.191219    1.102675
   80.009788  123.940142    0.301332    2.138734
   80.008373  123.936480    0.224322    1.414459
   80.006957  123.932820    0.167337    0.878570
   80.005541  123.929161    0.139727    0.619011
   80.004124  123.925507    0.124856    0.479300
   80.002706  123.921857    0.035653    0.087586
   80.001288  123.918207    0.096138    0.236351
   79.999869  123.914556    0.215649    1.333976
   79.998450  123.910899    0.234345    1.510047
   79.997030  123.907230    0.169081    0.896269
   79.995610  123.903559    0.142796    0.649178
   79.994190  123.899888    0.154886    0.763099
   79.992769  123.896222    0.181627    1.014852
   79.991346  123.892563    0.226541    1.437552
   79.989923  123.888906    0.258872    1.741890
   79.988501  123.885252    0.288573    2.021481
   79.987078  123.881598    0.260711    1.759560
   79.985657  123.877944    0.272077    1.866668
   79.984236  123.874290    0.280666    1.947652
   79.982816  123.870637    0.309628    2.220300
   79.981397  123.866985    0.230669    1.477693
   79.979978  123.863332    0.303311    2.161244
   79.978560  123.859682    0.303799    2.166014
   79.977142  123.856035    0.301004    2.139906
   79.975724  123.852394    0.305413    2.181569
   79.974306  123.848763    0.304181    2.170172
   79.972889  123.845136    0.306089    2.188306
   79.971471  123.841510    0.201394    1.203590
   79.970055  123.837883    0.246185    1.625137
   79.968639  123.834253    0.136251    0.591129
   79.965808  123.826990    0.149078    0.712173
   79.964393  123.823355    0.292268    2.059396
   79.962977  123.819717    0.406989    3.138800
   79.961561  123.816078    0.299892    2.131488
   79.960145  123.812439    0.339414    2.503467
   79.958727  123.808802    0.125114    0.487655
   79.957309  123.805168    0.253499    1.695605
   79.955890  123.801536    0.267352    1.826114
   79.954470  123.797906    0.255116    1.711189
   79.953049  123.794282    0.204639    1.236521
   79.951625  123.790665    0.299783    2.131755
   79.950201  123.787050    0.277508    1.922394
   79.948777  123.783435    0.291901    2.057978
   79.947353  123.779819    0.296344    2.099966
   79.944509  123.772574    0.320532    2.327875
   79.943087  123.768953    0.356054    2.662229
   79.941664  123.765335    0.296715    2.104199
   79.940241  123.761723    0.366747    2.763198
   79.938817  123.758114    0.318677    2.311173
   79.937393  123.754510    0.336510    2.479118
   79.935969  123.750915    0.293516    2.074847
   79.933121  123.743748    0.287374    2.017437
   79.931699  123.740161    0.184591    1.050706
   79.927438  123.729309    0.182271    1.029440
   79.924600  123.722052    0.275952    1.911104
   79.921762  123.714828    0.184078    1.047183
   79.920343  123.711221    0.245303    1.623334
   79.918924  123.707617    0.335772    2.474589
   79.917506  123.704015    0.235667    1.533058
   79.916088  123.700416    0.509127    4.105773
   79.914671  123.696817    0.453590    3.583501
   79.913253  123.693219    0.306020    2.195449
   79.911836  123.689620    0.335989    2.477556
   79.910418  123.686021    0.357970    2.684526
   79.909001  123.682420    0.320085    2.328320
   79.906165  123.675212    0.245969    1.631450
   79.904747  123.671606    0.150722    0.735620
   79.903328  123.668001    0.287061    2.018389
   79.901909  123.664402    0.242548    1.599830
   79.900488  123.660810    0.275520    1.910191
   79.899067  123.657222    0.100744    0.266194
   79.897646  123.653636    0.308215    2.218128
   79.896224  123.650051    0.149862    0.728634
   79.894802  123.646466    0.225717    1.442420
   79.893379  123.642881    0.268416    1.844286
   79.891956  123.639294    0.324825    2.375129
   79.890535  123.635705    0.482335    3.857059
   79.889114  123.632110    0.297578    2.119180
   79.887693  123.628514    0.307837    2.215868
   79.884853  123.621320    0.363171    2.736789
   79.883433  123.617723    0.311563    2.251475
   79.882012  123.614129    0.315119    2.285113
   79.876328  123.599817    0.312177    2.258178
   79.874906  123.596252    0.341337    2.532686
   79.872062  123.589116    0.383894    2.933400
   79.870640  123.585544    0.355458    2.666082
   79.867797  123.578397    0.394138    3.030329
   79.864956  123.571239    0.397596    3.063230
   79.862113  123.564087    0.371283    2.816061
   79.860691  123.560518    0.448144    3.539310
   79.857847  123.553388    0.331267    2.440171
   79.855004  123.546274    0.273945    1.901297
   79.852162  123.539171    0.344375    2.564226
   79.850742  123.535619    0.340259    2.525687
   79.849322  123.532065    0.406383    3.147930
   79.847903  123.528510    0.416821    3.246302
   79.846484  123.524954    0.333645    2.464024
   79.845064  123.521398    0.389601    2.990611
   79.843642  123.517840    0.295139    2.102159
   79.842220  123.514282    0.368553    2.792971
   79.840797  123.510724    0.314976    2.289143
   79.837948  123.503605    0.319240    2.329631
   79.836523  123.500047    0.319638    2.333559
   79.835097  123.496491    0.345423    2.576308
   79.833671  123.492941    0.390185    2.997591
   79.830818  123.485860    0.299979    2.149365
   79.829392  123.482322    0.364559    2.757075
   79.827966  123.478782    0.345437    2.577373
   79.826541  123.475237    0.368175    2.791464
   79.825116  123.471692    0.364442    2.756529
   79.823692  123.468147    0.408304    3.169343
   79.822268  123.464605    0.361732    2.731403
   79.820844  123.461064    0.445529    3.519896
   79.817997  123.453993    0.369825    2.808093
   79.816575  123.450464    0.395332    3.048233
   79.815155  123.446944    0.395136    3.046573
   79.813734  123.443425    0.365193    2.765081
   79.809474  123.432854    0.346718    2.591832
   79.808054  123.429322    0.454439    3.605384
   79.806633  123.425788    0.411321    3.199947
   79.805212  123.422253    0.426244    3.340521
   79.803790  123.418719    0.340495    2.534036
   79.802368  123.415184    0.581397    4.800463
   79.800945  123.411651    0.457264    3.632889
   79.799520  123.408119    0.509554    4.124981
   79.798093  123.404590    0.352046    2.643443
   79.796665  123.401063    0.390845    3.008620
   79.795237  123.397537    0.366246    2.777395
   79.793809  123.394015    0.397176    3.068557
   79.792383  123.390496    0.346745    2.594320
   79.790958  123.386979    0.439767    3.469591
   79.789533  123.383461    0.388309    2.985692
