Converting ICESat/GLAS binary freeboard vector data to ASCII
Wed Feb 12 09:56:22 2014

write_fb:
  file_in:       laser3k0006002.dat
  laser_period:  3k
  track:         0006
  cycle:         002
  file_out:      laser3k0006002.txt
  non_zero_only:        0
  nan_replace:       -999

read_fb:
  Year:                  2008
  Month:                   10
  Day:                      9
  Hour:                    18
  Minute:                   5
  Doy:                    283
  record_count:          1630
  non_zero_count:        1627
  nan_count:                0

    Latitude   Longitude   Freeboard   Thickness
   74.850288  219.038360    0.177996    0.702023
   74.851780  219.036697    0.119880    0.249698
   74.853273  219.035032    0.114473    0.238436
   74.856260  219.031693    0.287399    1.730495
   74.857754  219.030014    0.236149    1.248183
   74.859248  219.028332    0.188676    0.801408
   74.860743  219.026649    0.255713    1.431869
   74.863735  219.023285    0.219945    1.095022
   74.865231  219.021604    0.217645    1.073209
   74.866727  219.019923    0.332343    2.152023
   74.868223  219.018241    0.265043    1.518727
   74.869719  219.016560    0.282735    1.684989
   74.871214  219.014879    0.391740    2.710253
   74.872710  219.013198    0.225837    1.149366
   74.874204  219.011519    0.283039    1.687302
   74.875699  219.009841    0.273151    1.594095
   74.877193  219.008162    0.247984    1.357165
   74.878687  219.006482    0.256822    1.440129
   74.880179  219.004796    0.307663    1.918219
   74.881670  219.003103    0.277497    1.634258
   74.883161  219.001409    0.300240    1.848030
   74.884651  218.999717    0.214270    1.039099
   74.886141  218.998031    0.241966    1.299469
   74.887631  218.996353    0.284807    1.702305
   74.889120  218.994678    0.315133    1.987410
   74.890608  218.993003    0.268609    1.549561
   74.892095  218.991328    0.351322    2.327490
   74.893580  218.989650    0.343312    2.251962
   74.895064  218.987971    0.232953    1.213598
   74.896549  218.986290    0.193137    0.838853
   74.898035  218.984606    0.366157    2.466332
   74.899525  218.982917    0.372303    2.523967
   74.901015  218.981228    0.381134    2.606868
   74.902507  218.979538    0.311896    1.955334
   74.904000  218.977849    0.294206    1.788743
   74.905495  218.976164    0.246383    1.338675
   74.906990  218.974479    0.422441    2.994726
   74.908486  218.972795    0.314438    1.978530
   74.909984  218.971110    0.462992    3.375839
   74.911482  218.969425    0.285321    1.704251
   74.914479  218.966050    0.526698    3.974605
   74.915976  218.964359    0.466668    3.409701
   74.917471  218.962664    0.326712    2.092907
   74.918966  218.960966    0.269194    1.551636
   74.920460  218.959268    0.249614    1.367256
   74.921954  218.957567    0.208850    0.983595
   74.923447  218.955864    0.209189    0.986596
   74.924939  218.954160    0.223273    1.118913
   74.926431  218.952458    0.238740    1.264237
   74.927922  218.950759    0.255943    1.425890
   74.929412  218.949063    0.256052    1.426730
   74.930901  218.947369    0.205916    0.954910
   74.932389  218.945677    0.215820    1.047893
   74.936847  218.940601    0.227225    1.154644
   74.941309  218.935514    0.185010    0.756979
   74.942799  218.933814    0.202029    0.916897
   74.944288  218.932115    0.182044    0.728715
   74.945776  218.930417    0.151067    0.437125
   74.947263  218.928723    0.200097    0.898179
   74.948749  218.927031    0.080677    0.168041
   74.951726  218.923657    0.250759    1.374234
   74.953218  218.921978    0.222446    1.107707
   74.956204  218.918620    0.202962    0.924053
   74.957698  218.916935    0.253974    1.403762
   74.959190  218.915244    0.228349    1.162516
   74.962175  218.911856    0.201534    0.909895
   74.965158  218.908468    0.162054    0.538130
   74.968141  218.905081    0.118050    0.245887
   74.969633  218.903387    0.178334    0.690739
   74.971127  218.901694    0.195519    0.852231
   74.972621  218.900001    0.209858    0.986936
   74.974116  218.898306    0.165230    0.566927
   74.975610  218.896607    0.193396    0.831711
   74.977103  218.894906    0.078722    0.163969
   74.978596  218.893202    0.189818    0.797688
   74.980088  218.891496    0.209836    0.985830
   74.981580  218.889789    0.178811    0.693783
   74.983069  218.888080    0.222802    1.107441
   74.984558  218.886371    0.189623    0.795131
   74.986047  218.884661    0.152923    0.449702
   74.987535  218.882953    0.163904    0.552826
   74.989023  218.881246    0.157688    0.494169
   74.990510  218.879541    0.209617    0.982509
   74.991998  218.877836    0.118115    0.246022
   74.993487  218.876130    0.183722    0.738542
   74.994976  218.874425    0.141933    0.345233
   74.996465  218.872721    0.198459    0.876814
   74.997954  218.871018    0.228491    1.159158
   74.999443  218.869315    0.223528    1.112298
   75.000931  218.867614    0.217101    1.051661
   75.002418  218.865914    0.221441    1.092311
   75.003906  218.864215    0.274517    1.591440
   75.005395  218.862517    0.131792    0.274509
   75.006884  218.860821    0.095876    0.199700
   75.008374  218.859124    0.191954    0.814215
   75.009865  218.857426    0.168628    0.594602
   75.011356  218.855725    0.245068    1.313519
   75.012848  218.854022    0.285867    1.697152
   75.014340  218.852316    0.105022    0.218750
   75.015833  218.850607    0.170378    0.610353
   75.017328  218.848895    0.138339    0.308778
   75.018823  218.847179    0.176059    0.663443
   75.020318  218.845460    0.142072    0.343538
   75.021813  218.843740    0.146693    0.386832
   75.023307  218.842020    0.145075    0.371439
   75.024799  218.840300    0.162926    0.539188
   75.026290  218.838581    0.195302    0.843584
   75.027781  218.836862    0.099427    0.207096
   75.029272  218.835146    0.154228    0.456836
   75.030763  218.833432    0.066822    0.139183
   75.032253  218.831719    0.150288    0.419421
   75.033743  218.830006    0.141249    0.334213
   75.035232  218.828290    0.059739    0.124431
   75.036719  218.826572    0.016782    0.034955
   75.039692  218.823134    0.224699    1.118545
   75.042664  218.819703    0.164326    0.550247
   75.044150  218.817991    0.071326    0.148566
   75.045636  218.816279    0.183328    0.728655
   75.047123  218.814567    0.129184    0.269077
   75.050102  218.811143    0.087332    0.181904
   75.051592  218.809431    0.045311    0.094379
   75.053083  218.807720    0.033179    0.069110
   75.057560  218.802585    0.162292    0.529351
   75.059052  218.800867    0.113644    0.236708
   75.060543  218.799144    0.125109    0.260589
   75.062035  218.797420    0.093709    0.195187
   75.063526  218.795694    0.117957    0.245693
   75.065018  218.793970    0.118053    0.245894
   75.068003  218.790528    0.167135    0.573671
   75.069496  218.788807    0.106255    0.221319
   75.070988  218.787086    0.143460    0.350603
   75.072480  218.785365    0.112623    0.234582
   75.073972  218.783643    0.106784    0.222420
   75.075464  218.781920    0.126986    0.264498
   75.076956  218.780194    0.180156    0.695099
   75.078447  218.778466    0.182829    0.720075
   75.079939  218.776737    0.220875    1.077810
   75.081430  218.775006    0.143438    0.349158
   75.082922  218.773273    0.380490    2.579003
   75.084413  218.771539    0.083735    0.174412
   75.085904  218.769804    0.154634    0.453949
   75.094835  218.759425    0.134220    0.279567
   75.096324  218.757699    0.315414    1.965226
   75.097814  218.755972    0.295039    1.773375
   75.099305  218.754247    0.127723    0.266034
   75.103771  218.749075    0.198505    0.864540
   75.106749  218.745626    0.218409    1.051436
   75.108239  218.743899    0.161242    0.513465
   75.109730  218.742171    0.230237    1.162353
   75.112711  218.738714    0.309145    1.904314
   75.114202  218.736985    0.279158    1.622039
   75.115693  218.735256    0.232007    1.178296
   75.117184  218.733526    0.174188    0.634195
   75.118675  218.731795    0.248885    1.336726
   75.120167  218.730063    0.133437    0.277936
   75.121659  218.728331    0.167047    0.566491
   75.123151  218.726599    0.140479    0.316384
   75.126135  218.723136    0.172691    0.619059
   75.127627  218.721405    0.154546    0.448186
   75.129119  218.719674    0.192485    0.804909
   75.130611  218.717940    0.146307    0.370320
   75.132102  218.716203    0.181040    0.696888
   75.135085  218.712729    0.118070    0.245928
   75.138065  218.709256    0.231976    1.175355
   75.139554  218.707519    0.199987    0.874250
   75.141043  218.705782    0.247269    1.318874
   75.142533  218.704042    0.186336    0.745480
   75.144023  218.702299    0.243175    1.280002
   75.145513  218.700556    0.248939    1.334054
   75.148493  218.697068    0.191477    0.793136
   75.151470  218.693584    0.190740    0.785855
   75.152959  218.691842    0.223909    1.097710
   75.154448  218.690100    0.229679    1.151807
   75.155937  218.688356    0.222241    1.081660
   75.157426  218.686613    0.272844    1.557525
   75.158916  218.684872    0.265267    1.486071
   75.161894  218.681401    0.227354    1.129062
   75.163383  218.679669    0.233933    1.190773
   75.164872  218.677938    0.201258    0.883208
   75.172319  218.669279    0.302547    1.835195
   75.173809  218.667542    0.194476    0.818356
   75.176791  218.664061    0.218186    1.041048
   75.181270  218.658820    0.144580    0.348082
   75.182764  218.657071    0.135227    0.281664
   75.184257  218.655321    0.139746    0.302256
   75.185749  218.653572    0.116142    0.241912
   75.187241  218.651823    0.202637    0.893544
   75.190223  218.648326    0.160152    0.493512
   75.191714  218.646577    0.134412    0.279967
   75.193204  218.644829    0.194717    0.818330
   75.194694  218.643081    0.217864    1.035899
   75.196183  218.641337    0.182241    0.700611
   75.197671  218.639595    0.173675    0.619851
   75.199158  218.637853    0.220929    1.064211
   75.200646  218.636111    0.184285    0.719311
   75.202132  218.634365    0.237236    1.217259
   75.203619  218.632616    0.255328    1.387287
   75.205105  218.630865    0.266891    1.495885
   75.206592  218.629113    0.207173    0.933926
   75.208079  218.627360    0.256647    1.399166
   75.209568  218.625606    0.188707    0.759855
   75.211058  218.623853    0.190557    0.777083
   75.212547  218.622101    0.211354    0.972553
   75.214037  218.620353    0.277760    1.597074
   75.215526  218.618610    0.227261    1.121843
   75.217016  218.616868    0.171636    0.598381
   75.218506  218.615125    0.201398    0.878189
   75.219996  218.613380    0.195885    0.826156
   75.222979  218.609878    0.210825    0.966359
   75.224470  218.608126    0.168877    0.571566
   75.225960  218.606373    0.174612    0.625346
   75.227449  218.604620    0.177340    0.650837
   75.228937  218.602867    0.167498    0.558080
   75.230425  218.601113    0.167057    0.553751
   75.231913  218.599359    0.172394    0.603794
   75.233402  218.597605    0.188939    0.759260
   75.234890  218.595850    0.266976    1.493210
   75.236378  218.594094    0.262319    1.449233
   75.237866  218.592336    0.163496    0.519397
   75.239354  218.590574    0.145477    0.349717
   75.240842  218.588813    0.116139    0.241906
   75.242329  218.587050    0.183206    0.704303
   75.243817  218.585290    0.133704    0.278492
   75.245305  218.583532    0.130184    0.271160
   75.246793  218.581774    0.098571    0.205313
   75.248280  218.580016    0.179109    0.665070
   75.249767  218.578255    0.099713    0.207692
   75.255714  218.571195    0.161131    0.495085
   75.260180  218.565881    0.104411    0.217478
   75.261670  218.564116    0.240552    1.241538
   75.263160  218.562357    0.158725    0.471592
   75.264649  218.560600    0.084372    0.175739
   75.266139  218.558843    0.093570    0.194897
   75.270604  218.553550    0.213243    0.983604
   75.272091  218.551784    0.167416    0.552320
   75.273579  218.550021    0.274655    1.560981
   75.275066  218.548263    0.175582    0.628796
   75.276553  218.546506    0.126503    0.263494
   75.278041  218.544749    0.100257    0.208825
   75.279529  218.542989    0.177658    0.647815
   75.281018  218.541226    0.117337    0.244402
   75.282508  218.539461    0.190865    0.771714
   75.283998  218.537695    0.188943    0.753455
   75.285489  218.535926    0.033108    0.068960
   75.286980  218.534156    0.119134    0.248145
   75.288471  218.532385    0.156255    0.445434
   75.289962  218.530614    0.178369    0.653296
   75.291452  218.528845    0.162737    0.506072
   75.292941  218.527080    0.152180    0.406580
   75.294429  218.525315    0.130382    0.271573
   75.295917  218.523548    0.140746    0.298681
   75.297404  218.521777    0.142967    0.319401
   75.298892  218.520001    0.103162    0.214877
   75.300380  218.518224    0.053442    0.111314
   75.301866  218.516447    0.173952    0.610368
   75.304836  218.512906    0.124159    0.258612
   75.306320  218.511139    0.201399    0.868062
   75.307804  218.509374    0.110498    0.230155
   75.309289  218.507609    0.079771    0.166156
   75.312260  218.504080    0.150936    0.392655
   75.313746  218.502314    0.132249    0.275462
   75.315233  218.500547    0.196045    0.816661
   75.316721  218.498778    0.106651    0.222144
   75.318209  218.497007    0.181962    0.683834
   75.319698  218.495235    0.150049    0.383451
   75.321187  218.493460    0.127826    0.266248
   75.324164  218.489903    0.083364    0.173639
   75.325653  218.488125    0.089013    0.185405
   75.327142  218.486350    0.093322    0.194381
   75.328633  218.484578    0.102669    0.213850
   75.330123  218.482806    0.140977    0.296905
   75.331615  218.481036    0.160408    0.479525
   75.333106  218.479267    0.033584    0.069952
   75.334598  218.477498    0.129050    0.268799
   75.336090  218.475729    0.059274    0.123462
   75.337581  218.473957    0.133030    0.277089
   75.339071  218.472182    0.128679    0.268026
   75.340559  218.470403    0.129169    0.269045
   75.342047  218.468621    0.241974    1.245637
   75.343534  218.466837    0.169085    0.559778
   75.345022  218.465051    0.113862    0.237163
   75.346511  218.463263    0.081178    0.169086
   75.347999  218.461474    0.115236    0.240026
   75.349488  218.459684    0.128540    0.267735
   75.350977  218.457891    0.116294    0.242229
   75.352465  218.456097    0.106464    0.221754
   75.353954  218.454303    0.139555    0.290679
   75.355443  218.452509    0.086302    0.179758
   75.356931  218.450719    0.019506    0.040630
   75.358418  218.448934    0.189733    0.752307
   75.359904  218.447150    0.087649    0.182565
   75.361391  218.445367    0.089880    0.187210
   75.362878  218.443585    0.113299    0.235990
   75.364366  218.441801    0.034571    0.072009
   75.370321  218.434674    0.059213    0.123335
   75.373302  218.431111    0.168743    0.553130
   75.385233  218.416817    0.139835    0.291263
   75.386725  218.415028    0.106716    0.222278
   75.388215  218.413239    0.167624    0.540880
   75.389704  218.411449    0.124378    0.259066
   75.391193  218.409657    0.193060    0.779824
   75.394171  218.406065    0.190304    0.753551
   75.395661  218.404265    0.299205    1.777848
   75.397149  218.402465    0.160515    0.472978
   75.398635  218.400663    0.188328    0.734448
   75.400118  218.398861    0.179118    0.647639
   75.401600  218.397060    0.138043    0.287530
   75.403082  218.395259    0.160722    0.474238
   75.404564  218.393459    0.124489    0.259298
   75.406045  218.391661    0.148069    0.354866
   75.407527  218.389864    0.152601    0.397327
   75.409010  218.388069    0.127148    0.264836
   75.410493  218.386275    0.129582    0.269906
   75.411979  218.384483    0.159422    0.460982
   75.414952  218.380899    0.156825    0.436205
   75.416439  218.379104    0.088334    0.183992
   75.417926  218.377306    0.187130    0.720952
   75.423885  218.370105    0.147417    0.346677
   75.425377  218.368304    0.132157    0.275269
   75.426870  218.366503    0.207158    0.908335
   75.428362  218.364701    0.112257    0.233820
   75.431347  218.361097    0.145270    0.325618
   75.435812  218.355694    0.170922    0.566425
   75.437296  218.353893    0.258836    1.393285
   75.438780  218.352092    0.287010    1.658159
   75.440264  218.350292    0.223308    1.058726
   75.441751  218.348490    0.170356    0.560416
   75.443237  218.346689    0.191558    0.759713
   75.444723  218.344886    0.154729    0.413080
   75.446208  218.343083    0.131795    0.274516
   75.447692  218.341279    0.131046    0.272955
   75.449176  218.339474    0.200070    0.839115
   75.450659  218.337668    0.203125    0.867687
   75.452143  218.335859    0.151016    0.377317
   75.453626  218.334047    0.151747    0.384025
   75.455111  218.332235    0.167752    0.534417
   75.456595  218.330423    0.211785    0.948484
   75.458081  218.328612    0.066907    0.139360
   75.459568  218.326804    0.069685    0.145147
   75.462542  218.323192    0.254754    1.352045
   75.464029  218.321392    0.153921    0.403306
   75.465515  218.319597    0.263927    1.438005
   75.467002  218.317802    0.196303    0.801677
   75.468488  218.316005    0.165399    0.510782
   75.469975  218.314202    0.186477    0.708900
   75.474440  218.308762    0.249592    1.302147
   75.475927  218.306947    0.185913    0.702925
   75.477414  218.305132    0.137232    0.285840
   75.478900  218.303319    0.118550    0.246927
   75.481874  218.299697    0.176102    0.609967
   75.483361  218.297892    0.086525    0.180223
   75.484849  218.296088    0.132950    0.276922
   75.489315  218.290671    0.159624    0.454112
   75.490803  218.288861    0.146712    0.332479
   75.492291  218.287048    0.144099    0.307725
   75.493779  218.285232    0.159624    0.453613
   75.496754  218.281589    0.181013    0.654491
   75.498240  218.279766    0.167231    0.524665
   77.686964  215.146149    0.086720    0.180629
   77.691355  215.138763    0.075157    0.156544
   77.692818  215.136306    0.242015    1.012696
   77.694282  215.133847    0.122753    0.255683
   77.695747  215.131384    0.303355    1.589505
   77.697212  215.128913    0.244114    1.032085
   77.698677  215.126441    0.231052    0.909080
   77.700141  215.123967    0.291127    1.474110
   77.701604  215.121492    0.426151    2.744200
   77.703065  215.119018    0.329346    1.833402
   77.704526  215.116544    0.192433    0.545296
   77.705986  215.114071    0.415908    2.647479
   77.707447  215.111602    0.142558    0.296935
   77.708908  215.109136    0.228347    0.882787
   77.710369  215.106671    0.176856    0.398276
   77.711831  215.104205    0.112441    0.234204
   77.713292  215.101735    0.221132    0.814554
   77.714753  215.099262    0.219042    0.794767
   77.716215  215.096786    0.295744    1.516215
   77.717677  215.094307    0.262878    1.206907
   77.719139  215.091825    0.216534    0.770814
   77.720602  215.089341    0.264734    1.224127
   77.722066  215.086855    0.198657    0.602402
   77.723530  215.084367    0.277162    1.340805
   77.724996  215.081878    0.445728    2.926435
   77.726461  215.079389    0.254275    1.125249
   77.727928  215.076899    0.362024    2.138759
   77.729393  215.074411    0.286537    1.428512
   77.730859  215.071927    0.270925    1.281522
   77.732323  215.069448    0.448481    2.951732
   77.733787  215.066969    0.251141    1.095161
   77.735249  215.064491    0.333613    1.870889
   77.736710  215.062009    0.353424    2.057137
   77.738170  215.059522    0.237686    0.968224
   77.739628  215.057035    0.233788    0.931434
   77.741087  215.054548    0.390662    2.407083
   77.742546  215.052063    0.488676    3.329016
   77.744006  215.049581    0.218599    0.788188
   77.745467  215.047100    0.119130    0.248136
   77.746928  215.044619    0.267509    1.248057
   77.748389  215.042137    0.193822    0.554743
   77.749850  215.039654    0.197853    0.592539
   77.751312  215.037170    0.171796    0.357834
   77.752774  215.034686    0.140905    0.293492
   77.754237  215.032201    0.209271    0.699592
   77.755699  215.029716    0.279173    1.357058
   77.757163  215.027229    0.167514    0.348916
   77.758626  215.024739    0.220945    0.809047
   77.760090  215.022245    0.260421    1.180294
   77.761554  215.019747    0.236185    0.952174
   77.763018  215.017246    0.247341    1.056999
   77.764482  215.014743    0.175139    0.377651
   77.765946  215.012241    0.225009    0.846678
   77.767409  215.009740    0.133232    0.277510
   77.768871  215.007238    0.168528    0.351027
   77.770334  215.004736    0.327636    1.811760
   77.771797  215.002233    0.248906    1.070999
   77.773260  214.999730    0.199383    0.605000
   77.774723  214.997227    0.316562    1.707222
   77.776186  214.994722    0.353808    2.057489
   77.777649  214.992214    0.326996    1.805140
   77.779113  214.989702    0.473998    3.187917
   77.780576  214.987191    0.215182    0.753021
   77.782038  214.984681    0.156938    0.326886
   77.783500  214.982175    0.307856    1.624596
   77.784960  214.979675    0.201087    0.620062
   77.786420  214.977178    0.293398    1.488350
   77.787881  214.974685    0.243192    1.015918
   77.789342  214.972196    0.275246    1.317345
   77.790804  214.969710    0.234176    0.930865
   77.792266  214.967225    0.521015    3.629132
   77.793727  214.964739    0.225266    0.846801
   77.795188  214.962245    0.132762    0.276530
   77.796646  214.959744    0.095452    0.198817
   77.798104  214.957239    0.182328    0.442510
   77.799561  214.954733    0.334734    1.876121
   77.801018  214.952229    0.322523    1.761131
   77.802476  214.949728    0.162446    0.338358
   77.803934  214.947227    0.029644    0.061745
   77.805392  214.944726    0.299959    1.548501
   77.806851  214.942225    0.223973    0.833551
   77.808312  214.939723    0.210939    0.710819
   77.809774  214.937220    0.221403    0.809134
   77.811236  214.934713    0.310016    1.642627
   77.812699  214.932200    0.368492    2.192615
   77.814162  214.929681    0.325286    1.786040
   77.815626  214.927158    0.324229    1.775972
   77.817090  214.924633    0.481991    3.259969
   77.818554  214.922105    0.259241    1.164371
   77.820019  214.919575    0.129177    0.269062
   77.821483  214.917044    0.169095    0.352209
   77.822948  214.914511    0.313364    1.673156
   77.824412  214.911977    0.339871    1.922397
   77.825876  214.909443    0.314428    1.682923
   77.827339  214.906909    0.530389    3.714422
   77.828801  214.904378    0.266188    1.228873
   77.830263  214.901853    0.289039    1.443723
   77.831723  214.899335    0.242309    1.003994
   77.833183  214.896819    0.427267    2.743836
   77.834643  214.894304    0.229099    0.879488
   77.836101  214.891787    0.292292    1.473841
   77.837560  214.889265    0.184009    0.455070
   77.839018  214.886743    0.378600    2.285532
   77.840475  214.884222    0.256256    1.134478
   77.841932  214.881702    0.172093    0.358452
   77.843388  214.879186    0.168005    0.349937
   77.846301  214.874155    0.182479    0.439956
   77.847758  214.871641    0.246671    1.043705
   77.849217  214.869129    0.238242    0.964292
   77.850677  214.866615    0.218423    0.777730
   77.852137  214.864097    0.229672    0.883431
   77.853597  214.861572    0.259439    1.163344
   77.855057  214.859038    0.141107    0.293911
   77.856518  214.856500    0.192480    0.533199
   77.859440  214.851427    0.366903    2.173822
   77.860902  214.848897    0.188876    0.498948
   77.862364  214.846368    0.282480    1.379397
   77.863827  214.843838    0.164806    0.343275
   77.865288  214.841308    0.265341    1.217927
   77.866749  214.838776    0.309804    1.636092
   77.868210  214.836242    0.152214    0.317046
   77.869671  214.833706    0.281915    1.373499
   77.871132  214.831167    0.330204    1.827649
   77.872594  214.828623    0.268696    1.248912
   77.874055  214.826078    0.256545    1.134484
   77.875517  214.823530    0.506638    3.487077
   77.876979  214.820981    0.323512    1.764237
   77.878441  214.818431    0.357220    2.081220
   77.879902  214.815881    0.317607    1.708451
   77.881363  214.813330    0.490578    3.335534
   77.882824  214.810782    0.475782    3.196227
   77.884285  214.808237    0.418332    2.655654
   77.885745  214.805692    0.390305    2.391876
   77.887205  214.803149    0.323679    1.764993
   77.890128  214.798064    0.317975    1.711096
   77.891589  214.795523    0.416795    2.640615
   77.893050  214.792981    0.307516    1.612477
   77.894509  214.790440    0.347502    1.988519
   77.895967  214.787898    0.130558    0.271938
   77.897423  214.785356    0.254852    1.116693
   77.898880  214.782814    0.234716    0.927156
   77.900336  214.780271    0.288339    1.431486
   77.901793  214.777726    0.300214    1.543090
   77.903251  214.775182    0.341349    1.929940
   77.904708  214.772639    0.293913    1.483582
   77.906167  214.770098    0.331539    1.837426
   77.907626  214.767561    0.409150    2.567420
   77.909085  214.765024    0.279758    1.350070
   77.910546  214.762485    0.307163    1.607764
   77.912006  214.759942    0.270052    1.258530
   77.913468  214.757394    0.290217    1.448111
   77.914930  214.754842    0.312854    1.660949
   77.916392  214.752287    0.285533    1.403816
   77.917854  214.749729    0.426828    2.732909
   77.919315  214.747168    0.403637    2.514621
   77.920775  214.744605    0.242992    1.003271
   77.922236  214.742040    0.212779    0.718926
   77.923699  214.739475    0.405513    2.531923
   77.925163  214.736910    0.338345    1.899932
   77.926627  214.734345    0.310227    1.635308
   77.928091  214.731778    0.285291    1.400609
   77.929555  214.729210    0.337661    1.893156
   77.931018  214.726640    0.324196    1.766363
   77.932481  214.724069    0.305044    1.586082
   77.935404  214.718931    0.482714    3.257246
   77.936863  214.716365    0.225885    0.841058
   77.938321  214.713799    0.312106    1.652050
   77.939778  214.711234    0.395014    2.431875
   77.941235  214.708667    0.264340    1.202463
   77.942692  214.706098    0.470781    3.144408
   77.944149  214.703529    0.278034    1.331062
   77.945605  214.700963    0.286189    1.407661
   77.947062  214.698403    0.439673    2.851421
   77.948518  214.695850    0.487356    3.299874
   77.949974  214.693299    0.322782    1.751556
   77.951430  214.690748    0.322282    1.746738
   77.952887  214.688195    0.310329    1.634171
   77.954345  214.685637    0.347631    1.984969
   77.955804  214.683077    0.478397    3.215016
   77.957263  214.680514    0.392499    2.406829
   77.958722  214.677946    0.425720    2.719230
   77.960182  214.675373    0.471008    3.145154
   77.961643  214.672798    0.391833    2.400213
   77.963103  214.670224    0.268782    1.242516
   77.964564  214.667654    0.347899    1.986680
   77.966024  214.665091    0.379641    2.285170
   77.967484  214.662526    0.367098    2.167058
   77.968945  214.659960    0.249932    1.064722
   77.970405  214.657384    0.267117    1.226273
   77.971866  214.654799    0.232204    0.897713
   77.973327  214.652211    0.385957    2.344009
   77.974787  214.649622    0.275814    1.307737
   77.976247  214.647037    0.391849    2.399199
   77.977705  214.644459    0.184913    0.452372
   77.979164  214.641881    0.367005    2.165251
   77.980622  214.639302    0.306264    1.593727
   77.982081  214.636718    0.436525    2.819016
   77.983541  214.634128    0.300846    1.542527
   77.985001  214.631536    0.239261    0.963061
   77.986461  214.628944    0.277495    1.322620
   77.987921  214.626354    0.260432    1.161990
   77.989379  214.623766    0.278896    1.335568
   77.990838  214.621179    0.264675    1.201674
   77.992295  214.618593    0.218017    0.762631
   77.993753  214.616009    0.282353    1.367739
   77.995209  214.613427    0.267099    1.224132
   77.996665  214.610845    0.277194    1.318977
   77.998121  214.608264    0.319825    1.719904
   77.999577  214.605682    0.278994    1.335682
   78.001033  214.603097    0.373167    2.221484
   78.002488  214.600514    0.564334    4.019734
   78.003945  214.597933    0.266277    1.215699
   78.005402  214.595358    0.474827    3.177485
   78.006861  214.592791    0.825724    6.478375
   78.008320  214.590224    0.536877    3.760979
   78.009779  214.587654    0.332769    1.840752
   78.011239  214.585074    0.381983    2.303604
   78.012697  214.582482    0.550033    3.884392
   78.014156  214.579886    0.492016    3.338486
   78.015615  214.577286    0.446822    2.913221
   78.017074  214.574686    0.402382    2.495039
   78.018534  214.572088    0.276519    1.310893
   78.019993  214.569490    0.423084    2.689560
   78.021452  214.566894    0.414389    2.607643
   78.024370  214.561721    0.316523    1.686761
   78.025828  214.559138    0.389529    2.373434
   78.027285  214.556554    0.400013    2.471940
   78.028742  214.553966    0.285809    1.397469
   78.030197  214.551370    0.257796    1.133825
   78.031653  214.548771    0.289920    1.435914
   78.033108  214.546169    0.209350    0.677851
   78.034564  214.543566    0.171207    0.356608
   78.036021  214.540962    0.214996    0.730728
   78.038935  214.535749    0.170773    0.355703
   78.040393  214.533140    0.170823    0.355806
   78.043309  214.527918    0.279422    1.336232
   78.044767  214.525306    0.263782    1.188979
   78.046225  214.522694    0.161134    0.335626
   78.047683  214.520084    0.199167    0.580898
   78.049141  214.517473    0.185209    0.449474
   78.050598  214.514863    0.333033    1.839983
   78.052056  214.512253    0.156573    0.326127
   78.053514  214.509642    0.185876    0.455404
   78.054973  214.507032    0.090294    0.188073
   78.056431  214.504422    0.211754    0.698615
   78.057891  214.501811    0.242397    0.986766
   78.059351  214.499199    0.224275    0.816171
   78.060812  214.496588    0.176770    0.369160
   78.062272  214.493978    0.152905    0.318486
   78.065190  214.488771    0.321204    1.727544
   78.068104  214.483565    0.239862    0.962100
   78.071017  214.478336    0.322469    1.738989
   78.072472  214.475716    0.453683    2.973245
   78.073928  214.473093    0.212200    0.701424
   78.075382  214.470472    0.286880    1.403856
   78.076837  214.467853    0.326569    1.777112
   78.078292  214.465234    0.365015    2.138675
   78.079747  214.462614    0.391904    2.391513
   78.081202  214.459994    0.491683    3.330057
   78.082659  214.457372    0.290048    1.433102
   78.084117  214.454750    0.231934    0.886287
   78.087031  214.449504    0.361066    2.100850
   78.088488  214.446882    0.296583    1.494133
   78.089944  214.444258    0.569159    4.058231
   78.091401  214.441634    0.510486    3.506161
   78.092857  214.439006    0.410727    2.567584
   78.094312  214.436375    0.313851    1.656130
   78.095768  214.433743    0.331934    1.826125
   78.098681  214.428486    0.341555    1.916413
   78.100138  214.425864    0.293991    1.468852
   78.101596  214.423244    0.399350    2.459884
   78.103054  214.420624    0.525367    3.645258
   78.104511  214.418003    0.384880    2.323545
   78.105967  214.415379    0.430946    2.756786
   78.107423  214.412754    0.296136    1.488474
   78.108879  214.410130    0.444989    2.888673
   78.110335  214.407505    0.317132    1.685769
   78.113249  214.402257    0.268180    1.225038
   78.114707  214.399632    0.246561    1.021548
   78.116165  214.397005    0.444318    2.881798
   78.117623  214.394375    0.274874    1.287677
   78.120540  214.389112    0.145644    0.303362
   78.121997  214.386481    0.165516    0.344754
   78.123454  214.383851    0.146315    0.304760
   78.124910  214.381220    0.121940    0.253989
   78.126366  214.378588    0.148393    0.309087
   78.129279  214.373314    0.109314    0.227689
   78.132191  214.368032    0.140862    0.293402
   78.133646  214.365389    0.168701    0.351388
   78.136557  214.360101    0.098293    0.204735
   78.138012  214.357457    0.218319    0.754079
   78.139467  214.354816    0.406070    2.520201
   78.140922  214.352178    0.131859    0.274649
   78.143833  214.346899    0.165323    0.344351
   78.145289  214.344254    0.090382    0.188257
   78.149658  214.336291    0.227659    0.841056
   78.151115  214.333632    0.352289    2.013379
   78.152572  214.330973    0.178268    0.376194
   78.154030  214.328313    0.180145    0.393735
   78.155487  214.325654    0.161050    0.335452
   78.156946  214.322996    0.112632    0.234601
   78.158405  214.320341    0.152932    0.318541
   78.159864  214.317688    0.132113    0.275178
   78.162781  214.312386    0.175670    0.365902
   78.164236  214.309738    0.094743    0.197340
   78.165691  214.307090    0.092897    0.193495
   78.167146  214.304441    0.151006    0.314531
   78.168600  214.301792    0.148209    0.308705
   78.170054  214.299140    0.116083    0.241790
   78.171508  214.296487    0.140646    0.292952
   78.172962  214.293834    0.154704    0.322233
   78.174414  214.291182    0.106634    0.222108
   78.177318  214.285877    0.138638    0.288768
   78.180222  214.280573    0.049803    0.103734
   78.181676  214.277923    0.108977    0.226988
   78.183130  214.275271    0.073794    0.153705
   78.184584  214.272617    0.081522    0.169803
   78.186038  214.269957    0.033483    0.069742
   78.187493  214.267291    0.125238    0.260858
   78.191860  214.259265    0.098872    0.205940
   78.193316  214.256579    0.139406    0.290369
   78.194772  214.253893    0.164128    0.341863
   78.196229  214.251210    0.049446    0.102990
   78.197685  214.248537    0.094547    0.196932
   78.199141  214.245877    0.091101    0.189754
   78.200598  214.243220    0.123753    0.257764
   78.202055  214.240564    0.150272    0.313001
   78.203513  214.237904    0.046481    0.096815
   78.204973  214.235238    0.145278    0.302599
   78.206433  214.232568    0.135120    0.281442
   78.207892  214.229895    0.022881    0.047658
   78.209349  214.227217    0.089821    0.187088
   78.210805  214.224535    0.132338    0.275647
   78.212259  214.221852    0.083584    0.174097
   78.213713  214.219171    0.086015    0.179161
   78.216621  214.213838    0.131082    0.273031
   78.218074  214.211180    0.127933    0.266472
   78.219528  214.208521    0.142987    0.297828
   78.220983  214.205857    0.088527    0.184394
   78.226802  214.195150    0.460556    3.026084
   78.228256  214.192461    0.292926    1.449024
   78.229710  214.189769    0.154304    0.321400
   78.231163  214.187077    0.217613    0.740310
   78.232616  214.184384    0.205817    0.629225
   78.234069  214.181694    0.160894    0.335126
   78.235522  214.179004    0.191145    0.490984
   78.236975  214.176314    0.121075    0.252187
   78.238429  214.173626    0.160329    0.333949
   78.239884  214.170938    0.198584    0.560624
   78.241340  214.168250    0.210042    0.668307
   78.242796  214.165561    0.174542    0.363553
   78.244252  214.162869    0.274737    1.276693
   78.245709  214.160173    0.356360    2.044433
   78.248622  214.154774    0.084876    0.176788
   78.251535  214.149361    0.278280    1.309461
   78.252992  214.146653    0.115213    0.239977
   78.254448  214.143949    0.129005    0.268705
   78.255904  214.141254    0.145840    0.303771
   78.257361  214.138570    0.147287    0.306785
   78.258816  214.135891    0.655212    4.854835
   78.260271  214.133214    0.342542    1.913330
   78.261725  214.130538    0.314636    1.650699
   78.264629  214.125181    0.276489    1.291618
   78.268982  214.117099    0.111406    0.232049
   78.270432  214.114389    0.134412    0.279967
   78.271883  214.111679    0.113084    0.235543
   78.273334  214.108971    0.145870    0.303832
   78.274785  214.106268    0.190266    0.479706
   78.277690  214.100868    0.158708    0.330574
   78.279144  214.098171    0.132276    0.275518
   78.280600  214.095476    0.141384    0.294488
   78.282056  214.092779    0.124342    0.258992
   78.283513  214.090080    0.192523    0.500269
   78.284970  214.087373    0.133195    0.277433
   78.286428  214.084656    0.101723    0.211878
   78.287886  214.081936    0.111787    0.232841
   78.289343  214.079214    0.116665    0.243001
   78.290799  214.076493    0.081689    0.170150
   78.293708  214.071056    0.131157    0.273187
   78.295162  214.068339    0.178408    0.371607
   78.296617  214.065624    0.008328    0.017346
   78.299527  214.060199    0.140138    0.291894
   78.300982  214.057488    0.077588    0.161607
   78.302435  214.054780    0.086233    0.179615
   78.306791  214.046660    0.167508    0.348902
   78.309698  214.041223    0.141662    0.295069
   78.311152  214.038500    0.103171    0.214895
   78.312606  214.035776    0.120886    0.251794
   78.314060  214.033056    0.115619    0.240823
   78.315513  214.030341    0.109002    0.227041
   78.316967  214.027628    0.195241    0.523371
   78.318420  214.024917    0.094639    0.197125
   78.321326  214.019503    0.102042    0.212544
   78.322778  214.016795    0.174644    0.363766
   78.324230  214.014083    0.258477    1.117717
   78.325683  214.011361    0.415047    2.590519
   78.328590  214.005888    0.159076    0.331339
   78.330044  214.003148    0.271450    1.239333
   78.331497  214.000411    0.191994    0.491756
   78.332950  213.997681    0.409528    2.538064
   78.334402  213.994952    0.636765    4.675654
   78.337307  213.989498    0.722577    5.482697
   78.338759  213.986772    0.228185    0.831681
   78.340211  213.984047    0.257372    1.106145
   78.341664  213.981321    0.318617    1.682189
   78.343118  213.978594    0.315731    1.654935
   78.344573  213.975866    0.670562    4.992844
   78.346029  213.973135    0.578421    4.125937
   78.347484  213.970402    0.522877    3.603302
   78.348938  213.967662    0.760857    5.841952
   78.350391  213.964915    0.320094    1.695446
   78.351844  213.962166    0.521885    3.593653
   78.353296  213.959417    0.587156    4.207573
   78.354749  213.956670    0.754521    5.781923
   78.356203  213.953928    0.344015    1.920046
   78.357656  213.951189    0.652491    4.821878
   78.359110  213.948453    0.742624    5.669686
   78.360562  213.945722    0.743634    5.679080
   78.362013  213.942997    0.638819    4.692945
   78.363464  213.940272    0.500699    3.393495
   78.364914  213.937549    0.666307    4.951317
   78.366363  213.934822    0.716862    5.426801
   78.367811  213.932092    0.519183    3.567060
   78.369260  213.929361    1.112464    9.148147
   78.370708  213.926626    0.480212    3.200237
   78.372156  213.923889    0.680744    5.086603
   78.373605  213.921148    0.413682    2.574148
   78.375054  213.918406    0.499794    3.384127
   78.376503  213.915663    0.427198    2.701083
   78.377953  213.912922    0.284936    1.362673
   78.379404  213.910184    0.368390    2.147644
   78.380855  213.907445    0.356468    2.035388
   78.382307  213.904704    0.190935    0.478053
   78.383760  213.901958    0.177229    0.369150
   78.385215  213.899208    0.339727    1.877573
   78.386671  213.896455    0.360706    2.074830
   78.388127  213.893698    0.278435    1.300766
   78.389584  213.890938    0.359081    2.059320
   78.391041  213.888174    0.476518    3.163988
   78.392498  213.885409    0.543275    3.791885
   78.393955  213.882643    0.348843    1.962695
   78.395410  213.879880    0.612030    4.438476
   78.396864  213.877122    0.290761    1.416077
   78.398317  213.874364    0.382921    2.282953
   78.399770  213.871605    0.254375    1.073575
   78.401224  213.868842    0.218826    0.739044
   78.402678  213.866074    0.321679    1.706508
   78.404132  213.863306    0.288331    1.392690
   78.405585  213.860536    0.326630    1.752875
   78.407037  213.857768    0.435643    2.778291
   78.408488  213.855001    0.301372    1.515048
   78.409938  213.852236    0.304407    1.543488
   78.411387  213.849473    0.393728    2.383658
   78.412836  213.846715    0.230823    0.851052
   78.414284  213.843964    0.193085    0.495928
   78.417180  213.838465    0.358186    2.048879
   78.418629  213.835716    0.272249    1.240330
   78.420079  213.832964    0.349596    1.967859
   78.421529  213.830211    0.289662    1.403931
   78.422979  213.827456    0.595104    4.277219
   78.424429  213.824698    0.360414    2.069300
   78.425879  213.821936    0.368206    2.142501
   78.427329  213.819173    0.307076    1.567322
   78.428780  213.816408    0.390891    2.355691
   78.430231  213.813642    0.420373    2.632935
   78.431682  213.810877    0.435628    2.776336
   78.433135  213.808110    0.450066    2.912046
   78.434588  213.805343    0.359856    2.063309
   78.436042  213.802575    0.112047    0.233382
   78.437497  213.799807    0.280078    1.312591
   78.438952  213.797037    0.249307    1.023019
   78.440408  213.794263    0.289873    1.404524
   78.441862  213.791479    0.241197    0.946509
   78.443315  213.788686    0.152944    0.318566
   78.444767  213.785890    0.225903    0.802415
   78.446219  213.783094    0.210548    0.657865
   78.447671  213.780303    0.007442    0.015501
   78.449123  213.777519    0.329369    1.775436
   78.453480  213.769179    0.453034    2.938471
   78.454931  213.766400    0.231574    0.855016
   78.457834  213.760842    0.000000    0.000000
   78.459284  213.758060    0.343242    1.905199
   78.460734  213.755277    0.275697    1.269675
   78.462183  213.752493    0.311685    1.608122
   78.466527  213.744151    0.135529    0.282294
   78.473764  213.730276    0.326542    1.747037
   78.475213  213.727499    0.464073    3.040730
   78.476663  213.724720    0.258757    1.109145
   78.478114  213.721936    0.160416    0.334131
   78.481017  213.716356    0.260403    1.124310
   78.482469  213.713555    0.210903    0.658542
   78.483921  213.710745    0.183624    0.401809
   78.485372  213.707932    0.287902    1.382681
   78.488275  213.702309    0.144169    0.300289
   78.494082  213.691104    0.160948    0.335239
   78.496986  213.685510    0.140436    0.292514
   78.498437  213.682709    0.207611    0.626400
   78.499888  213.679900    0.217677    0.720988
   78.501337  213.677080    0.270390    1.216769
   78.502785  213.674258    0.204636    0.598095
   78.504234  213.671435    0.176919    0.368505
   78.505682  213.668615    0.310041    1.589459
   78.507130  213.665802    0.196161    0.518057
   78.508579  213.662991    0.217852    0.722002
   78.510028  213.660183    0.204833    0.599424
   78.512931  213.654579    0.311407    1.601806
   78.514385  213.651781    0.936738    7.484395
   78.515838  213.648983    0.258406    1.103001
   78.517290  213.646184    0.210749    0.654571
   78.518742  213.643383    0.210293    0.650173
   78.520193  213.640580    0.208970    0.637627
   78.521644  213.637775    0.178269    0.371317
   78.523095  213.634964    0.428287    2.700611
   78.524546  213.632147    0.415886    2.583846
   78.525997  213.629328    0.472332    3.114758
   78.527449  213.626506    0.249433    1.017768
   78.528900  213.623684    0.201542    0.567134
   78.531803  213.618038    0.196489    0.519398
   78.534704  213.612401    0.270389    1.214390
   78.536153  213.609591    0.302657    1.517851
   78.537601  213.606780    0.290515    1.403523
   78.539050  213.603968    0.166056    0.345878
   78.540498  213.601149    0.176922    0.368510
   78.541947  213.598320    0.225027    0.787149
   78.543396  213.595487    0.337359    1.843789
   78.544845  213.592651    0.308313    1.570443
   78.549197  213.584134    0.190541    0.462212
   78.550648  213.581296    0.237125    0.900346
   78.553552  213.575637    0.239141    0.919107
   78.555004  213.572811    0.242149    0.947303
   78.557905  213.567152    0.208846    0.633798
   78.559355  213.564312    0.213788    0.680187
   78.560804  213.561470    0.227009    0.804464
   78.562252  213.558630    0.273230    1.239182
   78.565144  213.552967    0.241381    0.939356
   78.566590  213.550142    0.230561    0.837472
   78.569482  213.544500    0.311149    1.595384
   78.570930  213.541682    0.219406    0.732224
   78.572378  213.538865    0.271966    1.226568
   78.573827  213.536046    0.353292    1.991533
   78.575275  213.533224    0.225841    0.792452
   78.576722  213.530398    0.253773    1.055116
   78.578169  213.527568    0.262131    1.133640
   78.579616  213.524733    0.328529    1.758169
   78.581064  213.521891    0.337486    1.842325
   78.582512  213.519039    0.334853    1.817457
   78.583960  213.516184    0.241997    0.943826
   78.585409  213.513327    0.301394    1.502490
   78.586859  213.510470    0.309929    1.582680
   78.589763  213.504761    0.455620    2.953039
   78.591215  213.501909    0.359079    2.044741
   78.592666  213.499062    0.278460    1.286230
   78.594116  213.496223    0.308248    1.566354
   78.595565  213.493383    0.266696    1.175361
   78.597014  213.490541    0.318476    1.662368
   78.598462  213.487689    0.256648    1.080629
   78.599910  213.484824    0.355755    2.012863
   78.601357  213.481957    0.317073    1.648861
   78.602805  213.479089    0.261316    1.124237
   78.604252  213.476224    0.196343    0.512911
   78.605699  213.473366    0.254460    1.059537
   78.607146  213.470510    0.244182    0.962745
   78.608593  213.467655    0.319288    1.669188
   78.610039  213.464804    0.252978    1.045292
   78.611486  213.461956    0.254005    1.054850
   78.612933  213.459108    0.226073    0.791985
   78.614381  213.456259    0.246453    0.983605
   78.615830  213.453407    0.235230    0.877923
   78.617280  213.450549    0.226467    0.795378
   78.618731  213.447690    0.285046    1.346351
   78.620181  213.444829    0.146440    0.305019
   78.621631  213.441968    0.204359    0.587101
   78.623079  213.439107    0.246100    0.979666
   78.624527  213.436246    0.410045    2.521847
   78.627424  213.430526    0.264659    1.153948
   78.628874  213.427668    0.306473    1.547211
   78.630325  213.424811    0.150754    0.314005
   78.631775  213.421955    0.388179    2.315639
   78.636120  213.413391    0.327559    1.745059
   78.637567  213.410531    0.527359    3.624545
   78.639012  213.407661    0.369503    2.139441
   78.640457  213.404780    0.166282    0.346349
   78.641900  213.401894    0.300476    1.489870
   78.643344  213.399008    0.417412    2.589825
   78.644789  213.396125    0.537400    3.718491
   78.647682  213.390372    0.232209    0.847260
   78.649130  213.387497    0.239512    0.915857
   78.650579  213.384622    0.193917    0.486825
   78.652030  213.381746    0.263409    1.140456
   78.653481  213.378869    0.297397    1.460092
   78.654931  213.375991    0.329993    1.766628
   78.656380  213.373108    0.291535    1.404746
   78.657826  213.370222    0.147909    0.308080
   78.659272  213.367333    0.364516    2.091097
   78.660719  213.364446    0.253841    1.049835
   78.662166  213.361560    0.192652    0.474109
   78.663615  213.358677    0.221875    0.748914
   78.665065  213.355796    0.242993    0.947485
   78.666514  213.352918    0.346906    1.924921
   78.667965  213.350043    0.211722    0.653100
   78.669415  213.347171    0.281841    1.312627
   78.670865  213.344301    0.166031    0.345827
   78.672315  213.341431    0.214946    0.683122
   78.673763  213.338559    0.232195    0.845286
   78.675211  213.335685    0.259306    1.100231
   84.374963  188.311879    0.296416    1.301107
   84.376054  188.300625    0.281000    1.156110
   84.377146  188.289365    0.317508    1.499588
   84.378238  188.278095    0.450517    2.750878
   84.379331  188.266809    0.395906    2.237164
   84.380425  188.255506    0.376177    2.051603
   84.382615  188.232872    0.211345    0.501035
   84.383710  188.221548    0.263760    0.994150
   84.384804  188.210221    0.303931    1.372086
   84.385899  188.198889    0.469356    2.928328
   84.386993  188.187553    0.392667    2.206920
   84.388088  188.176212    0.330171    1.619027
   84.389182  188.164864    0.312096    1.449028
   84.390276  188.153513    0.479897    3.027621
   84.391370  188.142158    0.277665    1.125188
   84.392463  188.130796    0.314692    1.473543
   84.394646  188.108061    0.171538    0.357296
   84.395735  188.096699    0.251891    0.882845
   84.396823  188.085356    0.254500    0.907423
   84.397908  188.074032    0.135834    0.282928
   84.398993  188.062714    0.346110    1.769293
   84.400077  188.051398    0.402089    2.295941
   84.401162  188.040077    0.279372    1.141531
   84.402249  188.028749    0.293956    1.278759
   84.403336  188.017415    0.393990    2.219844
   84.404422  188.006074    0.122294    0.254727
   84.405507  187.994724    0.130760    0.272360
   84.406591  187.983363    0.385483    2.139906
   84.410928  187.937851    0.449634    2.743530
   84.412015  187.926454    0.351501    1.820386
   84.413102  187.915047    0.277478    1.124055
   84.414190  187.903619    0.236447    0.738099
   84.415278  187.892170    0.324095    1.562668
   84.416366  187.880711    0.350604    1.812079
   84.417454  187.869247    0.242296    0.793219
   84.418541  187.857787    0.261921    0.977868
   84.419627  187.846333    0.050565    0.105321
   84.420713  187.834880    0.309275    1.423405
   84.421798  187.823424    0.329876    1.617244
   84.422884  187.811962    0.233198    0.707790
   84.423970  187.800496    0.288863    1.231477
   84.425056  187.789026    0.286510    1.209381
   84.426141  187.777554    0.254332    0.906701
   84.427225  187.766079    0.256581    0.927886
   84.428308  187.754601    0.371980    2.013517
   84.429389  187.743123    0.330645    1.624698
   84.430470  187.731644    0.351221    1.818296
   84.431551  187.720169    0.311374    1.443475
   84.432631  187.708700    0.249171    0.858335
   84.433710  187.697226    0.328870    1.608129
   84.434790  187.685748    0.473922    2.972713
   84.435870  187.674253    0.293783    1.278118
   84.436951  187.662742    0.311063    1.440706
   84.438031  187.651226    0.086667    0.180518
   84.439111  187.639708    0.319306    1.518316
   84.440190  187.628199    0.481911    3.048023
   84.441268  187.616700    0.352580    1.831395
   84.442345  187.605199    0.340561    1.718365
   84.443422  187.593693    0.236680    0.741155
   84.444499  187.582174    0.258679    0.948133
   84.446654  187.559093    0.186372    0.388194
   84.447731  187.547536    0.300082    1.337718
   84.448810  187.535965    0.235952    0.734462
   84.449890  187.524380    0.292423    1.265736
   84.450970  187.512787    0.157364    0.327773
   84.452050  187.501186    0.256101    0.924106
   84.454211  187.477982    0.234112    0.717309
   84.455291  187.466373    0.212715    0.516056
   84.456371  187.454758    0.192734    0.401446
   84.457451  187.443130    0.274342    1.095866
   84.458531  187.431490    0.198173    0.412775
   84.459610  187.419845    0.346034    1.770356
   84.460688  187.408198    0.228830    0.667818
   84.461766  187.396555    0.292813    1.269753
   84.462844  187.384918    0.243821    0.808907
   84.463920  187.373285    0.190683    0.397174
   84.464995  187.361658    0.348448    1.793232
   84.466068  187.350043    0.366934    1.967162
   84.467139  187.338441    0.245751    0.827189
   84.468209  187.326843    0.289759    1.241229
   84.469278  187.315243    0.164423    0.342477
   84.470347  187.303636    0.327662    1.597868
   84.471416  187.292020    0.192564    0.401091
   84.472486  187.280398    0.430945    2.569554
   84.473555  187.268768    0.288130    1.226083
   84.474624  187.257133    0.257142    0.934605
   84.475693  187.245491    0.211268    0.503088
   84.476761  187.233839    0.211702    0.507210
   84.477830  187.222177    0.264044    0.999642
   84.478900  187.210501    0.240150    0.774897
   84.479971  187.198811    0.082462    0.171760
   84.481042  187.187110    0.189395    0.394490
   84.482113  187.175398    0.101543    0.211505
   84.483185  187.163677    0.315617    1.484989
   84.484258  187.151947    0.149619    0.311640
   84.485331  187.140209    0.188787    0.393224
   84.486404  187.128463    0.000000    0.000000
   84.487476  187.116709    0.151855    0.316298
   84.492834  187.057894    0.021680    0.045156
   84.498186  186.999033    0.316307    1.491987
   84.499257  186.987251    0.078186    0.162853
   84.500326  186.975483    0.353493    1.841878
   84.501393  186.963733    0.303071    1.367581
   84.502459  186.951983    0.305386    1.389391
   84.503525  186.940227    0.338392    1.699930
   84.505654  186.916654    0.253266    0.899190
   84.506718  186.904847    0.262287    0.984089
   84.507781  186.893034    0.250458    0.872847
   84.508846  186.881220    0.247467    0.844748
   84.509912  186.869409    0.301966    1.357473
   84.510978  186.857594    0.291154    1.255796
   84.512044  186.845775    0.308507    1.419075
   84.513109  186.833948    0.190486    0.396764
   84.514172  186.822112    0.334143    1.660315
   84.515235  186.810273    0.265581    1.015372
   84.516298  186.798430    0.336301    1.680695
   84.517361  186.786590    0.299356    1.333172
   84.518424  186.774753    0.216192    0.550854
   84.519488  186.762912    0.323258    1.558096
   84.520551  186.751065    0.175590    0.365735
   84.521613  186.739206    0.296061    1.302320
   84.522674  186.727336    0.491991    3.145535
   84.523736  186.715458    0.312095    1.453235
   84.524798  186.703572    0.383018    2.120467
   84.525861  186.691680    0.533624    3.537305
   84.526926  186.679782    0.280526    1.156359
   84.527991  186.667878    0.426534    2.529946
   84.529056  186.655966    0.253408    0.901321
   84.530121  186.644043    0.436289    2.621788
   84.531185  186.632109    0.475743    2.992979
   84.532249  186.620170    0.333953    1.659145
   84.533311  186.608227    0.292354    1.267847
   84.534372  186.596284    0.120080    0.250114
   84.535432  186.584343    0.176977    0.368625
   84.536491  186.572401    0.187873    0.391321
   84.537550  186.560459    0.604743    4.206739
   84.538610  186.548514    0.459174    2.837364
   84.539671  186.536565    0.209496    0.488591
   84.540732  186.524619    0.312820    1.460631
   84.541792  186.512679    0.331425    1.635695
   84.542850  186.500754    0.396717    2.249955
   84.543905  186.488847    0.258681    0.951440
   84.544959  186.476942    0.369827    1.997060
   84.546013  186.465033    0.237391    0.751231
   84.547066  186.453108    0.016703    0.034790
   84.548119  186.441162    0.032151    0.066968
   84.549172  186.429206    0.169652    0.353368
   84.551278  186.405263    0.112003    0.233290
   84.552332  186.393277    0.292811    1.272805
   84.553386  186.381284    0.244357    0.817015
   84.554441  186.369285    0.434026    2.601327
   84.555495  186.357288    0.264038    1.002235
   84.556550  186.345291    0.177257    0.369209
   84.557605  186.333288    0.127496    0.265561
   84.558660  186.321275    0.224569    0.631040
   84.559717  186.309248    0.056521    0.117727
   84.560775  186.297204    0.106244    0.221296
   84.561833  186.285147    0.043987    0.091620
   84.562891  186.273077    0.063102    0.131435
   84.563946  186.260985    0.164914    0.343499
   84.565000  186.248874    0.123037    0.256274
   84.566052  186.236758    0.092188    0.192018
   84.567104  186.224645    0.036793    0.076637
   84.568157  186.212553    0.167810    0.349531
   84.569211  186.200486    0.272327    1.080682
   84.570265  186.188426    0.333554    1.656704
   84.571318  186.176368    0.256510    0.931961
   84.572371  186.164301    0.383607    2.127646
   84.573423  186.152222    0.172273    0.358828
   84.574475  186.140139    0.216700    0.557567
   84.575526  186.128052    0.275909    1.114600
   84.576575  186.115963    0.301235    1.352881
   84.577623  186.103871    0.261912    0.982995
   84.578670  186.091776    0.271964    1.077597
   84.579717  186.079675    0.265251    1.014484
   84.581813  186.055459    0.266447    1.025807
   84.582862  186.043342    0.114639    0.238781
   84.586007  186.006954    0.206500    0.462008
   84.587055  185.994812    0.113657    0.236736
   84.588103  185.982662    0.287002    1.219390
   84.589150  185.970507    0.269562    1.055362
   84.590197  185.958346    0.311195    1.447059
   84.591243  185.946176    0.185601    0.386588
   84.592291  185.933996    0.256782    0.935244
   84.593339  185.921798    0.272631    1.084384
   84.594388  185.909585    0.217712    0.567778
   84.595438  185.897362    0.255179    0.920275
   84.596488  185.885135    0.159817    0.332883
   84.597538  185.872909    0.302583    1.366293
   84.598588  185.860687    0.290746    1.254981
   84.599638  185.848463    0.288011    1.229284
   84.600687  185.836235    0.271558    1.074540
   84.601736  185.824002    0.198654    0.413776
   84.602785  185.811763    0.163638    0.340842
   84.603832  185.799521    0.187817    0.391204
   84.604879  185.787277    0.266671    1.028711
   84.605925  185.775031    0.198501    0.413457
   84.606971  185.762786    0.255454    0.923268
   84.608015  185.750542    0.213473    0.528371
   84.609058  185.738301    0.299000    1.332987
   84.610099  185.726070    0.416926    2.442398
   84.611139  185.713850    0.459347    2.841499
   84.612178  185.701631    0.256973    0.937735
   84.613216  185.689409    0.294146    1.287478
   84.614255  185.677179    0.244985    0.825037
   84.615295  185.664937    0.377636    2.072968
   84.619452  185.615911    0.271148    1.071346
   84.621527  185.591352    0.224874    0.636098
   84.622565  185.579047    0.257598    0.943985
   84.623605  185.566722    0.278343    1.139176
   84.624645  185.554381    0.355990    1.869659
   84.625686  185.542028    0.349033    1.804261
   84.626729  185.529659    0.298336    1.327372
   84.627774  185.517278    0.377951    2.076378
   84.629865  185.492506    0.312578    1.461473
   84.630908  185.480133    0.190874    0.397572
   84.632989  185.455419    0.273253    1.091658
   84.634028  185.443056    0.263548    1.000397
   84.635068  185.430672    0.217149    0.563948
   84.637147  185.405852    0.287295    1.223918
   84.638185  185.393438    0.229894    0.683969
   84.639222  185.381033    0.318618    1.518661
   84.640257  185.368642    0.258207    0.950402
   84.641290  185.356257    0.271483    1.075329
   84.642323  185.343875    0.284555    1.198349
   84.643356  185.331503    0.235810    0.739824
   84.644388  185.319138    0.250515    0.878202
   84.645420  185.306769    0.269820    1.059851
   84.646451  185.294391    0.240065    0.779970
   84.647484  185.281988    0.268757    1.049927
   84.648517  185.269558    0.257081    0.940132
   84.649551  185.257116    0.258539    0.953884
   84.650584  185.244666    0.299399    1.338317
   84.651616  185.232219    0.341768    1.736931
   84.652647  185.219776    0.232414    0.708248
   84.653677  185.207330    0.241230    0.791220
   84.654707  185.194882    0.281150    1.166804
   84.655738  185.182429    0.328185    1.609320
   84.656770  185.169972    0.226409    0.651918
   84.657802  185.157508    0.343823    1.756515
   84.658834  185.145035    0.265084    1.015831
   84.659866  185.132546    0.328668    1.614021
   84.660897  185.120039    0.404759    2.329882
   84.661929  185.107525    0.244513    0.822432
   84.662960  185.095007    0.311336    1.451095
   84.663991  185.082496    0.429985    2.567315
   84.665020  185.069993    0.382749    2.122988
   84.666048  185.057487    0.347279    1.789346
   84.667077  185.044975    0.325117    1.580905
   84.668107  185.032448    0.362660    1.934122
   84.669139  185.019905    0.306165    1.402704
   84.670170  185.007354    0.386914    2.162372
   84.671202  184.994795    0.440052    2.662306
   84.673262  184.969667    0.360184    1.911037
   84.674291  184.957098    0.300896    1.353333
   84.675319  184.944528    0.444772    2.706870
   84.676347  184.931954    0.270643    1.068816
   84.677374  184.919381    0.316978    1.504747
   84.678400  184.906806    0.277920    1.137356
   84.679425  184.894232    0.379300    2.091117
   84.680451  184.881658    0.271279    1.074963
   84.681476  184.869083    0.317706    1.511761
   84.682501  184.856514    0.361386    1.922717
   84.683525  184.843951    0.279658    1.153910
   84.684548  184.831407    0.267675    1.041224
   84.685569  184.818881    0.320427    1.537522
   84.687612  184.793826    0.271159    1.074125
   84.688633  184.781276    0.271082    1.073442
   84.689654  184.768701    0.342060    1.741195
   84.690676  184.756111    0.477605    3.016350
   84.691698  184.743507    0.249571    0.871201
   84.692720  184.730889    0.268682    1.051024
   84.693743  184.718259    0.218257    0.576696
   84.694767  184.705615    0.317278    1.508262
   84.695791  184.692959    0.376580    2.066179
   84.697839  184.667607    0.361407    1.923522
   84.698864  184.654911    0.395247    2.241905
   84.699888  184.642204    0.398980    2.277070
   84.700913  184.629479    0.529646    3.506332
   84.701937  184.616738    0.461659    2.866797
   84.702961  184.603990    0.291138    1.262684
   84.703985  184.591239    0.408209    2.364058
   84.705007  184.578492    0.307812    1.419631
   84.706029  184.565754    0.385692    2.152311
   84.707051  184.553018    0.233141    0.717251
   84.708072  184.540287    0.279188    1.150479
   84.709092  184.527562    0.411910    2.399074
   84.710112  184.514844    0.678545    4.907441
   84.711132  184.502128    0.295756    1.306458
   84.712151  184.489412    0.370791    2.012381
   84.713168  184.476692    0.436180    2.627554
   84.714185  184.463966    0.474302    2.986222
   84.715201  184.451240    0.378148    2.081716
   84.716216  184.438515    0.367472    1.981323
   84.717229  184.425799    0.419077    2.466824
   84.718242  184.413093    0.338215    1.706174
   84.719255  184.400383    0.153152    0.319000
   84.720268  184.387666    0.435320    2.619756
   84.721282  184.374928    0.183499    0.382210
   84.722298  184.362167    0.607497    4.239557
   84.723315  184.349394    0.196442    0.409169
   84.724331  184.336612    0.262891    0.997818
   84.725347  184.323826    0.337529    1.700008
   84.726362  184.311037    0.408577    2.368415
   84.727377  184.298240    0.215528    0.552381
   84.728391  184.285433    0.232181    0.709084
   84.729406  184.272614    0.217412    0.570190
   84.730420  184.259782    0.507542    3.299583
   84.731434  184.246938    0.281988    1.177757
   84.732449  184.234082    0.206827    0.470731
   84.733465  184.221210    0.265718    1.024781
   84.735499  184.195430    0.214952    0.547289
   84.736516  184.182532    0.254612    0.920431
   84.737531  184.169636    0.357787    1.891071
   84.738545  184.156744    0.282620    1.183993
   84.739558  184.143853    0.235949    0.744984
   84.740570  184.130965    0.287178    1.226949
   84.741582  184.118084    0.286782    1.223270
   84.743605  184.092335    0.289848    1.252194
   84.744616  184.079458    0.227903    0.669502
   84.745628  184.066569    0.309842    1.440365
   84.746640  184.053667    0.328926    1.619936
   84.747652  184.040762    0.338591    1.710904
   84.748662  184.027859    0.193444    0.402924
   84.749671  184.014968    0.253001    0.905811
   84.750676  184.002094    0.298926    1.337877
   84.751681  183.989219    0.280577    1.165305
   84.752685  183.976338    0.238770    0.772054
   84.753688  183.963440    0.198712    0.413898
   84.754692  183.950521    0.255872    0.933020
   84.756700  183.924660    0.267261    1.040245
   84.757704  183.911724    0.383817    2.136764
   84.758708  183.898790    0.220321    0.598748
   84.759713  183.885851    0.298171    1.331144
   84.760718  183.872905    0.394931    2.241445
   84.761724  183.859952    0.217732    0.574517
   84.762731  183.846992    0.293136    1.283904
   84.763739  183.834019    0.242747    0.809920
   84.765756  183.808020    0.294532    1.297162
   84.766764  183.794981    0.222067    0.615503
   84.767772  183.781932    0.218351    0.580585
   84.769785  183.755836    0.261739    0.988831
   84.770790  183.742808    0.227263    0.664547
   84.771794  183.729783    0.216210    0.560605
   84.772798  183.716758    0.212157    0.522520
   84.774804  183.690708    0.228988    0.680936
   84.775807  183.677679    0.271299    1.079010
   84.776809  183.664643    0.236964    0.756055
   84.777810  183.651590    0.134173    0.279470
   84.778810  183.638521    0.218051    0.578221
   84.779810  183.625447    0.311204    1.454591
   84.780808  183.612374    0.268649    1.054308
   84.781806  183.599313    0.165937    0.345630
   84.782802  183.586267    0.173652    0.361700
   84.783797  183.573222    0.257458    0.949160
   84.784793  183.560172    0.231898    0.708758
   84.785790  183.547110    0.131608    0.274126
   84.786788  183.534033    0.323163    1.567405
   84.787787  183.520945    0.193094    0.402196
   84.788786  183.507850    0.164918    0.343507
   84.789786  183.494746    0.290966    1.264655
   84.790784  183.481634    0.227475    0.667416
   84.791783  183.468516    0.307990    1.424901
   84.792781  183.455392    0.181753    0.378574
   84.793778  183.442267    0.181682    0.378426
   84.794773  183.429141    0.178589    0.371984
   84.795767  183.416012    0.237555    0.762474
   84.796761  183.402878    0.153916    0.320591
   84.797757  183.389737    0.224308    0.637950
   84.798754  183.376589    0.218772    0.585916
   84.799751  183.363437    0.278930    1.151886
   84.800747  183.350284    0.106051    0.220893
   84.801743  183.337139    0.068961    0.143639
   84.802738  183.324001    0.244653    0.829568
   84.803732  183.310856    0.364967    1.961448
   84.804726  183.297697    0.317548    1.515401
   84.805720  183.284509    0.273178    1.098043
   84.806714  183.271288    0.245824    0.840763
   84.807708  183.258051    0.219640    0.594485
   84.808702  183.244803    0.192785    0.401552
   84.809696  183.231549    0.180118    0.375169
   84.810690  183.218294    0.220413    0.601893
   84.811683  183.205038    0.361304    1.927355
   84.812676  183.191782    0.222339    0.620108
   84.813669  183.178533    0.631801    4.472103
   84.814662  183.165291    0.322301    1.560574
   84.815655  183.152052    0.296220    1.315268
   84.816647  183.138815    0.276680    1.131494
   84.817640  183.125575    0.330388    1.636791
   84.818631  183.112332    0.239597    0.782735
   84.819622  183.099091    0.093483    0.194716
   84.820612  183.085854    0.090787    0.189100
   84.821600  183.072629    0.322429    1.562097
   84.822585  183.059417    0.093845    0.195469
   84.823570  183.046204    0.238081    0.768692
   84.824555  183.032986    0.211053    0.514477
   84.825540  183.019752    0.361375    1.928658
   84.826526  183.006499    0.277007    1.135022
   84.827512  182.993232    0.196302    0.408877
   84.828499  182.979952    0.171149    0.356486
   84.829487  182.966653    0.164495    0.342627
   84.830476  182.953337    0.171443    0.357099
   84.831465  182.940011    0.200386    0.417384
   84.832453  182.926676    0.176592    0.367823
   84.833440  182.913342    0.177782    0.370301
   84.834426  182.900010    0.165040    0.343761
   84.835411  182.886671    0.264688    1.019536
   84.836396  182.873323    0.206191    0.469287
   84.837382  182.859956    0.315167    1.494506
   84.838370  182.846570    0.196915    0.410154
   84.839358  182.833177    0.250908    0.890087
   84.840345  182.819780    0.376611    2.072667
   84.841332  182.806391    0.179719    0.374336
   84.842318  182.793010    0.165125    0.343939
   84.843303  182.779629    0.176776    0.368207
   84.844288  182.766246    0.340621    1.734281
   84.845272  182.752856    0.634325    4.497292
   84.846255  182.739457    0.413121    2.416396
   84.847238  182.726054    0.196567    0.409429
   84.848219  182.712649    0.183591    0.382403
   84.849199  182.699244    0.706991    5.181070
   84.850178  182.685840    0.244084    0.826396
   84.851156  182.672438    0.128426    0.267498
   84.852134  182.659037    0.149322    0.311023
   84.853111  182.645647    0.170768    0.355694
   84.854089  182.632267    0.343006    1.757166
   84.855068  182.618885    0.218290    0.583969
   84.856046  182.605494    0.293117    1.287932
   84.857026  182.592084    0.293446    1.291076
   84.858007  182.578650    0.200107    0.416804
   84.858988  182.565202    0.191691    0.399273
   84.859970  182.551741    0.171609    0.357444
   84.860951  182.538266    0.205871    0.467410
   84.861932  182.524776    0.088952    0.185277
   84.862912  182.511280    0.191236    0.398326
   84.864870  182.484285    0.120640    0.251281
   84.865846  182.470798    0.103897    0.216407
   84.866822  182.457310    0.077043    0.160473
   84.867798  182.443820    0.131329    0.273546
   84.868777  182.430325    0.208562    0.493084
   84.869757  182.416825    0.245980    0.845136
   84.870738  182.403320    0.203376    0.444391
   84.872695  182.376286    0.182240    0.379589
   84.873668  182.362755    0.172485    0.359268
   84.874641  182.349216    0.225610    0.653734
   84.875613  182.335669    0.174473    0.363411
   84.876585  182.322111    0.406851    2.358826
   84.877558  182.308544    0.337875    1.709987
   84.878532  182.294968    0.245177    0.837991
   84.879505  182.281385    0.319729    1.539374
   84.880480  182.267794    0.301125    1.364407
   84.881456  182.254194    0.238738    0.777552
   84.882432  182.240592    0.186221    0.387880
   84.883408  182.226987    0.200388    0.417388
   84.885354  182.199795    0.039599    0.082480
   84.886326  182.186198    0.123655    0.257561
   84.887297  182.172597    0.069146    0.144024
   84.888268  182.158982    0.139436    0.290431
   84.889239  182.145351    0.168152    0.350244
   84.890210  182.131714    0.232754    0.721672
   84.891180  182.118072    0.196435    0.409155
   84.892150  182.104431    0.304670    1.398301
   84.893120  182.090792    0.175898    0.366378
   84.894090  182.077152    0.252279    0.905528
   84.895059  182.063511    0.370414    2.016916
   84.896027  182.049869    0.269060    1.063484
   84.896995  182.036229    0.193146    0.402304
   84.897963  182.022581    0.224559    0.644939
   84.898930  182.008927    0.442622    2.696386
   84.899897  181.995253    0.144813    0.301630
   84.900864  181.981560    0.238393    0.775218
   84.901831  181.967858    0.199677    0.415908
   84.902797  181.954150    0.142818    0.297475
   84.903763  181.940443    0.279150    1.158770
   84.904727  181.926739    0.448639    2.753258
   84.905692  181.913034    0.186992    0.389486
   84.906655  181.899327    0.219728    0.599909
   84.907619  181.885621    0.201887    0.432113
   84.908582  181.871915    0.160324    0.333940
   84.909546  181.858205    0.207107    0.481310
   84.910509  181.844490    0.277263    1.141344
   84.911471  181.830768    0.305696    1.408864
   84.912434  181.817035    0.445130    2.720609
   84.913396  181.803297    0.303593    1.389174
   84.914358  181.789555    0.296038    1.318148
   84.915319  181.775814    0.405230    2.345402
   84.916280  181.762074    0.313409    1.481652
   84.917241  181.748327    0.303904    1.392278
   84.918201  181.734569    0.360409    1.923892
   84.919162  181.720791    0.239789    0.789219
   84.921086  181.693180    0.370454    2.018525
   84.922047  181.679359    0.375098    2.062251
   84.923008  181.665535    0.336483    1.699039
   84.923969  181.651708    0.270025    1.073894
   84.924930  181.637879    0.470082    2.955938
   84.925890  181.624050    0.224948    0.649929
   84.926851  181.610226    0.141119    0.293937
   84.927812  181.596408    0.294771    1.306878
   84.928773  181.582591    0.420929    2.493742
   84.929734  181.568771    0.811316    6.166294
   84.930694  181.554946    0.216549    0.571172
   84.931653  181.541115    0.199798    0.416160
   84.932612  181.527281    0.250845    0.893901
   84.933570  181.513445    0.248940    0.876032
   84.934527  181.499611    0.419143    2.477241
   84.935484  181.485778    0.407686    2.369509
   84.936440  181.471941    0.443834    2.709617
   84.937395  181.458099    0.279351    1.162321
   84.938349  181.444250    0.513573    3.365768
   84.939303  181.430393    0.284525    1.211091
   84.940256  181.416525    0.178475    0.371746
   84.941210  181.402646    0.200605    0.421731
   84.942164  181.388749    0.199985    0.416549
   84.943120  181.374833    0.347001    1.799022
   84.944076  181.360906    0.289763    1.260614
   84.945031  181.346971    0.353887    1.863897
   84.945985  181.333033    0.413769    2.427281
   84.946938  181.319096    0.453487    2.800970
   84.947890  181.305152    0.213419    0.542619
   84.948842  181.291202    0.565367    3.853562
   84.949794  181.277242    0.521451    3.440482
   84.950747  181.263269    0.395674    2.257302
   84.951699  181.249293    0.274525    1.117669
   84.952650  181.235312    0.281513    1.183451
   84.953601  181.221329    0.271294    1.087376
   84.954550  181.207347    0.494969    3.191611
   84.955499  181.193365    0.329379    1.633900
   84.956448  181.179386    0.176312    0.367240
   84.957398  181.165417    0.261798    0.998239
   84.958348  181.151459    0.247154    0.860524
   84.959298  181.137499    0.205389    0.467678
   84.960248  181.123531    0.330347    1.643252
   84.961198  181.109545    0.281323    1.182117
   84.963094  181.081515    0.421845    2.504154
   84.964990  181.053456    0.599391    4.174489
   84.965940  181.039425    0.516229    3.392205
   84.966889  181.025390    0.081656    0.170081
   84.967838  181.011352    0.229790    0.697682
   84.968787  180.997315    0.333739    1.675608
   84.969734  180.983276    0.288474    1.249837
   84.970681  180.969236    0.228492    0.685614
   84.971627  180.955192    0.367457    1.992960
   84.972572  180.941141    0.322237    1.567609
   84.973516  180.927084    0.277030    1.142381
   84.974460  180.913021    0.464838    2.909200
   84.976345  180.884877    0.068195    0.142044
   84.977288  180.870795    0.456884    2.834532
   84.978230  180.856705    0.215094    0.559979
   84.979172  180.842608    0.221535    0.620620
   84.980114  180.828503    0.313850    1.489110
   84.981057  180.814390    0.342522    1.758884
   84.982000  180.800265    0.450340    2.773221
   84.982943  180.786131    0.225481    0.657940
   84.983885  180.771979    0.392276    2.227092
   84.984828  180.757811    0.477279    3.026788
   84.985770  180.743634    0.149075    0.310508
   84.986712  180.729450    0.201132    0.429084
   84.987653  180.715268    0.193123    0.402255
   84.988593  180.701087    0.160232    0.333748
   84.989533  180.686903    0.155494    0.323878
   84.990472  180.672713    0.226816    0.670898
   84.991411  180.658513    0.101742    0.211919
   84.992350  180.644301    0.169843    0.353765
   84.993289  180.630087    0.106697    0.222240
   84.994228  180.615876    0.236783    0.764869
   84.995168  180.601677    0.171425    0.357062
   84.996109  180.587491    0.146455    0.305052
   84.997050  180.573310    0.211191    0.524262
   84.997990  180.559131    0.244594    0.838543
   84.998928  180.544950    0.192142    0.400213
   84.999865  180.530765    0.246070    0.852530
   85.000801  180.516577    0.183144    0.381472
   85.001735  180.502383    0.213940    0.550369
   85.002669  180.488182    0.264099    1.022290
   85.003602  180.473973    0.302464    1.383252
   85.004534  180.459755    0.184045    0.383347
   85.005466  180.445527    0.142132    0.296047
   85.006398  180.431287    0.158884    0.330940
   85.007329  180.417033    0.140101    0.291816
   85.008261  180.402769    0.111376    0.231985
   85.009193  180.388494    0.153102    0.318896
   85.010126  180.374206    0.252870    0.917048
   85.011061  180.359907    0.211011    0.523318
   85.011996  180.345601    0.122581    0.255325
   85.012931  180.331289    0.089167    0.185725
   85.013865  180.316980    0.086692    0.180571
   85.014798  180.302674    0.206222    0.478470
   85.015730  180.288362    0.132998    0.277021
   85.016662  180.274040    0.188343    0.392300
   85.017593  180.259703    0.286785    1.236500
   85.018525  180.245347    0.201426    0.433555
   85.019456  180.230980    0.440843    2.685876
   85.020388  180.216607    0.349505    1.826678
   85.021322  180.202228    0.284574    1.215908
   85.022257  180.187846    0.197277    0.410908
   85.023192  180.173461    0.243281    0.827544
   85.024127  180.159073    0.241208    0.808092
   85.025061  180.144689    0.188883    0.393425
   85.025992  180.130306    0.044349    0.092375
   85.026923  180.115923    0.071866    0.149689
   85.027853  180.101537    0.026626    0.055460
   85.028781  180.087144    0.062483    0.130146
   85.029709  180.072744    0.327740    1.622435
   85.030636  180.058342    0.309792    1.453644
   85.031562  180.043943    0.428128    2.566921
   85.032487  180.029550    0.222579    0.633295
   85.033412  180.015165    0.199294    0.415110
   85.034336  180.000785    0.332853    1.670780
   85.035259  179.986408    0.042865    0.089284
   85.036182  179.972039    0.218334    0.593565
   85.037105  179.957677    0.071121    0.148138
   85.038027  179.943310    0.117049    0.243802
   85.038949  179.928933    0.121010    0.252051
   85.039871  179.914532    0.169635    0.353332
   85.040792  179.900104    0.329388    1.638540
   85.041714  179.885661    0.050089    0.104331
   85.042635  179.871206    0.000000    0.000000
   85.053708  179.696877    0.144820    0.301647
   85.068353  179.464152    0.201031    0.432563
   85.069265  179.449586    0.289419    1.264113
   85.070179  179.435000    0.379436    2.110985
   85.071093  179.420403    0.166406    0.346607
   85.072008  179.405794    0.246451    0.860059
   85.072922  179.391177    0.275418    1.132611
   85.073834  179.376552    0.162641    0.338765
   85.074747  179.361915    0.057857    0.120510
   85.075659  179.347265    0.106936    0.222737
   85.076571  179.332599    0.186964    0.389428
   85.077482  179.317917    0.216187    0.575683
   85.078393  179.303221    0.233570    0.739260
   85.079303  179.288512    0.389174    2.203139
   85.080214  179.273788    0.264594    1.031230
   85.081125  179.259049    0.243463    0.832492
   85.082037  179.244306    0.173410    0.361195
   85.082947  179.229562    0.329298    1.640080
   85.083857  179.214831    0.314968    1.505327
   85.084766  179.200117    0.314338    1.499457
   85.085675  179.185403    0.375058    2.070726
   85.086583  179.170685    0.481111    3.068460
   85.087491  179.155950    0.521396    3.447489
   85.088399  179.141194    0.479387    3.052346
   85.089306  179.126432    0.622324    4.397063
   85.090213  179.111667    0.444047    2.719998
   85.091117  179.096908    0.230083    0.707230
   85.092019  179.082158    0.151445    0.315444
   85.092920  179.067407    0.195587    0.407389
   85.093823  179.052652    0.230629    0.712530
   85.094731  179.037883    0.275934    1.138780
   85.095644  179.023100    0.123293    0.256806
   85.096557  179.008317    0.013750    0.028640
   85.097469  178.993539    0.189673    0.395070
   85.098374  178.978784    0.208481    0.504442
   85.099272  178.964055    0.156016    0.324966
   85.100167  178.949333    0.379255    2.111078
   85.101060  178.934612    0.500185    3.248767
   85.101952  178.919886    0.304888    1.411597
   85.102843  178.905153    0.304528    1.408262
   85.103735  178.890405    0.227062    0.679567
   85.104629  178.875639    0.194715    0.405571
   85.105528  178.860836    0.304878    1.411723
   85.106434  178.845992    0.077398    0.161212
   85.107342  178.831129    0.166794    0.347415
   85.108250  178.816252    0.100808    0.209972
   85.110058  178.786502    0.163835    0.341252
