Converting ICESat/GLAS binary freeboard vector data to ASCII
Wed Feb 12 09:56:28 2014

write_fb:
  file_in:       laser3k0012002.dat
  laser_period:  3k
  track:         0012
  cycle:         002
  file_out:      laser3k0012002.txt
  non_zero_only:        0
  nan_replace:       -999

read_fb:
  Year:                  2008
  Month:                   10
  Day:                     10
  Hour:                     3
  Minute:                  45
  Doy:                    284
  record_count:          1334
  non_zero_count:        1328
  nan_count:                0

    Latitude   Longitude   Freeboard   Thickness
   82.332296   57.131621    0.309850    2.221208
   82.336252   57.113272    0.220396    1.378830
   82.337572   57.107163    0.124094    0.472590
   82.340211   57.094935    0.238406    1.547395
   82.342847   57.082673    0.222700    1.399070
   82.344166   57.076530    0.284885    1.983771
   82.345485   57.070374    0.237753    1.540102
   82.346806   57.064196    0.224806    1.418016
   82.348127   57.058011    0.306906    2.190069
   82.350770   57.045644    0.272440    1.865259
   82.352091   57.039489    0.252603    1.678358
   82.353412   57.033337    0.244016    1.597285
   82.356056   57.021029    0.309651    2.214165
   82.361353   56.996301    0.253553    1.685276
   82.362672   56.990110    0.160794    0.812372
   82.366624   56.971545    0.277434    1.908787
   82.367944   56.965375    0.303053    2.149500
   82.369263   56.959209    0.267354    1.813380
   82.370581   56.953046    0.131274    0.532944
   82.373216   56.940710    0.162219    0.823481
   82.374532   56.934538    0.179942    0.989920
   82.375847   56.928366    0.209522    1.267903
   82.378473   56.916031    0.208673    1.259342
   82.381098   56.903696    0.147312    0.681530
   82.382411   56.897518    0.228679    1.446687
   82.383726   56.891322    0.324206    2.345051
   82.385042   56.885119    0.287238    1.996999
   82.386359   56.878911    0.334915    2.445221
   82.387677   56.872700    0.327854    2.378510
   82.388994   56.866495    0.386259    2.927659
   82.390312   56.860286    0.314419    2.251551
   82.391631   56.854073    0.323404    2.335787
   82.392950   56.847852    0.338529    2.477788
   82.394271   56.841618    0.401503    3.069916
   82.395592   56.835378    0.340149    2.492453
   82.396913   56.829131    0.309115    2.200218
   82.398235   56.822879    0.332844    2.423151
   82.399556   56.816624    0.288471    2.005430
   82.400877   56.810364    0.362340    2.700053
   82.402199   56.804102    0.269443    1.825854
   82.403519   56.797837    0.326984    2.366874
   82.407478   56.779031    0.297529    2.088912
   82.408795   56.772769    0.224869    1.405086
   82.411425   56.760278    0.152272    0.721574
   82.412738   56.754036    0.267257    1.802989
   82.414050   56.747792    0.263359    1.766030
   82.415361   56.741537    0.277431    1.898127
   82.416672   56.735280    0.303056    2.138900
   82.417982   56.729024    0.260915    1.742185
   82.421912   56.710284    0.393324    2.986941
   82.423223   56.704040    0.339307    2.478498
   82.424535   56.697791    0.248978    1.628454
   82.425849   56.691528    0.280582    1.925483
   82.427163   56.685260    0.231407    1.462585
   82.428478   56.678988    0.288814    2.002346
   82.431110   56.666436    0.178938    0.968130
   82.433743   56.653872    0.188077    1.053532
   82.436372   56.641286    0.254767    1.680336
   82.437684   56.634985    0.255450    1.686468
   82.440310   56.622369    0.322928    2.320682
   82.441627   56.616057    0.203327    1.195273
   82.442944   56.609741    0.275739    1.876184
   82.444261   56.603421    0.320726    2.299112
   82.445578   56.597097    0.304028    2.141735
   82.446892   56.590769    0.312212    2.218434
   82.448206   56.584438    0.275048    1.868535
   82.449520   56.578105    0.278172    1.897638
   82.450835   56.571770    0.316539    2.258287
   82.452150   56.565436    0.349011    2.563469
   82.454782   56.552765    0.190156    1.068493
   82.456097   56.546429    0.196935    1.131979
   82.457411   56.540090    0.176650    0.940861
   82.458724   56.533752    0.208405    1.239305
   82.461348   56.521077    0.230024    1.442111
   82.463964   56.508411    0.286164    1.969662
   82.469203   56.483125    0.198955    1.148121
   82.470516   56.476807    0.262785    1.748303
   82.471828   56.470484    0.220595    1.351121
   82.473140   56.464144    0.239414    1.527868
   82.475764   56.451448    0.276827    1.879258
   82.477075   56.445096    0.315857    2.246143
   82.483634   56.413306    0.090362    0.193450
   82.484950   56.406936    0.117774    0.381002
   82.486265   56.400561    0.164061    0.816153
   82.488891   56.387804    0.177933    0.946083
   82.490201   56.381420    0.062341    0.132575
   82.491511   56.375034    0.076773    0.163050
   82.494132   56.362248    0.267586    1.788353
   82.495443   56.355850    0.198417    1.137372
   82.498066   56.343047    0.303803    2.128207
   82.499376   56.336643    0.193791    1.092997
   82.504617   56.311011    0.288990    1.987432
   82.505928   56.304597    0.256039    1.677170
   82.507239   56.298181    0.179447    0.956359
   82.509859   56.285339    0.269853    1.806275
   82.512477   56.272491    0.335579    2.424011
   82.513785   56.266069    0.229845    1.429058
   82.515093   56.259656    0.355106    2.607145
   82.516400   56.253245    0.271359    1.819021
   82.517707   56.246835    0.194531    1.095997
   82.519015   56.240424    0.200871    1.155351
   82.520322   56.234011    0.204830    1.192315
   82.521629   56.227596    0.264710    1.755340
   82.522936   56.221179    0.300606    2.092751
   82.524245   56.214760    0.282346    1.920688
   82.526866   56.201913    0.274720    1.848377
   82.532094   56.176194    0.288793    1.979635
   82.533399   56.169756    0.297942    2.065426
   82.538630   56.143926    0.315886    2.233093
   82.539939   56.137453    0.338836    2.448707
   82.541249   56.130973    0.319207    2.263772
   82.543867   56.118004    0.332061    2.384129
   82.545176   56.111517    0.318634    2.257531
   82.546485   56.105030    0.302344    2.104004
   82.553026   56.072637    0.405191    3.070102
   82.554335   56.066166    0.202701    1.164930
   82.555642   56.059690    0.286745    1.955273
   82.556946   56.053199    0.350777    2.557364
   82.558250   56.046705    0.296864    2.049901
   82.560856   56.033715    0.294297    2.025187
   82.563466   56.020750    0.311480    2.186267
   82.567382   56.001255    0.133532    0.511407
   82.569994   55.988212    0.186906    1.012943
   82.571300   55.981689    0.169585    0.849716
   82.572605   55.975177    0.048724    0.101944
   82.573911   55.968666    0.136960    0.542233
   82.575217   55.962153    0.144039    0.608552
   82.576522   55.955637    0.208260    1.212414
   82.577829   55.949112    0.121745    0.398260
   82.579136   55.942582    0.220211    1.324279
   82.581750   55.929508    0.190842    1.047429
   82.583056   55.922959    0.455637    3.538158
   82.584362   55.916406    0.240441    1.513451
   82.585668   55.909854    0.320225    2.263725
   82.586973   55.903303    0.209165    1.218660
   82.588278   55.896766    0.246385    1.568521
   82.589582   55.890229    0.420536    3.206536
   82.592189   55.877144    0.324119    2.298943
   82.593492   55.870582    0.263232    1.725880
   82.594795   55.864014    0.313514    2.198617
   82.596098   55.857443    0.274921    1.835275
   82.597400   55.850871    0.292563    2.000961
   82.600001   55.837735    0.350378    2.544276
   82.601301   55.831165    0.210696    1.229957
   82.602602   55.824592    0.237183    1.478847
   82.603906   55.818013    0.108672    0.269624
   82.607817   55.798269    0.261808    1.709374
   82.609120   55.791689    0.258330    1.676369
   82.613026   55.771954    0.196385    1.092786
   82.614327   55.765380    0.248334    1.581204
   82.615628   55.758806    0.301784    2.083742
   82.616929   55.752230    0.191104    1.042259
   82.618230   55.745652    0.026950    0.056388
   82.619530   55.739067    0.022226    0.046503
   82.620830   55.732480    0.082879    0.173407
   82.623431   55.719304    0.172441    0.865270
   82.624733   55.712727    0.091085    0.190575
   82.626035   55.706148    0.124596    0.414617
   82.627338   55.699563    0.081765    0.171076
   82.628640   55.692972    0.042010    0.087896
   82.629944   55.686364    0.070904    0.148351
   82.633853   55.666484    0.245770    1.552834
   82.635155   55.659829    0.246594    1.560302
   82.637758   55.646506    0.258061    1.667609
   82.639059   55.639846    0.315474    2.207438
   82.642960   55.619928    0.258037    1.666250
   82.644261   55.613288    0.318722    2.236851
   82.645561   55.606640    0.257495    1.660590
   82.646861   55.599990    0.200336    1.122594
   82.648160   55.593340    0.171040    0.846715
   82.649459   55.586691    0.244175    1.534435
   82.650755   55.580049    0.247943    1.569597
   82.652051   55.573408    0.295454    2.016272
   82.653346   55.566766    0.263765    1.717874
   82.654642   55.560124    0.273951    1.813416
   82.655939   55.553479    0.209434    1.206205
   82.657238   55.546832    0.357131    2.595355
   82.658536   55.540182    0.182805    0.955127
   82.659835   55.533528    0.213426    1.242909
   82.661134   55.526867    0.184233    0.968002
   82.662434   55.520202    0.171973    0.852383
   82.663734   55.513534    0.072105    0.150863
   82.665034   55.506863    0.093758    0.196167
   82.666334   55.500194    0.193737    1.056274
   82.668933   55.486844    0.142654    0.575151
   82.670233   55.480161    0.198138    1.096826
   82.671533   55.473467    0.168722    0.819821
   82.674133   55.460067    0.201626    1.128786
   82.675432   55.453365    0.184211    0.964676
   82.676731   55.446668    0.168039    0.812264
   82.678029   55.439971    0.182018    0.943482
   82.679327   55.433273    0.165321    0.786128
   82.680624   55.426575    0.210137    1.207443
   82.681922   55.419877    0.237786    1.467257
   82.683219   55.413177    0.220381    1.303243
   82.684516   55.406473    0.198470    1.096838
   82.685812   55.399763    0.219110    1.290721
   82.687108   55.393039    0.321997    2.258329
   82.689699   55.379579    0.230584    1.397812
   82.690995   55.372850    0.131788    0.468128
   82.692292   55.366134    0.322623    2.263090
   82.693590   55.359417    0.030517    0.063849
   82.694887   55.352697    0.010730    0.022450
   82.696185   55.345971    0.001158    0.002423
   82.701374   55.318968    0.313386    2.174221
   82.702671   55.312213    0.230513    1.394321
   82.703968   55.305457    0.233494    1.422081
   82.705265   55.298702    0.201662    1.122339
   82.707859   55.285205    0.315855    2.196028
   82.711750   55.264965    0.221301    1.305679
   82.713048   55.258206    0.231244    1.398931
   82.714346   55.251442    0.177688    0.894835
   82.715643   55.244672    0.252499    1.598324
   82.716940   55.237897    0.262419    1.691364
   82.718236   55.231113    0.194083    1.048221
   82.719532   55.224326    0.302007    2.063214
   82.720827   55.217535    0.342008    2.439231
   82.722121   55.210743    0.276291    1.820723
   82.724709   55.197161    0.263098    1.696054
   82.726003   55.190368    0.234744    1.429035
   82.727295   55.183573    0.347370    2.488261
   82.728586   55.176773    0.259855    1.664699
   82.729876   55.169972    0.345865    2.473540
   82.731166   55.163174    0.362599    2.630681
   82.732456   55.156380    0.428830    3.253460
   82.733746   55.149602    0.274511    1.801443
   82.735036   55.142826    0.289095    1.938359
   82.736326   55.136047    0.388572    2.873895
   82.737616   55.129262    0.489854    3.826407
   82.738905   55.122458    0.347808    2.489851
   82.740195   55.115647    0.171409    0.830119
   82.741486   55.108830    0.233150    1.410654
   82.742779   55.102009    0.209907    1.191724
   82.744075   55.095186    0.257319    1.637464
   82.746670   55.081534    0.264972    1.708896
   82.747967   55.074705    0.234817    1.424939
   82.749261   55.067878    0.243092    1.502501
   82.753142   55.047379    0.247989    1.547734
   82.754437   55.040531    0.347957    2.487892
   82.755731   55.033682    0.259798    1.658270
   82.758319   55.019992    0.288587    1.928535
   82.759610   55.013172    0.294307    1.982066
   82.763477   54.992709    0.277151    1.819841
   82.764766   54.985862    0.393410    2.913250
   82.766054   54.979007    0.321622    2.237635
   82.767342   54.972148    0.241696    1.485465
   82.769917   54.958426    0.333496    2.348507
   82.771205   54.951564    0.268272    1.734644
   82.773780   54.937835    0.388089    2.861240
   82.776357   54.924100    0.416939    3.132093
   82.777647   54.917228    0.185376    0.953415
   82.778936   54.910350    0.326217    2.278082
   82.780226   54.903467    0.256668    1.623525
   82.781516   54.896578    0.282643    1.867610
   82.782807   54.889685    0.374346    2.730011
   82.784098   54.882786    0.175547    0.859560
   82.785389   54.875882    0.201326    1.101794
   82.786681   54.868974    0.408741    3.052740
   82.787973   54.862061    0.427406    3.228044
   82.789264   54.855145    0.360042    2.594050
   82.790556   54.848226    0.357090    2.566004
   82.791847   54.841304    0.261691    1.668272
   82.793138   54.834381    0.278826    1.829185
   82.794430   54.827457    0.409332    3.056623
   82.795723   54.820534    0.377752    2.759256
   82.799601   54.799758    0.253735    1.591750
   82.800893   54.792829    0.328739    2.297055
   82.802185   54.785898    0.298147    2.008987
   82.803476   54.778967    0.384339    2.819547
   82.804766   54.772035    0.285848    1.892731
   82.806054   54.765105    0.536527    4.250675
   82.807342   54.758173    0.286447    1.897811
   82.808630   54.751239    0.420140    3.155226
   82.809918   54.744302    0.495762    3.866350
   82.811207   54.737357    0.519836    4.092541
   82.812497   54.730410    0.420120    3.154195
   82.813786   54.723462    0.476993    3.688943
   82.815074   54.716514    0.343600    2.433790
   82.816359   54.709575    0.322275    2.232907
   82.817642   54.702635    0.404874    3.009658
   82.821494   54.681768    0.391086    2.879122
   82.822779   54.674790    0.300366    2.025406
   82.824065   54.667808    0.229784    1.361139
   82.826634   54.653844    0.250416    1.554678
   82.827918   54.646862    0.299110    2.012474
   82.829202   54.639880    0.247253    1.524360
   82.831773   54.625913    0.349968    2.490078
   82.833060   54.618927    0.289093    1.917134
   82.834347   54.611940    0.331669    2.317376
   82.835635   54.604951    0.484957    3.759130
   82.836925   54.597958    0.264777    1.687548
   82.838214   54.590962    0.331790    2.317677
   82.839503   54.583962    0.272633    1.760893
   82.842078   54.569941    0.324767    2.250774
   82.844650   54.555901    0.247382    1.522236
   82.845935   54.548879    0.238798    1.441199
   82.847222   54.541860    0.290184    1.924328
   82.848509   54.534842    0.296327    1.981844
   82.852364   54.513792    0.236185    1.415232
   82.853647   54.506775    0.271930    1.751218
   82.856209   54.492743    0.240193    1.452098
   82.857487   54.485726    0.148872    0.592736
   82.860043   54.471688    0.340674    2.396525
   82.861320   54.464663    0.267985    1.712442
   82.867720   54.429475    0.395172    2.907542
   82.869003   54.422432    0.260184    1.637384
   82.870287   54.415383    0.434102    3.273214
   82.871571   54.408326    0.630257    5.118233
   82.872855   54.401253    0.334500    2.335668
   82.874138   54.394172    0.276986    1.794339
   82.875423   54.387084    0.345386    2.437521
   82.876708   54.379990    0.408243    3.028558
   82.877995   54.372886    0.400936    2.959545
   82.879283   54.365781    0.187928    0.955423
   82.880571   54.358677    0.247016    1.511009
   82.883142   54.344499    0.235004    1.397447
   82.885709   54.330353    0.282409    1.842849
   82.886992   54.323285    0.338377    2.369079
   82.888273   54.316219    0.299097    1.999279
   82.889554   54.309153    0.369528    2.661572
   82.890835   54.302082    0.149659    0.592910
   82.892115   54.295002    0.207738    1.138998
   82.893394   54.287903    0.332985    2.316957
   82.894673   54.280798    0.284385    1.859487
   82.897230   54.266585    0.224446    1.295066
   82.899787   54.252405    0.283729    1.852204
   82.901065   54.245314    0.287698    1.889258
   82.902344   54.238218    0.336725    2.350192
   82.903623   54.231110    0.219562    1.247725
   82.907461   54.209745    0.348793    2.462610
   82.908740   54.202607    0.288327    1.893504
   82.911300   54.188310    0.386771    2.819048
   82.912580   54.181153    0.362483    2.590277
   82.913860   54.173993    0.321927    2.208481
   82.917703   54.152492    0.281385    1.826246
   82.918987   54.145321    0.218564    1.234995
   82.920272   54.138148    0.220922    1.256897
   82.921557   54.130971    0.275424    1.769335
   82.922840   54.123792    0.162376    0.705568
   82.924122   54.116606    0.194890    1.011163
   82.925402   54.109418    0.078440    0.164119
   82.926682   54.102228    0.000000    0.000000
   82.929242   54.087838    0.319910    2.186154
   82.930522   54.080641    0.347013    2.440842
   82.931801   54.073446    0.378436    2.736167
   82.933080   54.066254    0.288704    1.891747
   82.934357   54.059070    0.302588    2.022083
   82.935633   54.051891    0.234447    1.380780
   82.936908   54.044718    0.313223    2.121575
   82.938182   54.037555    0.414206    3.071282
   82.940725   54.023275    0.242853    1.458747
   82.941997   54.016130    0.274688    1.757951
   82.944542   54.001769    0.148039    0.565971
   82.945817   53.994554    0.284720    1.851497
   82.947092   53.987331    0.263968    1.656002
   82.949642   53.972888    0.273573    1.745796
   82.950918   53.965671    0.293057    1.928810
   82.952194   53.958451    0.361646    2.573777
   82.953471   53.951229    0.357107    2.530798
   82.954750   53.944004    0.302209    2.014072
   82.957309   53.929537    0.215822    1.200841
   82.958589   53.922290    0.146310    0.546643
   82.959871   53.915022    0.407901    3.007235
   82.962433   53.900471    0.244195    1.466645
   82.963714   53.893196    0.232641    1.357671
   82.964992   53.885933    0.337888    2.347486
   82.966270   53.878674    0.124199    0.336960
   82.968823   53.864159    0.125865    0.352075
   82.971375   53.849645    0.157722    0.651207
   82.972650   53.842388    0.268017    1.688512
   82.973924   53.835130    0.219605    1.232810
   82.975196   53.827867    0.169087    0.757293
   82.976468   53.820604    0.322004    2.195557
   82.977739   53.813344    0.354580    2.501728
   82.979011   53.806089    0.289400    1.888283
   82.981555   53.791618    0.221043    1.244669
   82.982827   53.784379    0.171118    0.774731
   82.984099   53.777130    0.306615    2.049118
   82.985370   53.769852    0.152291    0.597064
   82.992994   53.726097    0.387895    2.811807
   82.994264   53.718798    0.307544    2.055641
   82.995535   53.711495    0.359187    2.541187
   82.996805   53.704188    0.295545    1.942210
   82.998076   53.696877    0.279723    1.793082
   82.999347   53.689562    0.236620    1.387321
   83.000619   53.682242    0.229782    1.322722
   83.001892   53.674918    0.323112    2.200428
   83.004437   53.660254    0.139205    0.469792
   83.005709   53.652915    0.320615    2.176107
   83.006981   53.645570    0.154312    0.611358
   83.008253   53.638221    0.206851    1.105342
   83.009526   53.630866    0.421773    3.126910
   83.010801   53.623503    0.298867    1.970414
   83.012077   53.616137    0.269735    1.696080
   83.013352   53.608770    0.257434    1.580084
   83.014627   53.601405    0.122012    0.305849
   83.015900   53.594046    0.301899    1.997836
   83.017172   53.586690    0.273400    1.729454
   83.018444   53.579337    0.429026    3.193213
   83.019715   53.571986    0.260746    1.609864
   83.020983   53.564642    0.140292    0.476443
   83.022252   53.557300    0.184400    0.891111
   83.023519   53.549959    0.296975    1.949862
   83.024787   53.542617    0.346636    2.416767
   83.026055   53.535273    0.295165    1.932289
   83.027323   53.527928    0.321833    2.182894
   83.028591   53.520580    0.200130    1.037714
   83.029858   53.513229    0.389429    2.818240
   83.031122   53.505874    0.252528    1.530096
   83.032386   53.498514    0.267419    1.669904
   83.033650   53.491151    0.390537    2.827848
   83.034914   53.483785    0.180668    0.853258
   83.036178   53.476418    0.324675    2.207714
   83.037442   53.469046    0.514170    3.990077
   83.038707   53.461666    0.331563    2.271963
   83.039973   53.454277    0.326110    2.220384
   83.041242   53.446871    0.362185    2.559484
   83.042511   53.439456    0.329470    2.251450
   83.043781   53.432033    0.327622    2.233792
   83.045050   53.424601    0.298391    1.958530
   83.046319   53.417162    0.394794    2.865153
   83.048857   53.402265    0.309064    2.058106
   83.050127   53.394811    0.400697    2.919852
   83.051400   53.387353    0.425202    3.150105
   83.052674   53.379894    0.189267    0.930308
   83.053947   53.372437    0.340023    2.348243
   83.055218   53.364983    0.342285    2.369249
   83.056487   53.357540    0.305981    2.027449
   83.057754   53.350101    0.155573    0.612239
   83.059021   53.342665    0.055081    0.115245
   83.062816   53.320367    0.190927    0.943730
   83.064080   53.312935    0.189076    0.926043
   83.065345   53.305501    0.115700    0.242077
   83.066610   53.298061    0.111883    0.234090
   83.067876   53.290619    0.122909    0.302770
   83.069141   53.283176    0.150973    0.566505
   83.072932   53.260864    0.021310    0.044587
   83.075458   53.245976    0.126763    0.337384
   83.076722   53.238513    0.108789    0.227616
   83.077986   53.231041    0.196520    0.993060
   83.079250   53.223560    0.175034    0.790659
   83.080515   53.216070    0.223676    1.247977
   83.081781   53.208567    0.049929    0.104466
   83.083047   53.201057    0.082943    0.173539
   83.084313   53.193546    0.281275    1.789007
   83.085579   53.186036    0.244922    1.446748
   83.086844   53.178542    0.194830    0.975243
   83.088108   53.171048    0.244245    1.439830
   83.089373   53.163551    0.230197    1.307408
   83.095698   53.125958    0.070951    0.148449
   83.096961   53.118419    0.007906    0.016541
   83.098225   53.110874    0.091952    0.192388
   83.102017   53.088214    0.140275    0.458730
   83.103282   53.080654    0.285850    1.827931
   83.104547   53.073094    0.461410    3.479212
   83.105811   53.065537    0.065788    0.137647
   83.107073   53.057987    0.266714    1.647095
   83.108335   53.050442    0.328632    2.229304
   83.109595   53.042898    0.273861    1.713776
   83.110855   53.035357    0.451213    3.381912
   83.113373   53.020276    0.339209    2.327707
   83.114631   53.012737    0.292545    1.888449
   83.115889   53.005198    0.301004    1.967757
   83.117148   52.997659    0.317522    2.122870
   83.118407   52.990119    0.358736    2.510318
   83.119665   52.982577    0.198870    1.006131
   83.120923   52.975033    0.185947    0.884279
   83.122180   52.967489    0.168680    0.721573
   83.123437   52.959940    0.068326    0.142957
   83.124694   52.952384    0.000000    0.000000
   83.129726   52.922064    0.152429    0.567059
   83.130986   52.914462    0.053140    0.111184
   83.136041   52.883981    0.045874    0.095980
   83.137303   52.876350    0.349971    2.423753
   83.139826   52.861074    0.245782    1.443070
   83.141088   52.853429    0.297208    1.926573
   83.143617   52.838125    0.270522    1.674976
   83.144882   52.830469    0.278067    1.745679
   83.147406   52.815148    0.396140    2.855887
   83.148666   52.807487    0.357982    2.496648
   83.149925   52.799829    0.291921    1.874914
   83.151184   52.792180    0.271274    1.680410
   83.152443   52.784552    0.287438    1.832193
   83.154960   52.769306    0.255952    1.535446
   83.156217   52.761680    0.241584    1.400009
   83.157472   52.754038    0.299097    1.940780
   83.158727   52.746391    0.275258    1.716246
   83.161236   52.731081    0.179438    0.814291
   83.162491   52.723416    0.277518    1.736687
   83.163746   52.715749    0.370265    2.608918
   83.165001   52.708082    0.412801    3.008790
   83.166255   52.700420    0.398277    2.871891
   83.168759   52.685130    0.242606    1.406888
   83.170010   52.677483    0.347278    2.391305
   83.171262   52.669828    0.335579    2.280969
   83.172516   52.662155    0.335022    2.275461
   83.173771   52.654473    0.465635    3.503902
   83.175025   52.646785    0.318087    2.115601
   83.177536   52.631407    0.317514    2.109659
   83.178792   52.623713    0.302675    1.969795
   83.180049   52.616012    0.274270    1.702299
   83.182566   52.600562    0.228037    1.266823
   83.183826   52.592815    0.320796    2.139163
   83.185087   52.585059    0.284349    1.796014
   83.186348   52.577296    0.258601    1.553526
   83.187610   52.569526    0.271052    1.670379
   83.188872   52.561752    0.351922    2.430868
   83.190133   52.553979    0.279936    1.753398
   83.191394   52.546208    0.138033    0.418197
   83.192654   52.538447    0.222032    1.208127
   83.193914   52.530690    0.366609    2.567935
   83.195172   52.522937    0.353262    2.442099
   83.197683   52.507445    0.405664    2.934516
   83.198936   52.499705    0.291805    1.863136
   83.200188   52.491968    0.333465    2.254772
   83.201438   52.484232    0.238826    1.364191
   83.203934   52.468755    0.192563    0.928439
   83.205180   52.461020    0.257203    1.536254
   83.208918   52.437848    0.239635    1.370172
   83.210164   52.430126    0.316502    2.093016
   83.211411   52.422398    0.124554    0.287020
   83.212660   52.414658    0.247075    1.439339
   83.213910   52.406910    0.547323    4.263601
   83.220170   52.368016    0.376513    2.655369
   83.221424   52.360207    0.356008    2.462194
   83.222680   52.352385    0.277601    1.724317
   83.223936   52.344556    0.334657    2.260792
   83.225192   52.336721    0.285008    1.793449
   83.226449   52.328881    0.386567    2.748579
   83.227705   52.321038    0.396023    2.837256
   83.228960   52.313195    0.402392    2.896903
   83.231467   52.297514    0.370908    2.600172
   83.232717   52.289693    0.625921    4.998886
   83.233967   52.281873    0.224284    1.220276
   83.235215   52.274050    0.345137    2.356910
   83.238965   52.250480    0.180339    0.805777
   83.240215   52.242617    0.173529    0.741440
   83.243957   52.219207    0.149514    0.514707
   83.250187   52.180102    0.508295    3.888515
   83.251432   52.172253    0.327174    2.184381
   83.252678   52.164430    0.288016    1.815731
   83.253923   52.156611    0.350520    2.403455
   83.255168   52.148790    0.164727    0.655368
   83.256414   52.140965    0.272176    1.665908
   83.257661   52.133124    0.327632    2.187328
   83.258908   52.125276    0.374436    2.627351
   83.260155   52.117420    0.166411    0.670116
   83.262651   52.101688    0.172552    0.727345
   83.263900   52.093809    0.354207    2.435962
   83.265149   52.085920    0.232444    1.290223
   83.266399   52.078016    0.097748    0.204517
   83.267648   52.070089    0.673501    5.438857
   83.268897   52.062151    0.603711    4.782046
   83.270147   52.054204    0.491609    3.727196
   83.271397   52.046254    0.369256    2.575908
   83.272648   52.038309    0.352858    2.421373
   83.273899   52.030361    0.172067    0.720340
   83.275150   52.022410    0.534314    4.127848
   83.276400   52.014454    0.153394    0.544132
   83.277651   52.006486    0.231255    1.276327
   83.278901   51.998517    0.461437    3.441457
   83.280150   51.990549    0.318325    2.094885
   83.282645   51.974645    0.362617    2.511014
   83.283891   51.966707    0.254356    1.492294
   83.286379   51.950829    0.245201    1.405626
   83.287620   51.942873    0.197955    0.960904
   83.288861   51.934914    0.263328    1.575616
   83.290100   51.926957    0.115792    0.242268
   83.293824   51.903137    0.103167    0.215855
   83.295066   51.895208    0.328809    2.190268
   83.296307   51.887279    0.320331    2.110244
   83.297545   51.879349    0.250626    1.454240
   83.298782   51.871415    0.377238    2.645048
   83.300020   51.863474    0.272137    1.656059
   83.301258   51.855523    0.437858    3.214790
   83.302498   51.847555    0.526660    4.049907
   83.303740   51.839576    0.279701    1.726408
   83.304984   51.831586    0.610732    4.840266
   83.306230   51.823587    0.083897    0.175535
   83.307480   51.815574    0.142718    0.436952
   83.308731   51.807554    0.436936    3.204487
   83.309983   51.799529    0.294359    1.862950
   83.311235   51.791504    0.331549    2.212536
   83.312484   51.783488    0.325095    2.151552
   83.313733   51.775469    0.222639    1.187443
   83.316226   51.759413    0.379499    2.662536
   83.317470   51.751358    0.307698    1.986812
   83.318713   51.743297    0.144289    0.449292
   83.319955   51.735230    0.431686    3.152662
   83.321196   51.727160    0.525284    4.032900
   83.322436   51.719092    0.386044    2.722753
   83.323676   51.711024    0.109576    0.229262
   83.324916   51.702958    0.307608    1.984343
   83.326156   51.694895    0.311590    2.021531
   83.327397   51.686840    0.354208    2.422185
   83.328639   51.678788    0.208722    1.053280
   83.329880   51.670737    0.148603    0.487446
   83.333595   51.646599    0.315263    2.054470
   83.334831   51.638550    0.296739    1.879936
   83.336066   51.630495    0.279912    1.721366
   83.337300   51.622424    0.187330    0.850154
   83.338534   51.614347    0.109866    0.229870
   83.341002   51.598186    0.314837    2.048848
   83.342239   51.590109    0.328374    2.175922
   83.343477   51.582032    0.208512    1.048073
   83.347197   51.557803    0.317495    2.072502
   83.348439   51.549724    0.287043    1.785760
   83.349682   51.541640    0.318940    2.085559
   83.350925   51.533546    0.265490    1.582467
   83.353409   51.517311    0.223883    1.190515
   83.354651   51.509178    0.256026    1.492622
   83.355893   51.501034    0.199251    0.958254
   83.357136   51.492873    0.050748    0.106178
   83.358378   51.484707    0.116746    0.244266
   83.360861   51.468377    0.165430    0.639003
   83.362101   51.460237    0.096428    0.201753
   83.363340   51.452100    0.302607    1.928936
   83.364579   51.443962    0.277804    1.695330
   83.365816   51.435820    0.115855    0.242400
   83.367054   51.427659    0.001244    0.002602
   83.368290   51.419494    0.222187    1.171314
   83.369526   51.411328    0.096739    0.202405
   83.370760   51.403163    0.293267    1.839454
   83.373223   51.386853    0.111889    0.234102
   83.374454   51.378704    0.714519    5.801508
   83.375685   51.370559    0.350160    2.373588
   83.376915   51.362423    0.268049    1.600873
   83.378146   51.354290    0.481519    3.608787
   83.379377   51.346158    0.352397    2.393827
   83.380609   51.338025    0.163827    0.619619
   83.381843   51.329890    0.244797    1.381056
   83.383077   51.321751    0.201675    0.975129
   83.384312   51.313607    0.206664    1.021788
   83.385546   51.305453    0.182426    0.793511
   83.388013   51.289106    0.212492    1.075810
   83.389247   51.280922    0.069995    0.146448
   83.391719   51.264541    0.195673    0.916786
   83.392957   51.256346    0.307266    1.966300
   83.394196   51.248148    0.173206    0.704888
   83.395435   51.239947    0.208024    1.032160
   83.396675   51.231749    0.221664    1.160211
   83.397914   51.223546    0.292388    1.825264
   83.399153   51.215339    0.285973    1.764650
   83.400390   51.207125    0.171621    0.688631
   83.401624   51.198900    0.219993    1.143409
   83.402856   51.190668    0.393534    2.775704
   83.404087   51.182430    0.419481    3.019526
   83.405318   51.174185    0.163528    0.611418
   83.406549   51.165929    0.274390    1.654063
   83.407781   51.157671    0.278599    1.693393
   83.409012   51.149414    0.263602    1.552037
   83.411472   51.132935    0.225612    1.194117
   83.412702   51.124711    0.315129    2.035970
   83.413931   51.116486    0.286633    1.767628
   83.415160   51.108257    0.362048    2.476808
   83.416389   51.100011    0.386138    2.703164
   83.417618   51.091759    0.167754    0.648483
   83.418847   51.083502    0.200160    0.953067
   83.420076   51.075240    0.113147    0.236735
   83.421305   51.066972    0.202526    0.974796
   83.422533   51.058702    0.330517    2.178578
   83.423762   51.050431    0.377078    2.616326
   83.426220   51.033903    0.190110    0.856913
   83.427449   51.025645    0.125261    0.262080
   83.428679   51.017385    0.184307    0.801784
   83.429909   51.009122    0.397580    2.807853
   83.431140   51.000850    0.349519    2.355450
   83.432371   50.992573    0.360926    2.462489
   83.433602   50.984288    0.377343    2.616666
   83.434834   50.975996    0.548786    4.229218
   83.436067   50.967690    0.317805    2.056029
   83.437299   50.959378    0.350127    2.359821
   83.439763   50.942743    0.346062    2.321040
   83.440993   50.934430    0.098682    0.206469
   83.444681   50.909469    0.451722    3.313941
   83.445914   50.901132    0.302581    1.910654
   83.447147   50.892788    0.213684    1.074096
   83.448379   50.884437    0.302909    1.913201
   83.449610   50.876076    0.372909    2.571445
   83.450836   50.867702    0.315546    2.031538
   83.452061   50.859322    0.280500    1.701577
   83.453286   50.850942    0.101131    0.211593
   83.454510   50.842566    0.455959    3.351648
   83.455736   50.834205    0.099447    0.208070
   83.456962   50.825849    0.230756    1.232542
   83.458187   50.817496    0.278782    1.684072
   83.459412   50.809144    0.331722    2.181831
   83.460634   50.800795    0.287173    1.762469
   83.463078   50.784095    0.380813    2.642841
   83.464299   50.775740    0.291354    1.801002
   83.465522   50.767380    0.426025    3.067627
   83.466744   50.759015    0.448898    3.282529
   83.467968   50.750643    0.292124    1.807432
   83.469193   50.742266    0.230865    1.230884
   83.470421   50.733880    0.255696    1.464204
   83.471649   50.725486    0.351501    2.365209
   83.472879   50.717084    0.271616    1.613435
   83.474108   50.708673    0.078244    0.163708
   83.475337   50.700247    0.302122    1.899872
   83.476566   50.691816    0.198715    0.926813
   83.477795   50.683383    0.308687    1.961091
   83.479024   50.674952    0.327621    2.138940
   83.481481   50.658124    0.266258    1.561135
   83.482709   50.649711    0.392349    2.747046
   83.483937   50.641294    0.266099    1.559105
   83.485165   50.632868    0.134393    0.319830
   83.487620   50.616007    0.304031    1.915133
   83.488846   50.607572    0.453083    3.317047
   83.490068   50.599137    0.224161    1.163232
   83.491289   50.590699    0.026750    0.055968
   83.492508   50.582259    0.101237    0.211817
   83.493728   50.573817    0.344839    2.297682
   83.494947   50.565374    0.289298    1.774918
   83.496167   50.556927    0.092361    0.193244
   83.497386   50.548476    0.405337    2.866003
   83.498606   50.540017    0.317382    2.038316
   83.499827   50.531549    0.356338    2.404512
   83.501048   50.523074    0.264869    1.543762
   83.502269   50.514594    0.258084    1.479670
   83.503489   50.506110    0.309644    1.964438
   83.504708   50.497623    0.281600    1.700349
   83.505927   50.489133    0.244520    1.351261
   83.507146   50.480641    0.458197    3.361128
   83.508365   50.472150    0.265952    1.552344
   83.509586   50.463663    0.145601    0.419892
   83.510807   50.455175    0.464634    3.420875
   83.512029   50.446687    0.249715    1.398783
   83.513251   50.438196    0.230639    1.219069
   83.514472   50.429700    0.190234    0.838691
   83.515692   50.421202    0.093682    0.196009
   83.516913   50.412702    0.096610    0.202135
   83.518134   50.404201    0.074227    0.155303
   83.519354   50.395704    0.290884    1.784478
   83.520575   50.387204    0.217160    1.090666
   83.521795   50.378701    0.115113    0.240848
   83.527895   50.336067    0.093610    0.195859
   83.529115   50.327519    0.130464    0.273221
   83.531557   50.310404    0.105003    0.219695
   83.532777   50.301838    0.050628    0.105928
   83.533995   50.293265    0.107186    0.224262
   83.535213   50.284689    0.292945    1.800406
   83.536430   50.276111    0.463329    3.402995
   83.538862   50.258965    0.264144    1.528665
   83.540077   50.250397    0.380465    2.622677
   83.541291   50.241827    0.268682    1.570826
   83.542506   50.233256    0.244892    1.346759
   83.546149   50.207522    0.368659    2.510285
   83.547365   50.198931    0.424930    3.039382
   83.548584   50.190326    0.141753    0.375175
   83.553463   50.155879    0.160865    0.553905
   83.554681   50.147272    0.371240    2.532707
   83.557118   50.130057    0.053559    0.112059
   83.558336   50.121449    0.008739    0.018285
   83.559555   50.112839    0.040536    0.084813
   83.560773   50.104229    0.072934    0.152598
   83.563209   50.087014    0.114889    0.240380
   83.564426   50.078407    0.064369    0.134678
   83.565643   50.069796    0.076136    0.159297
   83.566859   50.061181    0.333665    2.176568
   83.568073   50.052559    0.233968    1.238421
   83.569287   50.043930    0.414231    2.933945
   83.570500   50.035294    0.373340    2.549007
   83.571713   50.026649    0.382706    2.636847
   83.572925   50.017991    0.310819    1.960320
   83.574137   50.009326    0.238311    1.277951
   83.575350   50.000657    0.215507    1.063157
   83.576563   49.991989    0.309380    1.945986
   83.577778   49.983330    0.246658    1.355673
   83.580210   49.966003    0.270098    1.575653
   83.581425   49.957328    0.325854    2.099898
   83.582638   49.948637    0.169844    0.631994
   83.583851   49.939937    0.027924    0.058426
   83.585064   49.931228    0.146593    0.412732
   83.586275   49.922510    0.088474    0.185113
   83.587486   49.913780    0.000000    0.000000
   83.588697   49.905045    0.211933    1.026619
   83.589908   49.896308    0.258705    1.466354
   83.592326   49.878848    0.298286    1.838169
   83.594744   49.861411    0.237889    1.269466
   83.595954   49.852702    0.104067    0.217737
   83.597165   49.844009    0.210659    1.012776
   83.598376   49.835317    0.242152    1.308774
   83.599587   49.826624    0.294002    1.796278
   83.600797   49.817923    0.283984    1.701777
   83.602006   49.809199    0.169039    0.620185
   83.603214   49.800468    0.273254    1.600301
   83.604422   49.791732    0.274108    1.608075
   83.605631   49.782992    0.236378    1.252873
   83.606841   49.774257    0.279240    1.655817
   83.608051   49.765519    0.385343    2.653702
   83.609262   49.756777    0.307000    1.916443
   83.610473   49.748033    0.204344    0.950453
   83.611686   49.739283    0.344474    2.268441
   83.612898   49.730530    0.288893    1.745306
   83.614111   49.721771    0.243301    1.316139
   83.617744   49.695470    0.258740    1.460581
   83.618953   49.686691    0.371133    2.517636
   83.620161   49.677903    0.262441    1.494874
   83.622570   49.660296    0.314900    1.987842
   83.623774   49.651485    0.299275    1.840585
   83.624980   49.642670    0.249465    1.371747
   83.626189   49.633855    0.327292    2.103619
   83.628609   49.616224    0.275766    1.618372
   83.631028   49.598610    0.290228    1.753893
   83.632235   49.589807    0.304156    1.884652
   83.633443   49.581000    0.323438    2.065773
   83.634649   49.572182    0.381509    2.611809
   83.635855   49.563340    0.333889    2.163562
   83.637061   49.554489    0.347264    2.289119
   83.638266   49.545634    0.371353    2.515467
   83.639472   49.536777    0.309664    1.934879
   83.641889   49.519078    0.312759    1.963457
   83.643097   49.510232    0.268164    1.543677
   83.644306   49.501389    0.366332    2.466911
   83.645514   49.492556    0.338372    2.203614
   83.646722   49.483724    0.319988    2.030405
   83.649137   49.466051    0.393948    2.725647
   83.651553   49.448334    0.499965    3.722454
   83.652759   49.439471    0.373731    2.534663
   83.653963   49.430608    0.396608    2.749606
   83.655164   49.421754    0.301002    1.849943
   83.656363   49.412899    0.383032    2.621366
   83.657562   49.404043    0.384109    2.631235
   83.658761   49.395184    0.314359    1.974808
   83.659962   49.386324    0.375040    2.545393
   83.661164   49.377457    0.358295    2.387601
   83.662366   49.368582    0.290638    1.750868
   83.663569   49.359695    0.335552    2.173118
   83.664773   49.350791    0.341496    2.228772
   83.665977   49.341874    0.356047    2.365397
   83.667181   49.332944    0.336898    2.184990
   83.668384   49.324000    0.303006    1.865894
   83.669585   49.315033    0.295744    1.797309
   83.670785   49.306058    0.274767    1.599712
   83.671985   49.297081    0.275619    1.607460
   83.673186   49.288109    0.212184    1.010439
   83.674391   49.279159    0.231616    1.192975
   83.675597   49.270213    0.014456    0.030246
   83.676803   49.261272    0.083678    0.175078
   83.678008   49.252331    0.038572    0.080703
   83.679213   49.243382    0.350411    2.309460
   83.680416   49.234434    0.338103    2.193415
   83.681618   49.225490    0.239355    1.264195
   83.682818   49.216554    0.118845    0.248656
   80.023786  290.407079    0.103508    0.216566
   80.022373  290.403416    0.141637    0.296343
   80.018135  290.392408    0.129682    0.271331
   80.013890  290.381372    0.076869    0.160831
   80.009630  290.370351    0.136298    0.285172
   80.006791  290.363021    0.139931    0.292773
   80.001114  290.348357    0.111565    0.233425
   79.999694  290.344680    0.100391    0.210047
   79.998274  290.341003    0.041146    0.086089
   79.995434  290.333657    0.075875    0.158752
   79.991174  290.322669    0.192438    0.402633
   79.989754  290.319025    0.170434    0.356595
   79.988334  290.315383    0.004279    0.008953
   79.984076  290.304439    0.187398    0.392087
   79.982657  290.300779    0.151880    0.317775
   79.978404  290.289855    0.451325    1.790903
   79.976987  290.286238    0.725267    4.367914
   79.975570  290.282621    0.714769    4.269108
   79.974153  290.278998    0.763296    4.725566
   79.972737  290.275356    0.580953    3.010152
   79.971320  290.271710    0.691911    4.053916
   79.969903  290.268062    0.696878    4.100590
   79.968486  290.264415    0.637636    3.543230
   79.967069  290.260776    0.620318    3.380262
   79.965650  290.257139    0.683987    3.979166
   79.964232  290.253501    0.497196    2.221903
   79.962812  290.249862    0.226501    0.473902
   79.961392  290.246217    0.202907    0.424537
   79.959971  290.242572    0.499454    2.242992
   79.958549  290.238929    0.837067    5.418975
   79.957128  290.235292    0.952020    6.500325
   79.955705  290.231669    1.193627    8.773150
   79.954283  290.228048    0.628213    3.454062
   79.951439  290.220805    0.200025    0.418507
   79.948597  290.213538    0.229930    0.481076
   79.947177  290.209903    0.157490    0.329511
   79.940082  290.191783    0.727320    4.385874
   79.938663  290.188165    0.709092    4.214345
   79.937245  290.184550    0.745307    4.554982
   79.935827  290.180940    0.687143    4.007757
   79.934410  290.177336    0.771492    4.801207
   79.932992  290.173748    0.967058    6.640908
   79.931575  290.170161    0.778121    4.863462
   79.930158  290.166574    0.852344    5.561646
   79.928741  290.162979    0.796846    5.039509
   79.927323  290.159366    0.162172    0.339308
   79.925905  290.155747    0.152085    0.318205
   79.924486  290.152127    0.175497    0.367188
   79.923067  290.148509    0.220225    0.460771
   79.921646  290.144898    0.158882    0.332426
   79.920225  290.141289    0.212552    0.444717
   79.917383  290.134081    0.286151    0.598706
   79.915963  290.130484    0.218885    0.457968
   79.914543  290.126888    0.387051    1.183910
   79.913124  290.123291    0.132463    0.277150
   79.910282  290.116076    0.192064    0.401851
   79.908860  290.112461    0.244011    0.510539
   79.907438  290.108848    0.191792    0.401281
   79.906017  290.105241    0.142588    0.298334
   79.904599  290.101650    0.104045    0.217690
   79.903181  290.098062    0.160793    0.336422
   79.901763  290.094477    0.217356    0.454769
   79.900345  290.090890    0.166305    0.347956
   79.898924  290.087295    0.141799    0.296683
   79.888970  290.062216    0.153939    0.322083
   79.876185  290.030040    0.144317    0.301951
   79.874762  290.026480    0.140160    0.293253
   79.873339  290.022921    0.221304    0.463028
   79.871917  290.019361    0.110661    0.231533
   79.870496  290.015793    0.203135    0.425014
   79.869075  290.012223    0.191657    0.400998
   79.867655  290.008654    0.110655    0.231520
   79.866235  290.005085    0.097137    0.203238
   79.864814  290.001519    0.190968    0.399558
   79.863393  289.997955    0.148387    0.310466
   79.860550  289.990828    0.162006    0.338961
   79.857708  289.983703    0.191748    0.401190
   79.856286  289.980141    0.143580    0.300410
   79.853440  289.973015    0.186095    0.389361
   79.852016  289.969450    0.108263    0.226517
   79.850591  289.965884    0.156884    0.328245
   79.849168  289.962317    0.163749    0.342607
   79.846323  289.955173    0.058211    0.121793
   79.843479  289.948046    0.109828    0.229790
   79.840635  289.940966    0.134465    0.281338
   79.839213  289.937433    0.000000    0.000000
   79.834948  289.926831    0.083940    0.175625
   79.833527  289.923294    0.103144    0.215806
   79.832105  289.919756    0.065580    0.137212
   79.830684  289.916212    0.126296    0.264247
   79.826421  289.905569    0.110834    0.231896
   79.802225  289.845396    0.134302    0.280997
   79.800802  289.841872    0.137976    0.288683
   79.799379  289.838353    0.169288    0.354197
   79.797956  289.834838    0.165018    0.345262
   79.795110  289.827825    0.194475    0.406895
   79.793688  289.824320    0.303282    0.634549
   79.790845  289.817297    0.221245    0.462905
   79.788002  289.810263    0.214335    0.448449
   79.785157  289.803235    0.182633    0.382118
   79.783734  289.799724    0.191329    0.400313
   79.782310  289.796213    0.225706    0.472239
   79.780886  289.792702    0.186401    0.390003
   79.779461  289.789191    0.088459    0.185080
   79.776611  289.782166    0.216837    0.453682
   79.775186  289.778651    0.167527    0.350513
   79.769487  289.764578    0.246164    0.515043
   79.768061  289.761068    0.189219    0.395898
   79.765208  289.754056    0.205875    0.430747
   79.762354  289.747046    0.175602    0.367407
   79.760928  289.743542    0.240440    0.503067
   79.759501  289.740041    0.253746    0.530906
   79.758075  289.736542    0.293148    0.613347
   79.755225  289.729559    0.243739    0.509969
   79.750956  289.719098    0.227850    0.476724
   79.749534  289.715612    0.215226    0.450311
   79.748113  289.712128    0.264132    0.552638
   79.746691  289.708647    0.273890    0.573054
   79.745270  289.705169    0.255078    0.533693
   79.743849  289.701692    0.246136    0.514985
   79.742427  289.698218    0.280241    0.586341
   79.741005  289.694747    0.303101    0.634171
   79.739584  289.691279    0.261406    0.546934
   79.738162  289.687812    0.262256    0.548712
   79.735317  289.680871    0.229118    0.479377
   79.733892  289.677391    0.264666    0.553753
   79.732467  289.673907    0.211840    0.443227
   79.731040  289.670419    0.176745    0.369798
   79.728185  289.663432    0.204508    0.427887
   79.726756  289.659935    0.233338    0.488208
   79.725327  289.656441    0.258856    0.541598
   79.723898  289.652954    0.200468    0.419434
   79.722469  289.649482    0.172221    0.360334
   79.718184  289.639080    0.179173    0.374878
   79.716758  289.635600    0.177922    0.372262
   79.715333  289.632119    0.192771    0.403330
   79.706795  289.611298    0.228947    0.479021
   79.705374  289.607846    0.232664    0.486798
   79.703953  289.604395    0.230045    0.481317
   79.702532  289.600945    0.272739    0.570645
   79.701110  289.597492    0.269072    0.562972
   79.699686  289.594028    0.216387    0.452740
   79.698260  289.590564    0.219080    0.458376
   79.696835  289.587100    0.267801    0.560313
   79.695410  289.583639    0.196471    0.411072
   79.693986  289.580188    0.220912    0.462208
   79.692562  289.576740    0.208554    0.436352
   79.691138  289.573293    0.264904    0.554253
   79.689714  289.569846    0.259597    0.543148
   79.686863  289.562945    0.266863    0.558352
   79.685437  289.559494    0.432300    1.601452
   79.679732  289.545696    0.345294    0.782762
   79.678305  289.542251    0.248584    0.520105
   79.674026  289.531929    0.428467    1.565016
   79.672599  289.528485    0.564030    2.840252
   79.671173  289.525036    0.336959    0.705010
   79.668319  289.518133    0.218408    0.456969
   79.666892  289.514681    0.373183    1.044701
   79.665464  289.511230    0.550424    2.712015
   79.664036  289.507782    0.792747    4.991587
   79.662608  289.504337    0.675133    3.885106
   79.659753  289.497472    0.441941    1.691288
   79.658327  289.494049    0.903779    6.035908
   79.656901  289.490626    0.876256    5.776941
   79.655475  289.487199    0.499831    2.235736
   79.654049  289.483758    0.296281    0.619901
   79.652623  289.480317    0.217480    0.455028
   79.651198  289.476877    0.472526    1.978733
   79.649774  289.473441    0.280730    0.587364
   79.648350  289.470018    0.256151    0.535937
   79.646927  289.466600    0.376589    1.076078
   79.642658  289.456359    0.425582    1.536834
   79.639811  289.449535    0.743523    4.527718
   79.638387  289.446124    0.608783    3.260127
   79.636962  289.442714    0.806445    5.119549
   79.616944  289.394900    0.976338    6.717124
   79.615515  289.391495    0.661805    3.758160
   79.614088  289.388079    0.816122    5.209830
   79.609811  289.377840    0.747201    4.561320
   79.605535  289.367675    0.227746    0.476506
   79.604111  289.364299    0.060250    0.126060
   79.601262  289.357566    0.214915    0.449661
   79.599838  289.354200    0.064628    0.135220
   79.578398  289.303396    0.226278    0.473436
   79.576969  289.300004    0.113477    0.237425
   79.575541  289.296613    0.045261    0.094697
   79.572683  289.289846    0.282283    0.590613
   79.568397  289.279709    0.324361    0.678652
   79.566967  289.276334    0.182961    0.382804
   79.565538  289.272961    0.212087    0.443745
   79.564108  289.269593    0.540652    2.616742
   79.562677  289.266233    0.767993    4.755372
   79.561246  289.262875    0.280755    0.587416
   79.559815  289.259516    0.207517    0.434182
   79.558386  289.256154    0.447614    1.741317
   79.556959  289.252780    0.701023    4.125175
   79.555533  289.249405    0.721393    4.316759
   79.554107  289.246030    0.796042    5.018960
   79.552681  289.242658    0.635353    3.507258
   79.551253  289.239293    0.126566    0.264810
   79.548396  289.232575    0.123098    0.257556
   79.546968  289.229225    0.000000    0.000000
   79.544110  289.222552    0.146013    0.305499
   79.541251  289.215873    0.157819    0.330201
   79.532666  289.195704    0.305441    0.639066
   79.531236  289.192345    0.180343    0.377326
   79.529805  289.188987    0.728271    4.380622
   79.528372  289.185628    0.137942    0.288612
   79.526940  289.182271    0.077997    0.163190
   79.525507  289.178917    0.153000    0.320119
   79.524075  289.175566    0.361863    0.933515
   79.522644  289.172221    0.208352    0.435931
   79.521215  289.168879    0.141665    0.296402
   79.518357  289.162197    0.817566    5.220283
   79.516930  289.158850    0.769407    4.767187
   79.515504  289.155504    0.588154    3.062035
   79.511221  289.145499    0.120024    0.251122
   79.508361  289.138858    0.115529    0.241719
   79.506931  289.135533    0.130408    0.272849
   79.505501  289.132197    1.256164    9.345901
   79.504071  289.128859    0.695343    4.070022
   79.502641  289.125518    0.905985    6.051550
   79.501211  289.122176    0.076709    0.160496
   79.499780  289.118837    0.095673    0.200175
   79.498350  289.115497    0.111684    0.233674
   79.496919  289.112158    0.099582    0.208353
   79.482596  289.078881    0.108552    0.227121
   79.481165  289.075567    0.083492    0.174689
   79.478303  289.068936    0.351595    0.835417
   79.476872  289.065613    0.366345    0.974136
   79.475441  289.062289    0.115574    0.241812
   79.474011  289.058965    0.064437    0.134821
   79.472581  289.055642    0.051971    0.108738
   79.469721  289.049005    0.235699    0.493146
   79.465429  289.039078    0.130432    0.272900
   79.463997  289.035777    0.111333    0.232939
   79.462565  289.032476    0.038829    0.081240
   79.461132  289.029174    0.872630    5.736450
   79.459699  289.025862    0.273263    0.571742
   79.458267  289.022549    0.304017    0.636087
   79.456834  289.019239    0.255720    0.535038
   79.455401  289.015932    0.303250    0.634482
   79.453970  289.012636    0.151070    0.316080
   79.452538  289.009344    0.151866    0.317745
   79.448249  288.999464    0.119440    0.249901
   79.443961  288.989565    0.226259    0.473397
   79.442527  288.986259    1.089434    7.775426
   79.441092  288.982953    0.295289    0.617826
   79.439657  288.979648    0.145001    0.303382
   79.436788  288.973053    0.146364    0.306234
   79.435354  288.969763    0.227239    0.475448
   79.433920  288.966474    0.157237    0.328983
   79.432487  288.963187    1.534929   11.966050
   79.431054  288.959900    0.213879    0.447495
   79.429620  288.956613    0.408439    1.368693
   79.426753  288.950036    0.181780    0.380335
   79.425318  288.946742    0.238384    0.498765
   79.423883  288.943449    0.129600    0.271160
   79.422448  288.940157    0.163329    0.341730
   79.421015  288.936868    0.232414    0.486273
   79.419583  288.933586    0.268600    0.561986
   79.418152  288.930308    0.284527    0.595308
   79.416722  288.927030    0.476775    2.011158
   79.415292  288.923752    0.165215    0.345675
   79.413863  288.920469    0.058877    0.123187
   79.411004  288.913907    0.355493    0.870046
   79.409574  288.910630    0.670994    3.838034
   79.408143  288.907359    0.755174    4.629892
   79.406711  288.904090    0.550805    2.707289
   79.405279  288.900822    1.222394    9.025105
   79.403846  288.897552    0.861828    5.633094
   79.402411  288.894278    0.786501    4.924426
   79.400977  288.891003    1.010623    7.032776
   79.398108  288.884453    0.712962    4.232489
   79.396675  288.881179    0.036952    0.077313
   79.395243  288.877906    0.159299    0.333297
   79.393810  288.874635    0.273112    0.571426
   79.392377  288.871367    0.138161    0.289071
   79.390942  288.868105    0.835075    5.381032
   79.389507  288.864845    0.863325    5.646746
   79.388072  288.861585    0.653045    3.668532
   79.386637  288.858323    0.397412    1.263666
   79.385202  288.855055    0.264862    0.554164
   79.383767  288.851786    0.225881    0.472605
   79.382333  288.848516    0.144889    0.303148
   79.380900  288.845246    0.271271    0.567574
   79.379468  288.841975    0.614459    3.305285
   79.378037  288.838707    0.196895    0.411959
   79.376607  288.835443    0.162142    0.339245
   79.375176  288.832186    0.122405    0.256105
   79.373744  288.828943    0.602098    3.188830
   79.372312  288.825704    0.855985    5.577186
   79.370879  288.822466    0.525044    2.463873
   79.369446  288.819226    0.797344    5.025447
   79.368011  288.815974    0.308205    0.644850
   79.365142  288.809465    0.197705    0.413653
   79.363708  288.806209    0.301944    0.631751
   79.362274  288.802956    0.126487    0.264646
   79.360841  288.799702    0.093888    0.196439
   79.359408  288.796449    0.105260    0.220234
   79.357974  288.793197    0.111835    0.233991
   79.356539  288.789944    0.110495    0.231186
   79.355104  288.786691    0.231554    0.484475
   79.353669  288.783441    0.275610    0.576651
   79.352234  288.780194    0.150919    0.315764
   79.350798  288.776954    0.210428    0.440274
   79.349363  288.773715    0.226894    0.474725
   79.347927  288.770477    0.120110    0.251302
   79.345056  288.763995    0.177400    0.371169
   79.343621  288.760750    0.180892    0.378475
   79.339315  288.751008    0.148219    0.310115
   79.337880  288.747760    0.166227    0.347793
   79.335011  288.741278    0.228668    0.478436
   79.333576  288.738053    0.093895    0.196453
   79.330707  288.731618    0.172182    0.360253
   79.327844  288.725185    0.161256    0.337392
   79.326415  288.721966    0.103183    0.215887
   79.322128  288.712304    0.187130    0.391528
   79.314979  288.696203    0.158043    0.330670
   79.313548  288.692987    0.186138    0.389452
   79.312116  288.689769    0.128416    0.268682
   79.310680  288.686545    0.140100    0.293128
   79.307806  288.680095    0.180612    0.377891
   79.304929  288.673652    0.166447    0.348252
   79.302051  288.667214    0.218078    0.456280
   79.300613  288.663993    0.788725    4.942329
   79.297739  288.657542    0.150839    0.315597
   79.296302  288.654319    0.249633    0.522302
   79.294866  288.651098    0.751488    4.591860
   79.293430  288.647885    0.138763    0.290331
   79.291995  288.644675    0.473958    1.980957
   79.289125  288.638267    0.058022    0.121398
   79.287691  288.635071    0.165265    0.345780
   79.286256  288.631878    0.161589    0.338089
   79.281954  288.622302    0.167837    0.351160
   79.279086  288.615912    0.182307    0.381436
   79.277652  288.612711    0.177558    0.371501
   79.276219  288.609500    0.185552    0.388226
   79.274787  288.606288    0.061226    0.128101
   79.273354  288.603077    0.167539    0.350537
   79.271920  288.599872    0.171549    0.358927
   79.270484  288.596682    0.106295    0.222398
   79.267611  288.590309    0.139185    0.291214
   79.266174  288.587119    0.091171    0.190755
   79.264738  288.583916    0.130414    0.272862
   79.263301  288.580711    0.119203    0.249405
   79.261865  288.577505    0.104658    0.218974
   79.260428  288.574302    0.107882    0.225719
   79.258991  288.571104    0.130872    0.273821
   79.257554  288.567909    0.122954    0.257253
   79.256117  288.564717    0.076191    0.159413
   79.254681  288.561528    0.112256    0.234870
   79.250375  288.551981    0.183667    0.384282
   79.248940  288.548800    0.136535    0.285669
   79.246068  288.542430    0.185339    0.387781
   79.244631  288.539244    0.209142    0.437583
   79.243194  288.536060    0.411794    1.394735
   79.241756  288.532876    0.374187    1.040909
   79.240318  288.529693    0.576852    2.947406
   79.238880  288.526511    0.353786    0.848906
   79.237443  288.523329    0.375239    1.050680
   79.236006  288.520148    0.741534    4.496497
   79.234570  288.516969    0.787294    4.926941
   79.233134  288.513792    0.601619    3.180192
   79.231698  288.510618    0.600645    3.170981
   79.230262  288.507451    0.605136    3.213194
   79.227390  288.501119    0.517724    2.390789
   79.225955  288.497952    0.556657    2.757011
   79.224522  288.494779    0.618219    3.336101
   79.223089  288.491604    0.662208    3.749876
   79.221656  288.488428    0.697926    4.085844
   79.220223  288.485250    0.750024    4.575909
   79.218789  288.482067    0.528177    2.488881
   79.217354  288.478885    0.154703    0.323681
   79.215918  288.475707    0.232573    0.486607
   79.214482  288.472536    0.114030    0.238581
   79.213045  288.469383    0.536075    2.563014
   79.211608  288.466233    0.297452    0.622352
   79.210170  288.463084    0.305844    0.639910
   79.207295  288.456766    0.288252    0.603103
   79.205857  288.453596    0.409934    1.376153
   79.204418  288.450422    0.799981    5.045416
   79.202979  288.447243    0.788253    4.935046
   79.201539  288.444057    0.713908    4.235616
   79.200099  288.440871    1.506447   11.691257
   79.198659  288.437688    0.195206    0.408425
   79.195778  288.431357    0.129504    0.270958
   79.194337  288.428208    0.641926    3.558258
   79.192898  288.425062    0.195599    0.409246
   79.191459  288.421916    0.302421    0.632749
   79.190020  288.418763    0.081141    0.169769
   79.187147  288.412462    0.694258    4.050366
   79.184277  288.406182    0.677667    3.894209
   79.182843  288.403048    0.544488    2.641312
   79.181410  288.399916    0.365644    0.958828
   79.179977  288.396783    0.493594    2.162461
   79.177110  288.390505    0.962764    6.576017
   79.172807  288.381078    0.483713    2.069311
   79.171373  288.377934    0.416002    1.432290
   79.169937  288.374792    0.548800    2.681531
   79.167062  288.368520    0.202872    0.424464
   79.165622  288.365389    0.342421    0.739934
   79.164182  288.362257    0.166046    0.347415
   79.161300  288.355972    0.156423    0.327281
   79.159860  288.352821    0.148453    0.310604
   79.156980  288.346521    0.227267    0.475506
   79.155541  288.343378    0.186651    0.390525
   79.154101  288.340238    0.132419    0.277057
   79.152663  288.337102    0.234364    0.490353
   79.151224  288.333971    0.298638    0.624834
   79.149786  288.330848    0.224241    0.469173
   79.148347  288.327728    0.147173    0.307926
   79.145470  288.321488    0.231272    0.483885
   79.144031  288.318360    0.165123    0.345483
   79.142591  288.315232    0.180215    0.377060
   79.141152  288.312104    0.327960    0.686183
   79.136837  288.302735    0.217003    0.454029
   79.135399  288.299616    0.257598    0.538967
   79.132521  288.293384    0.222123    0.464742
   79.131082  288.290268    0.198301    0.414901
   79.129643  288.287152    0.243500    0.509469
   79.126768  288.280909    0.243304    0.509059
   79.125331  288.277783    0.155032    0.324369
   79.123894  288.274658    0.147392    0.308384
   79.121017  288.268424    0.231361    0.484070
   79.118137  288.262202    0.197341    0.412891
   79.116697  288.259090    0.194691    0.407347
   79.115256  288.255974    0.097773    0.204568
   79.113814  288.252856    0.237155    0.496193
   79.109493  288.243500    0.846228    5.477920
   79.108054  288.240382    0.943266    6.390752
   79.106616  288.237265    0.568507    2.865226
   79.105178  288.234151    0.939731    6.357418
   79.103740  288.231039    0.638690    3.525390
   79.102303  288.227930    0.754401    4.613881
   79.096554  288.215504    0.078241    0.163703
   79.095117  288.212403    0.145030    0.303444
   79.093680  288.209307    0.112831    0.236074
   79.090807  288.203141    0.563988    2.822296
   79.089370  288.200061    0.102281    0.214001
   79.087932  288.196982    0.208066    0.435331
   79.086494  288.193899    0.219547    0.459353
   79.085056  288.190813    0.131627    0.275400
   79.083617  288.187724    0.221835    0.464139
   79.082178  288.184629    0.246726    0.516218
   79.080738  288.181523    0.205018    0.428954
   79.079299  288.178414    0.226707    0.474334
   79.077859  288.175305    0.144516    0.302368
   79.076418  288.172198    0.198634    0.415597
   79.074977  288.169100    0.154157    0.322539
   79.073536  288.166005    0.147461    0.308529
   79.070650  288.159821    0.224069    0.468814
   79.069206  288.156732    0.154997    0.324296
   79.067761  288.153643    0.133131    0.278547
   79.066317  288.150555    0.105226    0.220163
   79.061998  288.141282    0.501801    2.236521
   79.060561  288.138191    0.585001    3.019179
   79.059123  288.135103    0.689273    4.000060
   79.057683  288.132021    1.265990    9.425396
   79.056243  288.128941    0.432254    1.582117
   79.054804  288.125862    0.043546    0.091111
   79.053365  288.122785    0.064569    0.135097
   79.050491  288.116629    0.298409    0.624353
   79.047617  288.110475    0.125710    0.263021
   79.044739  288.104321    0.087078    0.182191
   79.043299  288.101245    0.153273    0.320689
   79.041859  288.098170    0.101605    0.212586
   79.040420  288.095098    0.168698    0.352962
   79.037540  288.088956    0.129606    0.271172
   79.036100  288.085887    0.084342    0.176466
   79.031780  288.076685    0.124569    0.260632
   79.028897  288.070547    0.074769    0.156438
   79.026012  288.064408    0.089683    0.187642
   79.021683  288.055214    0.187005    0.391265
   79.020240  288.052154    0.150732    0.315373
   79.018798  288.049097    0.000000    0.000000
   79.015917  288.042994    0.274629    0.574599
   79.014477  288.039944    0.437331    1.628789
   79.013036  288.036893    0.414029    1.409541
   79.011592  288.033839    0.443980    1.691263
   79.010147  288.030783    0.612176    3.273503
   79.008703  288.027726    0.387530    1.160142
   79.007260  288.024668    0.384186    1.128651
   79.004379  288.018543    0.392108    1.203097
