Converting ICESat/GLAS binary freeboard vector data to ASCII
Wed Feb 12 09:56:26 2014

write_fb:
  file_in:       laser3k0010002.dat
  laser_period:  3k
  track:         0010
  cycle:         002
  file_out:      laser3k0010002.txt
  non_zero_only:        0
  nan_replace:       -999

read_fb:
  Year:                  2008
  Month:                   10
  Day:                     10
  Hour:                     0
  Minute:                  32
  Doy:                    284
  record_count:          1239
  non_zero_count:        1236
  nan_count:                0

    Latitude   Longitude   Freeboard   Thickness
   79.302517  115.211022    0.099635    0.465198
   79.303952  115.207804    0.197449    1.383538
   79.309691  115.194902    0.221823    1.612455
   79.311123  115.191665    0.047698    0.222429
   79.312555  115.188425    0.173586    1.158482
   79.318274  115.175434    0.405267    3.337603
   79.319707  115.172190    0.234216    1.728374
   79.321140  115.168949    0.235048    1.736110
   79.322574  115.165710    0.383481    3.132376
   79.324007  115.162472    0.616468    5.324061
   79.325440  115.159239    0.435466    3.621224
   79.326872  115.156006    0.482787    4.066294
   79.328305  115.152773    0.384715    3.143604
   79.329737  115.149537    0.279302    2.151851
   79.331171  115.146291    0.233296    1.718955
   79.332604  115.143042    0.337358    2.697812
   79.334039  115.139791    0.265400    2.020777
   79.335473  115.136541    0.515856    4.376809
   79.336909  115.133297    0.443768    3.698559
   79.338344  115.130055    0.370908    3.013049
   79.339781  115.126816    0.465458    3.902417
   79.341217  115.123578    0.449617    3.753296
   79.342655  115.120343    0.400119    3.287557
   79.344093  115.117109    0.543860    4.639678
   79.345531  115.113875    0.435209    3.617467
   79.346968  115.110640    0.417847    3.454037
   79.348401  115.107400    0.494502    4.175063
   79.349833  115.104157    0.528221    4.492174
   79.351264  115.100911    0.388923    3.181659
   79.352695  115.097662    0.350934    2.824184
   79.354126  115.094403    0.269997    2.062683
   79.355558  115.091141    0.298608    2.331743
   79.356991  115.087879    0.366107    2.966638
   79.358423  115.084620    0.471858    3.961379
   79.359858  115.081374    0.508956    4.310276
   79.361294  115.078132    0.384295    3.137446
   79.362729  115.074890    0.353664    2.849200
   79.364164  115.071646    0.362771    2.934776
   79.365597  115.068392    0.446549    3.722801
   79.367029  115.065133    0.396587    3.252704
   79.368461  115.061868    0.361262    2.920291
   79.369892  115.058597    0.273667    2.096165
   79.371321  115.055315    0.368192    2.985293
   79.372750  115.052029    0.334045    2.663970
   79.374179  115.048741    0.545509    4.653185
   79.375610  115.045455    0.467647    3.920618
   79.377046  115.042180    0.377713    3.074485
   79.378484  115.038911    0.329089    2.616967
   79.379922  115.035644    0.409214    3.370627
   79.382797  115.029108    0.398744    3.271944
   79.384232  115.025838    0.381788    3.112340
   79.385667  115.022566    0.418319    3.455897
   79.387102  115.019292    0.526633    4.474748
   79.388537  115.016009    0.467339    3.916861
   79.389972  115.012723    0.351022    2.822531
   79.391406  115.009437    0.473378    3.973479
   79.392840  115.006151    0.521609    4.427108
   79.394273  115.002869    0.458844    3.836564
   79.395705  114.999591    0.489574    4.125551
   79.398567  114.993050    0.537402    4.575295
   79.399997  114.989798    0.426650    3.533319
   79.401426  114.986551    0.383588    3.128124
   79.402855  114.983305    0.409996    3.376455
   79.404284  114.980055    0.348205    2.795075
   79.405713  114.976788    0.548577    4.679944
   79.407144  114.973513    0.457859    3.826428
   79.408574  114.970233    0.481124    4.045194
   79.410005  114.966949    0.525544    4.462977
   79.411436  114.963664    0.511027    4.326317
   79.412867  114.960376    0.456048    3.809009
   79.414298  114.957085    0.465540    3.898208
   79.415730  114.953791    0.622249    5.372330
   79.417163  114.950489    0.499796    4.220281
   79.418598  114.947183    0.539517    4.593850
   79.420032  114.943878    0.398395    3.266176
   79.421468  114.940574    0.496951    4.193233
   79.422903  114.937285    0.485383    4.084305
   79.424339  114.933999    0.388499    3.172790
   79.425774  114.930712    0.380290    3.095473
   79.427209  114.927420    0.425079    3.516721
   79.428643  114.924107    0.386640    3.155013
   79.430076  114.920788    0.520432    4.413547
   79.431509  114.917467    0.278262    2.135273
   79.432941  114.914149    0.354804    2.855233
   79.434372  114.910847    0.440427    3.660626
   79.435803  114.907552    0.320619    2.533457
   79.437234  114.904261    0.489168    4.118957
   79.438665  114.900974    0.532102    4.522759
   79.440096  114.897691    0.479846    4.031075
   79.441527  114.894408    0.518717    4.396649
   79.442958  114.891125    0.472985    3.966339
   79.444389  114.887839    0.475577    3.990623
   79.445820  114.884543    0.579544    4.968580
   79.447250  114.881242    0.502517    4.243861
   79.450111  114.874633    0.555729    4.744257
   79.451539  114.871327    0.585666    5.025788
   79.452968  114.868022    0.513777    4.349406
   79.454396  114.864715    0.560736    4.791077
   79.455825  114.861408    0.559192    4.776453
   79.457256  114.858101    0.588807    5.054957
   79.458688  114.854794    0.514829    4.358924
   79.460120  114.851486    0.512344    4.335445
   79.461552  114.848177    0.591846    5.083250
   79.462984  114.844870    0.397363    3.253587
   79.464416  114.841561    0.489065    4.116163
   79.465848  114.838247    0.486961    4.096278
   79.467279  114.834928    0.538625    4.582198
   79.468708  114.831593    0.403147    3.307613
   79.470137  114.828250    0.451008    3.757765
   79.471565  114.824906    0.420796    3.473452
   79.472994  114.821564    0.338128    2.695672
   79.474422  114.818235    0.424868    3.511563
   79.475852  114.814911    0.434675    3.603726
   79.477282  114.811589    0.402382    3.299835
   79.478714  114.808267    0.373177    3.025001
   79.480149  114.804943    0.423972    3.502746
   79.481585  114.801617    0.445051    3.700948
   79.483022  114.798287    0.310340    2.433578
   79.484458  114.794952    0.507607    4.289236
   79.485892  114.791602    0.306046    2.392988
   79.487325  114.788247    0.285481    2.199434
   79.488757  114.784891    0.236481    1.738370
   79.490188  114.781537    0.273502    2.086548
   79.491620  114.778194    0.308356    2.414332
   79.493051  114.774858    0.312867    2.456674
   79.494483  114.771527    0.479091    4.020299
   79.495913  114.768201    0.333077    2.646598
   79.497342  114.764884    0.265132    2.007317
   79.498771  114.761571    0.266944    2.024270
   79.535950  114.674491    0.267194    2.024099
   79.537382  114.671141    0.321710    2.536854
   79.541679  114.661105    0.482182    4.046175
   79.543107  114.657741    0.458168    3.820165
   79.544534  114.654371    0.468522    3.917480
   79.545959  114.651000    0.564523    4.820498
   79.547385  114.647629    0.432230    3.575875
   79.548811  114.644265    0.436678    3.617622
   79.550238  114.640906    0.420822    3.468355
   79.551664  114.637549    0.379850    3.082823
   79.553090  114.634196    0.393770    3.213673
   79.554517  114.630851    0.316528    2.486939
   79.555943  114.627507    0.231199    1.684127
   79.557369  114.624163    0.324992    2.566364
   79.558795  114.620818    0.435387    3.604791
   79.560218  114.617466    0.495576    4.170911
   79.561641  114.614110    0.457397    3.811655
   79.563064  114.610750    0.457699    3.814396
   79.564488  114.607385    0.451611    3.757035
   79.565915  114.604013    0.457717    3.814375
   79.567344  114.600637    0.413989    3.402913
   79.568773  114.597258    0.408339    3.349662
   79.570204  114.593876    0.477912    4.004067
   79.571633  114.590496    0.497818    4.191235
   79.573063  114.587115    0.616012    5.303027
   79.574493  114.583733    0.403036    3.299388
   79.575924  114.580348    0.361638    2.909849
   79.577356  114.576962    0.357778    2.873440
   79.578788  114.573573    0.242008    1.784253
   79.580221  114.570182    0.294111    2.274308
   79.581654  114.566787    0.252552    1.883247
   79.583085  114.563383    0.310619    2.429405
   79.584516  114.559977    0.354800    2.844934
   79.585947  114.556570    0.336122    2.669127
   79.587377  114.553165    0.446705    3.709321
   79.588806  114.549770    0.354948    2.846038
   79.590234  114.546379    0.426151    3.515767
   79.591662  114.542992    0.416079    3.420923
   79.593090  114.539608    0.364501    2.935610
   79.594518  114.536226    0.406748    3.332946
   79.595947  114.532846    0.240495    1.768852
   79.597374  114.529466    0.356161    2.856865
   79.598801  114.526085    0.593820    5.092503
   79.600224  114.522696    0.339346    2.698485
   79.601645  114.519305    0.377163    3.054150
   79.603066  114.515913    0.309233    2.415007
   79.604487  114.512521    0.489243    4.108327
   79.605907  114.509137    0.725758    6.333203
   79.610171  114.498984    0.487934    4.095627
   79.611599  114.495590    0.659041    5.705186
   79.613028  114.492191    0.436822    3.614607
   79.615891  114.485377    0.276892    2.109890
   79.617322  114.481958    0.372394    3.008211
   79.618752  114.478535    0.225977    1.630723
   79.620183  114.475107    0.194846    1.337766
   79.624471  114.464815    0.371994    3.003966
   79.625900  114.461385    0.546877    4.649053
   79.627329  114.457957    0.449210    3.730167
   79.628760  114.454539    0.361789    2.907669
   79.630191  114.451125    0.321488    2.528447
   79.631621  114.447712    0.329579    2.604470
   79.633052  114.444299    0.286308    2.197301
   79.634479  114.440881    0.448118    3.719408
   79.635906  114.437460    0.318452    2.499502
   79.637332  114.434035    0.343691    2.736838
   79.640186  114.427168    0.470145    3.926239
   79.641615  114.423726    0.472386    3.947217
   79.643042  114.420284    0.518528    4.381196
   79.644470  114.416844    0.475223    3.973719
   79.645896  114.413417    0.469889    3.923444
   79.647322  114.409997    0.495490    4.164174
   79.648747  114.406581    0.471750    3.940755
   79.650172  114.403169    0.358879    2.878842
   79.651598  114.399766    0.489541    4.107925
   79.653024  114.396366    0.820870    7.224751
   79.654449  114.392964    0.455385    3.786409
   79.655875  114.389559    0.430697    3.554060
   79.657300  114.386139    0.557760    4.749294
   79.658724  114.382712    0.492901    4.139040
   79.662998  114.372412    0.407068    3.331297
   79.664423  114.368977    0.375102    3.030485
   79.665849  114.365541    0.428760    3.535162
   79.667276  114.362104    0.393745    3.205670
   79.668703  114.358671    0.427442    3.522569
   79.670131  114.355236    0.751045    6.566711
   79.671559  114.351799    0.506300    4.264214
   79.672988  114.348358    0.394684    3.214110
   79.674416  114.344906    0.457778    3.807554
   79.675845  114.341448    0.463869    3.864753
   79.677274  114.337987    0.415293    3.407687
   79.680133  114.331072    0.386286    3.134610
   79.681562  114.327619    0.440473    3.644270
   79.682992  114.324164    0.475886    3.977307
   79.684421  114.320705    0.403742    3.298527
   79.685851  114.317233    0.422802    3.477732
   79.687281  114.313757    0.527743    4.464847
   79.688710  114.310280    0.440111    3.640373
   79.690138  114.306805    0.427578    3.522367
   79.691564  114.303339    0.453919    3.770069
   79.692989  114.299878    0.436147    3.602787
   79.694413  114.296422    0.438928    3.628845
   79.695836  114.292970    0.375931    3.036110
   79.697256  114.289528    0.329033    2.594826
   79.698675  114.286088    0.336562    2.665556
   79.700094  114.282649    0.298943    2.311570
   79.701513  114.279208    0.301459    2.335140
   79.702932  114.275754    0.405884    3.317403
   79.704351  114.272295    0.403096    3.291077
   79.705771  114.268836    0.444469    3.680184
   79.707193  114.265377    0.289994    2.226890
   79.708617  114.261933    0.360358    2.888733
   79.710042  114.258492    0.420762    3.456872
   79.711467  114.255047    0.406581    3.323368
   79.712894  114.251597    0.467310    3.894564
   79.714319  114.248127    0.335065    2.650389
   79.715745  114.244646    0.307197    2.388135
   79.717171  114.241159    0.312338    2.436398
   79.718597  114.237668    0.328488    2.588223
   79.720024  114.234176    0.305643    2.373220
   79.721452  114.230683    0.283806    2.167690
   79.722880  114.227190    0.273978    2.075137
   79.724308  114.223700    0.305158    2.368363
   79.725736  114.220220    0.405348    3.310780
   79.728592  114.213269    0.000000    0.000000
   79.730019  114.209794    0.309966    2.413197
   79.731445  114.206319    0.272192    2.057741
   79.732870  114.202843    0.355972    2.845792
   79.734295  114.199362    0.386120    3.129301
   79.735719  114.195877    0.358372    2.868166
   79.737143  114.192375    0.438630    3.623085
   79.739991  114.185360    0.414305    3.394053
   79.741414  114.181854    0.278960    2.120723
   79.742836  114.178357    0.241887    1.771868
   79.747100  114.167904    0.286824    2.194311
   79.748522  114.164441    0.244154    1.792796
   79.749945  114.160984    0.141027    0.822548
   79.751368  114.157526    0.355182    2.837075
   79.752791  114.154065    0.330399    2.603840
   79.754214  114.150586    0.320785    2.513292
   79.755637  114.147098    0.400188    3.260168
   79.757060  114.143603    0.256194    1.905473
   79.758483  114.140104    0.243099    1.782186
   79.759905  114.136599    0.230064    1.659464
   79.761328  114.133091    0.252458    1.870024
   79.762751  114.129582    0.166281    1.059233
   79.764174  114.126073    0.170683    1.100543
   79.765599  114.122571    0.450472    3.732517
   79.767025  114.119070    0.149075    0.897079
   79.768451  114.115569    0.374751    3.019985
   79.769878  114.112065    0.233068    1.687025
   79.771305  114.108557    0.183977    1.225115
   79.772732  114.105043    0.236339    1.717604
   79.774159  114.101526    0.175237    1.142697
   79.775586  114.098005    0.162434    1.022151
   79.777013  114.094471    0.280454    2.132311
   79.778439  114.090934    0.198489    1.361136
   79.779864  114.087397    0.182501    1.210636
   79.781289  114.083864    0.257554    1.916586
   79.782712  114.080346    0.199423    1.369628
   79.784135  114.076834    0.318274    2.487600
   79.785557  114.073325    0.262489    1.962717
   79.786979  114.069818    0.264817    1.984520
   79.788400  114.066308    0.165759    1.052549
   79.789822  114.062797    0.263629    1.973140
   79.791243  114.059284    0.253292    1.875801
   79.792664  114.055768    0.199550    1.370132
   79.794085  114.052243    0.240050    1.751031
   79.795506  114.048715    0.236812    1.720476
   79.796928  114.045185    0.282306    2.148357
   79.798350  114.041656    0.217108    1.534916
   79.799773  114.038131    0.188151    1.262406
   79.801197  114.034608    0.251103    1.854519
   79.802621  114.031087    0.306653    2.377003
   79.804046  114.027568    0.271727    2.048343
   79.805472  114.024053    0.266189    1.996143
   79.806900  114.020539    0.308607    2.395078
   79.808327  114.017023    0.305757    2.368174
   79.809755  114.013504    0.258151    1.920223
   79.811182  114.009976    0.295639    2.272786
   79.812609  114.006441    0.270772    2.038757
   83.918912   95.697792    0.218669    1.194788
   83.920082   95.688094    0.366752    2.587724
   83.921251   95.678384    0.120677    0.272683
   83.922419   95.668670    0.343078    2.364751
   83.923587   95.658956    0.003204    0.006703
   83.924754   95.649246    0.542001    4.235833
   83.927085   95.629870    0.823830    6.886834
   83.929414   95.610499    0.207861    1.091946
   83.930578   95.600800    0.596049    4.743631
   83.931743   95.591095    0.408764    2.981649
   83.932908   95.581385    0.490532    3.750742
   83.934073   95.571672    0.323195    2.176418
   83.935239   95.561954    0.419270    3.080097
   83.936405   95.552234    0.411212    3.004158
   83.939904   95.523076    0.461702    3.478751
   83.941069   95.513361    0.197453    0.992738
   83.942234   95.503645    0.363142    2.551300
   83.943399   95.493925    0.329686    2.236442
   83.944565   95.484198    0.382425    2.732446
   83.945731   95.474465    0.556887    4.373534
   83.946896   95.464725    0.601071    4.789065
   83.948060   95.454978    0.507385    3.907596
   83.949223   95.445220    0.578776    4.579067
   83.950384   95.435453    0.279173    1.760464
   83.951546   95.425679    0.140844    0.459029
   83.952707   95.415896    0.217502    1.180053
   83.957361   95.376692    0.232983    1.325162
   83.958525   95.366892    0.246770    1.454733
   83.960852   95.347275    0.163811    0.674054
   83.964340   95.317716    0.468100    3.536213
   83.965503   95.307836    0.289072    1.851906
   83.966665   95.297954    0.636639    5.121454
   83.967827   95.288086    0.515646    3.983105
   83.968990   95.278225    0.359288    2.512065
   83.970152   95.268374    0.515279    3.979390
   83.971314   95.258533    0.495506    3.793257
   83.972475   95.248721    0.525302    4.073429
   83.974794   95.229122    0.547031    4.277576
   83.975953   95.219323    0.602522    4.799473
   83.977110   95.209510    0.637023    5.123899
   83.978268   95.199687    0.616233    4.928195
   83.979424   95.189858    0.555406    4.355841
   83.980581   95.180020    0.603539    4.808515
   83.981736   95.170165    0.495078    3.788063
   83.982890   95.160303    0.320431    2.144970
   83.984046   95.150436    0.347503    2.399513
   83.985202   95.140569    0.591130    4.691268
   83.986360   95.130721    0.517110    3.994809
   83.987520   95.120872    0.528425    4.101118
   83.988681   95.111017    0.507962    3.908489
   83.989842   95.101151    0.579510    4.581433
   83.991002   95.091255    0.528871    4.104927
   83.992162   95.081343    0.572595    4.516117
   83.993321   95.071418    0.648728    5.232199
   83.994480   95.061482    0.540304    4.212083
   83.995639   95.051535    0.355394    2.472439
   83.996798   95.041581    0.363734    2.550771
   84.002593   94.991821    0.440679    3.273961
   84.003751   94.981871    0.597725    4.751212
   84.004907   94.971910    0.433014    3.201591
   84.006062   94.961946    0.441586    3.282100
   84.009520   94.932064    0.541886    4.225265
   84.011824   94.912164    0.556650    4.363888
   84.012976   94.902213    0.395814    2.850719
   84.014128   94.892255    0.320068    2.138024
   84.015280   94.882294    0.308337    2.027533
   84.016433   94.872330    0.364532    2.556046
   84.017586   94.862364    0.623776    4.994715
   84.018739   94.852397    0.565465    4.446036
   84.019893   94.842428    0.607999    4.846035
   84.022200   94.822481    0.363345    2.544230
   84.023353   94.812504    0.572973    4.516134
   84.024505   94.802522    0.527690    4.090015
   84.025657   94.792534    0.559341    4.387640
   84.026809   94.782539    0.644693    5.190443
   84.027959   94.772531    0.436899    3.235517
   84.029109   94.762516    0.508018    3.904426
   84.030258   94.752495    0.406390    2.948251
   84.031408   94.742469    0.567424    4.463025
   84.032560   94.732446    0.367181    2.579139
   84.033712   94.722419    0.504062    3.866694
   84.036017   94.702350    0.438079    3.245702
   84.037170   94.692303    0.416569    3.043226
   84.038324   94.682249    0.445964    3.319617
   84.039477   94.672186    0.557490    4.368653
   84.040630   94.662116    0.511985    3.940435
   84.041781   94.652035    0.543383    4.235677
   84.042930   94.641947    0.521501    4.029696
   84.046378   94.611640    0.395490    2.843872
   84.047528   94.601524    0.562105    4.411144
   84.048678   94.591408    0.473597    3.578392
   84.050976   94.571193    0.450932    3.364917
   84.052125   94.561096    0.397258    2.859848
   84.053274   94.550996    0.427616    3.145310
   84.054422   94.540890    0.545039    4.249815
   84.055570   94.530759    0.533665    4.142684
   84.056717   94.520618    0.423352    3.104805
   84.057865   94.510474    0.419502    3.068457
   84.059012   94.500330    0.464639    3.492941
   84.060160   94.490201    0.444423    3.302637
   84.061309   94.480077    0.338490    2.305952
   84.062457   94.469953    0.498918    3.815025
   84.063605   94.459830    0.528190    4.090266
   84.064752   94.449701    0.537869    4.181188
   84.065899   94.439569    0.382961    2.723782
   84.067046   94.429437    0.565487    4.440734
   84.068193   94.419301    0.449678    3.351153
   84.069339   94.409168    0.404012    2.921420
   84.071630   94.388891    0.425788    3.126017
   84.072775   94.378745    0.550001    4.294398
   84.073920   94.368588    0.286145    1.812087
   84.075064   94.358424    0.322822    2.156986
   84.076208   94.348253    0.388029    2.770275
   84.077352   94.338076    0.502689    3.848798
   84.078494   94.327891    0.438018    3.240278
   84.079636   94.317699    0.429150    3.156730
   84.080778   94.307503    0.251264    1.483165
   84.081920   94.297303    0.188256    0.890294
   84.083062   94.287109    0.205355    1.051014
   84.084205   94.276911    0.287114    1.820018
   84.085348   94.266704    0.407135    2.948969
   84.086490   94.256487    0.490722    3.735169
   84.087633   94.246242    0.405964    2.937687
   84.088775   94.235984    0.248156    1.453009
   84.091060   94.215448    0.180766    0.818785
   84.092203   94.205188    0.144834    0.480630
   84.093346   94.194928    0.196773    0.969102
   84.094489   94.184665    0.476912    3.604341
   84.095632   94.174398    0.456583    3.412963
   84.096776   94.164114    0.987155    8.404105
   84.097920   94.153825    0.501827    3.838325
   84.100206   94.133253    0.374258    2.637983
   84.101347   94.122987    0.414429    3.015753
   84.102488   94.112728    0.460836    3.452185
   84.105906   94.081996    0.384054    2.729478
   84.107044   94.071764    0.333043    2.249473
   84.108182   94.061530    0.308648    2.019844
   84.109320   94.051294    0.530433    4.106126
   84.110457   94.041045    0.356870    2.473224
   84.111594   94.030790    0.591812    4.683269
   84.112731   94.020529    0.596755    4.729642
   84.113868   94.010262    0.394754    2.829216
   84.115006   93.999998    0.438712    3.242612
   84.116146   93.989727    0.498324    3.803272
   84.117285   93.979442    0.407962    2.953075
   84.118424   93.969141    0.541669    4.210769
   84.119561   93.958801    0.599081    4.750737
   84.120698   93.948442    0.418682    3.053526
   84.124110   93.917307    0.363780    2.536660
   84.125249   93.906925    0.531031    4.109911
   84.126388   93.896541    0.424563    3.108204
   84.127528   93.886154    0.383977    2.726261
   84.128667   93.875773    0.386392    2.748852
   84.129806   93.865391    0.272594    1.678178
   84.132083   93.844616    0.333975    2.255353
   84.133218   93.834212    0.323411    2.155844
   84.134352   93.823803    0.462625    3.465340
   84.135485   93.813392    0.391074    2.792109
   84.136618   93.802979    0.430522    3.163074
   84.137751   93.792572    0.509060    3.901784
   84.140018   93.771763    0.329271    2.210183
   84.141152   93.761359    0.393241    2.811836
   84.142285   93.750953    0.331743    2.233174
   84.143419   93.740547    0.468498    3.519547
   84.144552   93.730139    0.365415    2.549675
   84.145686   93.719731    0.451181    3.356373
   84.146819   93.709320    0.408655    2.956191
   84.150218   93.678074    0.462897    3.466063
   84.151351   93.667653    0.472120    3.552702
   84.152483   93.657230    0.480799    3.634218
   84.153615   93.646805    0.407641    2.945862
   84.154746   93.636377    0.445845    3.305124
   84.155875   93.625949    0.497878    3.794493
   84.157004   93.615518    0.393499    2.812426
   84.158132   93.605084    0.516681    3.971111
   84.159261   93.594646    0.454430    3.385364
   84.160391   93.584208    0.412086    2.986891
   84.161522   93.573763    0.395664    2.832274
   84.163783   93.552846    0.347487    2.378785
   84.164913   93.542360    0.273304    1.680786
   84.166042   93.531861    0.381801    2.701323
   84.167171   93.521351    0.478594    3.611758
   84.168300   93.510831    0.428837    3.143548
   84.169429   93.500301    0.498129    3.795270
   84.172817   93.468675    0.163394    0.645906
   84.175081   93.447592    0.316183    2.082977
   84.176214   93.437048    0.433510    3.186577
   84.177345   93.426503    0.340338    2.309945
   84.178475   93.415951    0.382825    2.709504
   84.179604   93.405397    0.417967    3.039966
   84.180732   93.394843    0.396493    2.837815
   84.182987   93.373734    0.418922    3.048543
   84.184114   93.363181    0.435363    3.203080
   84.185240   93.352633    0.416787    3.028199
   84.186366   93.342090    0.413964    3.001507
   84.187490   93.331564    0.430437    3.156347
   84.188614   93.321044    0.419873    3.056834
   84.189737   93.310525    0.328018    2.192591
   84.190861   93.300002    0.360159    2.494817
   84.191983   93.289469    0.238932    1.354261
   84.193106   93.278926    0.425319    3.107536
   84.194229   93.268375    0.341079    2.314926
   84.195351   93.257812    0.393365    2.806674
   84.196474   93.247233    0.377854    2.660617
   84.197596   93.236642    0.228764    1.257952
   84.198719   93.226038    0.259124    1.543419
   84.199841   93.215423    0.277679    1.717845
   84.200964   93.204792    0.440805    3.252291
   84.202087   93.194151    0.315200    2.070552
   84.203210   93.183503    0.408980    2.952642
   84.204334   93.172850    0.080600    0.168637
   84.205459   93.162199    0.332652    2.234329
   84.206584   93.151545    0.182786    0.824358
   84.207710   93.140889    0.165102    0.657870
   84.208836   93.130229    0.341192    2.314268
   84.209962   93.119568    0.393631    2.807450
   84.211089   93.108902    0.166819    0.673623
   84.212215   93.098229    0.388100    2.755148
   84.213341   93.087547    0.382059    2.698193
   84.214464   93.076841    0.347113    2.369309
   84.215586   93.066125    0.298228    1.909295
   84.216708   93.055407    0.359806    2.488449
   84.217830   93.044688    0.301249    1.937450
   84.218954   93.033983    0.298975    1.915931
   84.220079   93.023285    0.323896    2.150230
   84.221203   93.012591    0.274666    1.686982
   84.222326   93.001902    0.313478    2.051965
   84.223447   92.991217    0.224444    1.214257
   84.224567   92.980537    0.316063    2.076015
   84.225685   92.969859    0.305711    1.978499
   84.226803   92.959182    0.222523    1.195790
   84.227920   92.948506    0.147254    0.487574
   84.229035   92.937831    0.070262    0.147007
   84.230151   92.927154    0.151367    0.526000
   84.232380   92.905795    0.234594    1.308682
   84.233494   92.895111    0.271626    1.656924
   84.234608   92.884422    0.415954    3.014535
   84.236838   92.863035    0.218009    1.152131
   84.237955   92.852333    0.299417    1.917838
   84.239072   92.841620    0.264664    1.590767
   84.240190   92.830892    0.331942    2.223545
   84.241308   92.820139    0.409276    2.950914
   84.242427   92.809367    0.293575    1.862347
   84.243546   92.798577    0.312239    2.037790
   84.244665   92.787772    0.181998    0.812441
   84.245782   92.776942    0.298343    1.906805
   84.246900   92.766099    0.184222    0.833094
   84.248017   92.755249    0.269731    1.637380
   84.250254   92.733555    0.323199    2.140102
   84.251374   92.722718    0.352937    2.419722
   84.252495   92.711883    0.328119    2.186116
   84.253615   92.701049    0.411704    2.972302
   84.254734   92.690217    0.338005    2.278849
   84.255853   92.679387    0.447478    3.308572
   84.256971   92.668559    0.287645    1.804836
   84.259201   92.646916    0.250619    1.456255
   84.262532   92.614479    0.333609    2.236570
   84.263642   92.603680    0.428356    3.127751
   84.265861   92.582085    0.285878    1.787157
   84.266970   92.571283    0.405657    2.913817
   84.268078   92.560469    0.399088    2.851892
   84.269186   92.549646    0.363522    2.517176
   84.270294   92.538818    0.339532    2.291368
   84.271401   92.527982    0.419693    3.045336
   84.272510   92.517144    0.390992    2.775203
   84.273619   92.506298    0.256428    1.509183
   84.274728   92.495445    0.224861    1.212089
   84.275839   92.484582    0.285828    1.785489
   84.276951   92.473705    0.217845    1.145818
   84.279178   92.451918    0.095698    0.200227
   84.285854   92.386259    0.233749    1.294371
   84.293642   92.309391    0.155027    0.552871
   84.298083   92.265424    0.072901    0.152529
   84.299191   92.254420    0.222816    1.189924
   84.300299   92.243415    0.010013    0.020949
   84.302511   92.221416    0.278533    1.713672
   84.306919   92.177537    0.186768    0.849883
   84.308020   92.166581    0.046087    0.096426
   84.309120   92.155627    0.201856    0.991555
   84.310221   92.144670    0.161055    0.607596
   84.311321   92.133709    0.233646    1.290351
   84.312423   92.122735    0.174760    0.736257
   84.313525   92.111753    0.239910    1.349010
   84.314627   92.100761    0.234615    1.299069
   84.315729   92.089759    0.404849    2.900383
   84.316830   92.078750    0.287172    1.793229
   84.317932   92.067728    0.267206    1.605267
   84.319033   92.056692    0.226816    1.225169
   84.320136   92.045641    0.300377    1.917052
   84.321240   92.034562    0.063560    0.132985
   84.322345   92.023466    0.116541    0.243836
   84.323451   92.012358    0.231415    1.267903
   84.324557   92.001242    0.362187    2.497986
   84.325664   91.990125    0.220607    1.165962
   84.326771   91.979005    0.320998    2.110239
   84.327878   91.967879    0.311556    2.021284
   84.328985   91.956748    0.321724    2.116804
   84.330090   91.945611    0.285749    1.778238
   84.331194   91.934470    0.290984    1.827352
   84.332297   91.923326    0.330223    2.196346
   84.333399   91.912178    0.240830    1.355267
   84.334500   91.901010    0.306319    1.971206
   84.335600   91.889845    0.259725    1.532747
   84.336699   91.878695    0.258921    1.525055
   84.337797   91.867567    0.277046    1.695430
   84.339992   91.845503    0.392066    2.777195
   84.341089   91.834494    0.391486    2.771599
   84.342185   91.823481    0.274367    1.669685
   84.344375   91.801335    0.453062    3.350470
   84.345470   91.790235    0.316432    2.065003
   84.346564   91.779120    0.378659    2.650262
   84.347659   91.767993    0.285024    1.769274
   84.348755   91.756853    0.282918    1.749328
   84.349850   91.745703    0.305763    1.964104
   84.350946   91.734545    0.182924    0.808381
   84.352042   91.723387    0.281143    1.732233
   84.353138   91.712222    0.272156    1.647553
   84.354235   91.701047    0.188150    0.857146
   84.355332   91.689860    0.257429    1.508742
   84.356430   91.678648    0.341458    2.299097
   84.357529   91.667424    0.285026    1.768093
   84.358627   91.656193    0.422985    3.065779
   84.359726   91.644957    0.243387    1.376105
   84.360824   91.633737    0.254956    1.484805
   84.361921   91.622516    0.333853    2.226887
   84.363019   91.611289    0.233806    1.285575
   84.364115   91.600053    0.153172    0.526885
   84.365212   91.588788    0.375895    2.621985
   84.366308   91.577512    0.373230    2.596776
   84.367404   91.566231    0.297618    1.885336
   84.368500   91.554949    0.383916    2.697037
   84.369595   91.543691    0.266323    1.590668
   84.370690   91.532434    0.292253    1.834467
   84.371784   91.521175    0.316539    2.062794
   84.372877   91.509906    0.231965    1.267047
   84.373970   91.498604    0.207479    1.036563
   84.375062   91.487291    0.188032    0.853488
   84.376153   91.475972    0.060535    0.126657
   84.378335   91.453352    0.171838    0.700745
   84.379425   91.442057    0.288065    1.794000
   84.381604   91.419486    0.359827    2.468813
   84.382693   91.408218    0.245761    1.395625
   84.383781   91.396955    0.264287    1.569769
   84.384869   91.385693    0.105156    0.220016
   84.385958   91.374430    0.223050    1.181579
   84.387049   91.363158    0.200002    0.964621
   84.389232   91.340591    0.142937    0.427525
   84.390323   91.329294    0.264285    1.568951
   84.393588   91.295319    0.399631    2.841791
   84.394677   91.283971    0.579655    4.535208
   84.395768   91.272613    0.346977    2.346196
   84.396861   91.261245    0.392725    2.776423
   84.397954   91.249869    0.399135    2.836585
   84.399046   91.238487    0.397065    2.816986
   84.400138   91.227104    0.099483    0.208146
   84.401229   91.215716    0.123834    0.259096
   84.402319   91.204321    0.092367    0.193257
   84.403409   91.192917    0.114908    0.240419
   84.404497   91.181497    0.294204    1.848658
   84.405585   91.170069    0.240767    1.345824
   84.406671   91.158639    0.236010    1.300944
   84.407757   91.147207    0.259075    1.517793
   84.408842   91.135786    0.292438    1.831510
   84.409927   91.124367    0.257963    1.507066
   84.411011   91.112950    0.147219    0.465116
   84.412094   91.101533    0.331556    2.199112
   84.413177   91.090118    0.286579    1.775865
   84.414259   91.078701    0.307970    1.976956
   84.415341   91.067281    0.256630    1.493848
   84.416423   91.055856    0.224079    1.187501
   84.417506   91.044422    0.303449    1.934025
   84.419671   91.021534    0.375293    2.609616
   84.420753   91.010080    0.201481    0.974382
   84.421836   90.998615    0.114565    0.239701
   84.422919   90.987145    0.447764    3.290982
   84.424002   90.975672    0.239154    1.328383
   84.425084   90.964198    0.100789    0.210879
   84.426166   90.952735    0.281853    1.729797
   84.427249   90.941273    0.234723    1.286296
   84.429413   90.918343    0.384736    2.697247
   84.430496   90.906869    0.350838    2.378221
   84.431580   90.895390    0.306783    1.963653
   84.432663   90.883902    0.095507    0.199826
   84.433745   90.872408    0.260213    1.525277
   84.434825   90.860902    0.330415    2.185562
   84.435905   90.849387    0.332893    2.208738
   84.436984   90.837865    0.092701    0.193957
   84.438062   90.826334    0.013251    0.027724
   84.439139   90.814798    0.268413    1.601750
   84.440217   90.803255    0.357451    2.439224
   84.441294   90.791705    0.294604    1.847872
   84.442372   90.780151    0.245138    1.382394
   84.443452   90.768593    0.307538    1.969280
   84.444531   90.757031    0.127959    0.279788
   84.446690   90.733889    0.083377    0.174448
   84.447766   90.722309    0.165488    0.632426
   84.448841   90.710721    0.282944    1.737248
   84.449915   90.699128    0.202413    0.979528
   84.450989   90.687530    0.257240    1.495174
   84.452064   90.675918    0.230699    1.245357
   84.453138   90.664302    0.207886    1.030616
   84.457435   90.617876    0.264797    1.565456
   84.458509   90.606286    0.175117    0.721678
   84.459583   90.594700    0.266442    1.580666
   84.460657   90.583119    0.175340    0.723503
   84.461730   90.571540    0.169876    0.671971
   84.462803   90.559959    0.184467    0.809101
   84.463876   90.548375    0.268345    1.598032
   84.464947   90.536782    0.328310    2.162010
   84.466018   90.525183    0.216878    1.113601
   84.467089   90.513574    0.363838    2.495965
   84.469240   90.490319    0.173181    0.702124
   84.471399   90.467015    0.261666    1.534259
   84.472478   90.455355    0.319971    2.082620
   84.473553   90.443702    0.273965    1.649696
   84.474627   90.432045    0.114661    0.239902
   84.475701   90.420378    0.117001    0.244798
   84.476774   90.408699    0.512067    3.889194
   84.478921   90.385258    0.280875    1.714029
   84.479994   90.373522    0.252008    1.442328
   84.481066   90.361782    0.302222    1.914573
   84.483209   90.338324    0.478903    3.576405
   84.484279   90.326598    0.328227    2.158815
   84.485349   90.314876    0.305307    1.943063
   84.486418   90.303162    0.371203    2.562836
   84.487486   90.291450    0.449698    3.301131
   84.488553   90.279737    0.366931    2.522372
   84.489620   90.268019    0.249401    1.416593
   84.490686   90.256290    0.398569    2.819736
   84.492819   90.232809    0.227463    1.209811
   84.494951   90.209302    0.381771    2.661171
   84.496017   90.197539    0.215855    1.100207
   84.497083   90.185774    0.355541    2.414145
   84.498149   90.174010    0.223554    1.172366
   84.499217   90.162259    0.228305    1.216927
   84.500285   90.150508    0.317971    2.060306
   84.501353   90.138754    0.275927    1.664644
   84.502421   90.126991    0.281239    1.714486
   84.503489   90.115206    0.340779    2.274462
   84.504556   90.103409    0.314077    2.023127
   84.505624   90.091605    0.271606    1.623460
   84.506691   90.079796    0.268252    1.591770
   84.507759   90.067990    0.379537    2.638532
   84.510960   90.032559    0.305186    1.938672
   84.512023   90.020748    0.326410    2.138207
   84.513085   90.008933    0.241036    1.334920
   84.514146   89.997110    0.243119    1.354383
   84.515207   89.985276    0.280370    1.704685
   84.516271   89.973421    0.281356    1.713822
   84.517335   89.961552    0.227419    1.206288
   84.518399   89.949674    0.282550    1.724785
   84.519463   89.937787    0.297385    1.864208
   84.521589   89.914002    0.484591    3.625043
   84.522652   89.902100    0.377488    2.617356
   84.524777   89.878278    0.503822    3.805550
   84.525840   89.866358    0.387693    2.712956
   84.526903   89.854436    0.399315    2.822147
   84.527965   89.842515    0.279511    1.694974
   84.529028   89.830600    0.285498    1.751163
   84.531151   89.806775    0.322951    2.103222
   84.532212   89.794862    0.340923    2.272162
   84.533273   89.782950    0.421387    3.028969
   84.534333   89.771033    0.388192    2.716560
   84.535392   89.759112    0.469981    3.485845
   84.536452   89.747184    0.197128    0.918884
   84.538569   89.723282    0.113239    0.236927
   84.539628   89.711321    0.124870    0.261262
   84.540687   89.699355    0.342721    2.287992
   84.541746   89.687388    0.191538    0.865619
   84.542805   89.675419    0.370506    2.549096
   84.543864   89.663450    0.315615    2.032583
   84.544922   89.651482    0.225146    1.181376
   84.545978   89.639523    0.331920    2.185701
   84.547033   89.627565    0.320163    2.074966
   84.548087   89.615607    0.329730    2.164826
   84.549141   89.603647    0.113693    0.237877
   84.550196   89.591687    0.227574    1.203547
   84.551251   89.579721    0.212355    1.060234
   84.552305   89.567747    0.195637    0.902829
   84.553359   89.555760    0.254640    1.457757
   84.554412   89.543747    0.342615    2.285230
   84.555464   89.531719    0.408980    2.909417
   84.556515   89.519683    0.502917    3.792976
   84.558620   89.495607    0.528933    4.037447
   84.559673   89.483571    0.259171    1.499572
   84.560726   89.471525    0.427259    3.080694
   84.561778   89.459469    0.337779    2.238791
   84.562831   89.447384    0.496684    3.733531
   84.563882   89.435285    0.343102    2.288592
   84.564934   89.423179    0.235775    1.278797
   84.565987   89.411069    0.135152    0.332071
   84.567040   89.398973    0.284554    1.737414
   84.568093   89.386879    0.155902    0.527003
   84.569147   89.374780    0.218151    1.112462
   84.570201   89.362674    0.196583    0.909427
   84.571256   89.350547    0.387779    2.707942
   84.573363   89.326274    0.198467    0.926744
   84.574417   89.314137    0.193280    0.877818
   84.577569   89.277778    0.281524    1.707549
   84.578619   89.265668    0.279034    1.683988
   84.579668   89.253570    0.297214    1.854877
   84.580716   89.241475    0.327904    2.143456
   84.581764   89.229376    0.211204    1.045483
   84.582812   89.217270    0.209020    1.024801
   84.583858   89.205140    0.238167    1.298864
   84.584903   89.192998    0.316337    2.034101
   84.585949   89.180850    0.320810    2.076041
   84.586994   89.168699    0.254144    1.448759
   84.588041   89.156568    0.421168    3.019874
   84.589088   89.144434    0.295783    1.840201
   84.590134   89.132288    0.308931    1.963750
   84.591181   89.120124    0.284843    1.737018
   84.593273   89.095662    0.235033    1.268164
   84.594319   89.083408    0.329769    2.159244
   84.597454   89.046687    0.273089    1.625628
   84.600592   89.009997    0.276928    1.661339
   84.601638   88.997760    0.363586    2.476423
   84.602685   88.985518    0.251739    1.424105
   84.603731   88.973271    0.270448    1.599964
   84.604775   88.961011    0.345992    2.310497
   84.605818   88.948744    0.258383    1.486197
   84.606861   88.936476    0.329143    2.151728
   84.608947   88.911950    0.242674    1.338012
   84.609991   88.899694    0.314005    2.008907
   84.612077   88.875171    0.315063    2.018594
   84.613121   88.862891    0.326721    2.128131
   84.614163   88.850603    0.229601    1.214355
   84.615206   88.838309    0.356438    2.407418
   84.616248   88.826011    0.348867    2.336054
   84.617289   88.813712    0.368086    2.516716
   84.618329   88.801410    0.316923    2.035281
   84.619369   88.789106    0.426867    3.069425
   84.621449   88.764496    0.239268    1.304344
   84.622489   88.752191    0.313522    2.002737
   84.623529   88.739884    0.075301    0.157550
   84.624567   88.727578    0.231752    1.233228
   84.625604   88.715274    0.349930    2.344832
   84.626640   88.702970    0.421076    3.013997
   84.628709   88.678350    0.462302    3.401558
   84.629743   88.666039    0.287459    1.756607
   84.630777   88.653718    0.280928    1.695040
   84.631810   88.641384    0.259669    1.494909
   84.632845   88.629034    0.297474    1.850419
   84.633881   88.616639    0.198991    0.923822
   84.634919   88.604226    0.224064    1.159558
   84.635956   88.591801    0.160691    0.563248
   84.638031   88.566960    0.180127    0.745818
   84.639068   88.554550    0.303757    1.908716
   84.640105   88.542136    0.290374    1.782678
   84.641141   88.529713    0.171091    0.660403
   84.642178   88.517264    0.289422    1.773447
   84.643215   88.504805    0.379727    2.622846
   84.644252   88.492339    0.200712    0.938654
   84.645288   88.479869    0.315316    2.016630
   84.646322   88.467405    0.255989    1.458388
   84.647356   88.454941    0.314008    2.004051
   84.648390   88.442478    0.233157    1.243326
   84.649423   88.430013    0.260762    1.502874
   84.650457   88.417540    0.296156    1.835701
   84.651491   88.405069    0.305235    1.920981
   84.652525   88.392604    0.348514    2.327978
   84.653558   88.380152    0.257177    1.468606
   84.654590   88.367743    0.274325    1.629784
   84.656649   88.342952    0.275216    1.637898
   84.657678   88.330547    0.297132    1.843931
   84.658705   88.318099    0.240368    1.309796
   84.659733   88.305633    0.192411    0.858514
   84.660759   88.293156    0.000000    0.000000
   84.661785   88.280672    0.251527    1.414359
   84.662812   88.268199    0.334241    2.192348
   84.663838   88.255723    0.106989    0.223851
   84.664864   88.243238    0.324121    2.096867
   84.665891   88.230742    0.076593    0.160254
   84.666920   88.218227    0.175620    0.699594
   84.667949   88.205695    0.140605    0.370062
   84.668978   88.193149    0.177572    0.717685
   84.670008   88.180586    0.096280    0.201443
   84.671037   88.167995    0.118748    0.248453
   84.672065   88.155389    0.172412    0.668731
   84.673094   88.142774    0.230350    1.213638
   84.674122   88.130154    0.135353    0.319835
   84.675147   88.117540    0.093192    0.194984
   84.677199   88.092319    0.213811    1.057506
   84.678226   88.079709    0.184409    0.780771
   84.679258   88.067107    0.140662    0.369091
   84.680292   88.054505    0.171580    0.659814
   84.681326   88.041902    0.074141    0.155123
   84.682359   88.029296    0.142341    0.384479
   84.683388   88.016677    0.129476    0.270900
   84.684414   88.004053    0.205596    0.979264
   84.686464   87.978797    0.259257    1.483791
   84.687489   87.966164    0.074276    0.155406
   84.688514   87.953533    0.160366    0.553217
   84.689538   87.940907    0.281019    1.688108
   84.691578   87.915695    0.182743    0.763318
   84.692595   87.903111    0.332373    2.170803
   84.693612   87.890530    0.257413    1.465494
   84.694628   87.877951    0.320064    2.054731
   84.695649   87.865379    0.328569    2.134603
   84.696671   87.852798    0.297565    1.842805
   84.697692   87.840197    0.261199    1.500561
   84.698713   87.827565    0.284225    1.717038
   84.699728   87.814853    0.292143    1.791386
   84.700743   87.802105    0.330905    2.155904
   84.701757   87.789337    0.287345    1.745981
   84.702771   87.776562    0.269168    1.574851
   84.703787   87.763815    0.303269    1.895515
   84.704803   87.751075    0.246417    1.360550
   84.705821   87.738334    0.219749    1.109542
   84.706840   87.725592    0.332846    2.173343
   84.707862   87.712843    0.311374    1.971208
   84.708885   87.700090    0.171639    0.656539
   84.709908   87.687332    0.441817    3.198055
   84.710931   87.674569    0.427659    3.064728
   84.711952   87.661797    0.339695    2.237090
   84.713992   87.636238    0.353981    2.371206
   84.715011   87.623456    0.201369    0.935400
   84.716031   87.610673    0.238434    1.283946
   84.717049   87.597892    0.357593    2.404773
   84.719084   87.572331    0.378817    2.604162
   84.720098   87.559553    0.333269    2.175538
   84.721111   87.546777    0.334572    2.187659
   84.723136   87.521238    0.292211    1.788881
   84.724150   87.508482    0.338522    2.224406
   84.725163   87.495731    0.323769    2.085485
   84.726176   87.482980    0.349818    2.330404
   84.727188   87.470230    0.287505    1.744067
   84.728198   87.457476    0.300679    1.867858
   84.729208   87.444718    0.478479    3.540352
   84.730218   87.431954    0.409415    2.890508
   84.731227   87.419180    0.388481    2.693437
   84.732238   87.406394    0.360596    2.430971
   84.733249   87.393597    0.314165    1.994042
   84.734260   87.380786    0.309839    1.953218
   84.735272   87.367963    0.338300    2.220816
   84.736285   87.355123    0.266262    1.542993
   84.737298   87.342269    0.307109    1.927119
   84.739325   87.316523    0.343004    2.264520
   84.740338   87.303636    0.389331    2.700199
   84.741350   87.290736    0.084172    0.176110
   84.742362   87.277824    0.122186    0.255648
   84.744385   87.251944    0.244860    1.340559
   84.745396   87.238977    0.272147    1.597127
   84.746407   87.226004    0.374867    2.563306
   84.747418   87.213028    0.304516    1.901353
   84.748427   87.200066    0.231272    1.212189
   84.749436   87.187107    0.279249    1.663390
   84.750445   87.174150    0.239937    1.293424
   84.751454   87.161194    0.353635    2.362891
   84.752464   87.148243    0.340118    2.235590
   84.753474   87.135291    0.326634    2.108609
   84.754484   87.122334    0.308279    1.935798
   84.755493   87.109371    0.266724    1.544733
   84.756500   87.096378    0.349980    2.327813
   84.757505   87.083379    0.265861    1.536343
   84.758510   87.070381    0.393376    2.735781
   84.759515   87.057391    0.345587    2.286079
   84.760518   87.044436    0.293302    1.794080
   84.761521   87.031496    0.317211    2.018868
   84.762523   87.018565    0.292878    1.789819
   84.763524   87.005640    0.288904    1.752298
   84.764527   86.992722    0.534350    4.061157
   84.765528   86.979803    0.424237    3.025148
   84.766530   86.966878    0.381482    2.622804
   84.767531   86.953943    0.420554    2.990227
   84.768531   86.940977    0.167736    0.611745
   84.769531   86.927994    0.277066    1.640110
   84.770531   86.914999    0.296362    1.821502
   84.772531   86.888987    0.374201    2.553482
   84.773531   86.875970    0.278710    1.655035
   84.774533   86.862941    0.147596    0.421460
   84.775535   86.849898    0.478106    3.530549
   84.776539   86.836831    0.393941    2.738644
   84.777544   86.823748    0.305867    1.909961
   84.778549   86.810650    0.435615    3.130401
   84.779554   86.797537    0.252550    1.408111
   84.780556   86.784408    0.220397    1.105503
   84.782557   86.758119    0.453121    3.294539
   84.783558   86.744966    0.332978    2.164175
   84.785561   86.718659    0.253998    1.420916
   84.786562   86.705508    0.435063    3.124111
   84.787563   86.692361    0.551645    4.220706
   84.788563   86.679227    0.270576    1.576458
   84.789562   86.666098    0.276766    1.634551
   84.790560   86.652975    0.295220    1.808015
   84.791556   86.639855    0.271178    1.581709
   84.792551   86.626736    0.325846    2.095852
   84.793545   86.613619    0.293219    1.788781
   84.794538   86.600505    0.366090    2.474162
   84.795530   86.587396    0.296460    1.818997
   84.796522   86.574297    0.358749    2.404835
   84.797512   86.561201    0.261076    1.485849
   84.798503   86.548104    0.320607    2.045742
   84.799494   86.535004    0.412790    2.912803
   84.800489   86.521899    0.260450    1.479545
   84.801484   86.508785    0.287610    1.734914
   84.802479   86.495661    0.233761    1.228199
   84.803473   86.482521    0.247323    1.355639
   84.804465   86.469351    0.254296    1.421106
   84.805455   86.456165    0.243353    1.318018
   84.806446   86.442964    0.216351    1.063864
   84.808430   86.416545    0.368626    2.496093
   84.809425   86.403328    0.290403    1.760079
   84.810420   86.390100    0.294637    1.799770
   84.811415   86.376858    0.301594    1.865081
   84.812411   86.363587    0.321218    2.049557
   84.813406   86.350301    0.345536    2.278181
   84.814401   86.337006    0.427812    3.052044
   84.815396   86.323707    0.375938    2.563909
   84.816389   86.310421    0.272262    1.588454
   84.817382   86.297134    0.295476    1.806695
   84.818374   86.283842    0.313306    1.974288
   84.820356   86.257214    0.077482    0.162113
   84.821345   86.243877    0.435082    3.119467
   84.822334   86.230537    0.142817    0.369885
   84.823322   86.217199    0.090796    0.189971
   84.824309   86.203871    0.152919    0.464642
   84.825295   86.190552    0.167375    0.600497
   84.826280   86.177242    0.158375    0.515698
   84.827265   86.163944    0.272177    1.586131
   84.828250   86.150672    0.447531    3.235613
   84.829234   86.137410    0.268765    1.553763
   84.830218   86.124156    0.285033    1.706658
   84.831200   86.110903    0.263938    1.508072
   84.832179   86.097645    0.263953    1.508079
   84.834136   86.071114    0.224814    1.139614
   84.835115   86.057838    0.241721    1.298527
   84.836094   86.044546    0.181570    0.732522
   84.837074   86.031244    0.222908    1.121267
   84.838056   86.017930    0.145204    0.390141
   84.839038   86.004605    0.169376    0.617402
   84.840024   85.991275    0.305426    1.897124
   84.841012   85.977931    0.245750    1.335600
   84.842000   85.964572    0.132493    0.277212
   84.842988   85.951195    0.186498    0.777918
   84.843975   85.937794    0.344952    2.268410
   84.844962   85.924372    0.248102    1.357166
   84.845949   85.910929    0.403821    2.821931
   84.846935   85.897463    0.007276    0.015224
   84.848905   85.870424    0.327107    2.099837
   84.849889   85.856891    0.265115    1.516523
   84.850873   85.843362    0.251468    1.388004
   84.851856   85.829870    0.248236    1.357455
   84.852840   85.816395    0.236359    1.245589
   84.854804   85.789484    0.308796    1.926753
   84.856764   85.762637    0.215150    1.045514
   84.857742   85.749217    0.082596    0.172814
   84.858719   85.735790    0.164777    0.571362
   84.859695   85.722327    0.268012    1.542388
   84.860670   85.708851    0.177785    0.693458
   84.861643   85.695373    0.191774    0.824918
   84.862616   85.681898    0.049378    0.103313
   84.863589   85.668451    0.228974    1.174594
   84.864560   85.655013    0.215648    1.049095
   84.865532   85.641575    0.300948    1.851401
   84.866504   85.628134    0.173123    0.648776
   84.867479   85.614670    0.134574    0.285993
   84.868454   85.601196    0.216772    1.059122
   84.869429   85.587717    0.282659    1.678801
   84.870404   85.574232    0.215349    1.045453
   84.871378   85.560754    0.428986    3.055070
   84.872351   85.547270    0.208986    0.985315
   84.873325   85.533775    0.130163    0.272336
   84.874299   85.520268    0.208656    0.981940
   84.875274   85.506735    0.240352    1.279972
   84.876249   85.493184    0.258987    1.455140
   84.877225   85.479614    0.259446    1.459320
   84.879178   85.452410    0.266189    1.522481
   84.880155   85.438777    0.284490    1.694506
   84.881131   85.425135    0.264955    1.510587
   84.882107   85.411488    0.128256    0.268346
   84.883082   85.397857    0.039025    0.081650
   84.884056   85.384225    0.109282    0.228648
   84.885029   85.370588    0.274160    1.596628
   84.886002   85.356943    0.184967    0.757420
   84.886976   85.343272    0.096262    0.201406
   84.887949   85.329591    0.238961    1.265086
   84.888921   85.315906    0.153964    0.465353
   84.889892   85.302221    0.290542    1.750045
   84.890861   85.288549    0.174788    0.660971
   84.891829   85.274883    0.190965    0.813014
   84.892796   85.261222    0.180661    0.715949
   84.893763   85.247569    0.170320    0.618526
   84.895694   85.220300    0.277918    1.630462
   84.896659   85.206671    0.245422    1.324621
   84.897623   85.193041    0.277889    1.629912
   84.898588   85.179401    0.264845    1.507070
   84.899553   85.165756    0.259624    1.457817
   84.900517   85.152111    0.244653    1.316838
   84.902444   85.124833    0.000000    0.000000
   84.903406   85.111200    0.079440    0.166211
   84.904368   85.097562    0.216066    1.047360
   84.905331   85.083919    0.208913    0.979931
   84.907261   85.056594    0.189825    0.800085
   84.908226   85.042912    0.239547    1.267694
   84.909192   85.029214    0.256180    1.424035
   84.910158   85.015488    0.232081    1.197181
   84.911125   85.001745    0.255583    1.418142
   84.912091   84.987987    0.233464    1.209921
   84.913056   84.974216    0.311985    1.948457
   84.914021   84.960438    0.290038    1.741850
   84.914985   84.946651    0.349387    2.300027
   84.915949   84.932853    0.219758    1.080431
   84.917879   84.905213    0.302662    1.860054
   84.918845   84.891374    0.329011    2.107793
   84.919811   84.877528    0.173499    0.644694
   84.920775   84.863677    0.309480    1.923782
   84.921738   84.849822    0.283123    1.675693
   84.922699   84.835968    0.394387    2.722249
   84.923658   84.822120    0.101886    0.213174
   84.924616   84.808281    0.392741    2.706487
   84.925572   84.794475    0.046855    0.098034
   84.926527   84.780679    0.113045    0.236520
   84.927481   84.766887    0.210139    0.988278
   84.928434   84.753090    0.285621    1.698224
   84.929388   84.739266    0.243057    1.297675
   84.930342   84.725432    0.352270    2.324934
   84.931296   84.711592    0.282105    1.664731
   84.934158   84.670085    0.337722    2.187527
   84.935112   84.656247    0.268260    1.533932
   84.936066   84.642401    0.405762    2.827327
   84.937019   84.628533    0.114288    0.239123
   84.937972   84.614654    0.212917    1.012888
   84.938926   84.600767    0.234458    1.215394
   84.939881   84.586872    0.290188    1.739522
   84.941796   84.559074    0.283607    1.677337
   84.942755   84.545164    0.407176    2.839655
   84.943713   84.531247    0.221978    1.097288
   84.944671   84.517322    0.273400    1.580893
   84.946585   84.489438    0.238749    1.254639
   84.947542   84.475477    0.289147    1.728616
   84.948499   84.461491    0.315646    1.977752
   84.949455   84.447491    0.233929    1.208875
   84.950411   84.433480    0.675254    5.360425
   84.951367   84.419462    0.144601    0.368256
   84.952321   84.405441    0.063893    0.133681
   84.953274   84.391417    0.101072    0.211470
   84.954226   84.377391    0.458328    3.319173
   84.955177   84.363365    0.370100    2.489039
   84.956124   84.349343    0.264574    1.496189
   84.957070   84.335324    0.280067    1.641794
   84.958015   84.321311    0.320587    2.022843
   84.958960   84.307304    0.088127    0.184386
   84.959906   84.293313    0.162954    0.539654
   84.961799   84.265350    0.277033    1.612556
   84.962744   84.251371    0.247542    1.334987
   84.963688   84.237387    0.377134    2.553959
   84.964630   84.223398    0.394793    2.719944
   84.965572   84.209403    0.374195    2.526037
   84.966513   84.195398    0.258316    1.435784
   84.967454   84.181374    0.371894    2.504109
   84.968395   84.167340    0.285256    1.688941
   84.969337   84.153297    0.297382    1.802877
   84.970280   84.139249    0.260747    1.458091
   84.971226   84.125208    0.289149    1.725145
   84.972173   84.111163    0.297500    1.803562
   84.973121   84.097108    0.273309    1.575847
   84.974070   84.083039    0.298853    1.816010
   84.975018   84.068949    0.256659    1.418942
   84.975965   84.054840    0.310535    1.925630
   84.976912   84.040717    0.312310    1.942182
   84.977859   84.026577    0.244075    1.300138
   84.978807   84.012411    0.352685    2.321729
   84.979754   83.998232    0.289228    1.724627
   84.980701   83.984045    0.375838    2.539249
   84.981647   83.969854    0.259179    1.441661
   84.982592   83.955672    0.295695    1.785037
   84.983536   83.941492    0.138856    0.309465
   84.984480   83.927318    0.252114    1.374776
   84.986363   83.898995    0.121526    0.254265
   84.987303   83.884849    0.270572    1.548000
   84.988241   83.870703    0.291858    1.748101
   84.989178   83.856557    0.297857    1.804403
   84.990112   83.842403    0.207424    0.953532
   84.991045   83.828243    0.577696    4.436664
   84.991978   83.814078    0.397146    2.738028
   84.992910   83.799904    0.395657    2.723882
   84.993843   83.785714    0.373530    2.515584
   84.994777   83.771516    0.284068    1.673849
   84.995711   83.757317    0.525542    3.945336
   84.996645   83.743120    0.337974    2.180686
   84.997579   83.728947    0.325330    2.061600
   84.999447   83.700607    0.494362    3.651459
   85.000382   83.686428    0.312692    1.942287
   85.002254   83.658001    0.614484    4.781065
   85.003190   83.643770    0.456442    3.294177
   85.004126   83.629528    0.304892    1.868348
   85.005059   83.615279    0.230901    1.172152
   85.005992   83.601023    0.245125    1.305824
   85.006925   83.586761    0.142481    0.340077
   85.007858   83.572494    0.235698    1.216860
   85.008796   83.558229    0.181821    0.709883
   85.009734   83.543960    0.250364    1.354547
   85.010673   83.529683    0.287253    1.701439
   85.011612   83.515395    0.237937    1.237361
   85.012547   83.501090    0.181032    0.701894
   85.013482   83.486772    0.186451    0.752733
   85.014416   83.472442    0.201516    0.894319
   85.017210   83.429371    0.241307    1.268227
   85.018139   83.414994    0.193320    0.816658
   85.019068   83.400613    0.300518    1.824962
   85.020928   83.371856    0.319091    1.999404
   85.021856   83.357478    0.207659    0.950989
   85.022785   83.343101    0.220374    1.070464
   85.023712   83.328738    0.232184    1.181426
   85.024638   83.314376    0.245889    1.310211
   85.025563   83.300008    0.339847    2.193972
   85.026488   83.285631    0.196315    0.843570
   85.027412   83.271219    0.050146    0.104919
   85.028336   83.256797    0.265864    1.497570
   85.029259   83.242374    0.168083    0.577566
   85.030182   83.227954    0.257799    1.421415
   85.031105   83.213570    0.275296    1.585875
   85.032027   83.199195    0.158316    0.485268
   85.032950   83.184825    0.217091    1.038045
   85.033873   83.170454    0.270209    1.537608
   85.034797   83.156073    0.240411    1.257148
   85.035722   83.141685    0.252547    1.371169
   85.036647   83.127285    0.295612    1.776160
   85.037572   83.112873    0.295189    1.772043
   85.038499   83.098435    0.077861    0.162907
   85.039425   83.083981    0.288342    1.707352
   85.040352   83.069514    0.196927    0.847239
   85.041279   83.055033    0.203426    0.908231
   85.042205   83.040538    0.246006    1.308661
   85.044058   83.011522    0.217238    1.037746
   85.044983   82.997008    0.248272    1.329558
