Converting ICESat/GLAS binary freeboard vector data to ASCII
Wed Feb 12 09:56:43 2014

write_fb:
  file_in:       laser3k0029002.dat
  laser_period:  3k
  track:         0029
  cycle:         002
  file_out:      laser3k0029002.txt
  non_zero_only:        0
  nan_replace:       -999

read_fb:
  Year:                  2008
  Month:                   10
  Day:                     11
  Hour:                     7
  Minute:                   8
  Doy:                    285
  record_count:          1702
  non_zero_count:        1695
  nan_count:                0

    Latitude   Longitude   Freeboard   Thickness
   84.933548  344.990038    0.397061    1.827953
   84.934505  344.976180    0.392728    1.787124
   84.935462  344.962338    0.338095    1.273113
   84.936418  344.948509    0.344932    1.337358
   84.937374  344.934677    0.140564    0.295416
   84.938330  344.920834    0.335412    1.247665
   84.939285  344.906962    0.317783    1.081763
   84.940240  344.893056    0.277112    0.699088
   84.941194  344.879137    0.115049    0.241792
   84.942148  344.865210    0.314163    1.047500
   84.943101  344.851284    0.370534    1.577737
   84.944054  344.837362    0.342322    1.312274
   84.945006  344.823440    0.308966    0.998407
   84.945958  344.809518    0.348455    1.369833
   84.946909  344.795607    0.413110    1.977996
   84.947859  344.781703    0.256497    0.539065
   84.948809  344.767795    0.255343    0.536640
   84.949760  344.753880    0.364314    1.518752
   84.950711  344.739943    0.262525    0.561120
   84.951662  344.725985    0.340265    1.292378
   84.952614  344.712013    0.276479    0.692263
   84.953565  344.698029    0.299795    0.911529
   84.954516  344.684034    0.366037    1.534622
   84.955466  344.670029    0.267691    0.609387
   84.956416  344.656019    0.302876    0.940318
   84.957366  344.642004    0.306796    0.977127
   84.958316  344.627994    0.269384    0.625113
   84.959265  344.613989    0.261443    0.550340
   84.960215  344.599981    0.342510    1.312892
   84.961165  344.585968    0.313436    1.039321
   84.962115  344.571942    0.304581    0.955948
   84.963066  344.557903    0.311681    1.022678
   84.964017  344.543859    0.379004    1.655939
   84.965915  344.515760    0.170288    0.357885
   84.966862  344.501711    0.312405    1.029216
   84.967808  344.487663    0.248029    0.521269
   84.968754  344.473618    0.340926    1.297383
   84.970642  344.445557    0.182980    0.384558
   84.971586  344.431531    0.124865    0.262421
   84.972529  344.417499    0.000000    0.000000
   84.973471  344.403452    0.270168    0.631410
   84.974414  344.389386    0.363461    1.508976
   84.975356  344.375311    0.157164    0.330302
   84.976297  344.361229    0.277103    0.696445
   84.977239  344.347144    0.250751    0.526989
   84.978180  344.333056    0.352887    1.409239
   84.980061  344.304858    0.255151    0.536236
   84.981003  344.290746    0.426290    2.099559
   84.981945  344.276623    0.320545    1.104713
   84.982887  344.262490    0.264841    0.580625
   84.983830  344.248345    0.298586    0.898005
   84.984772  344.234186    0.193259    0.406162
   84.985714  344.220012    0.204060    0.428862
   84.986656  344.205829    0.250260    0.525958
   84.987597  344.191639    0.222192    0.466969
   84.988538  344.177446    0.339274    1.280428
   84.989478  344.163251    0.233012    0.489707
   84.990418  344.149054    0.198047    0.416224
   84.991357  344.134853    0.252848    0.531397
   84.993234  344.106445    0.220223    0.462829
   84.994172  344.092239    0.246090    0.517194
   84.995109  344.078031    0.177189    0.372389
   84.996046  344.063821    0.200020    0.420370
   84.996982  344.049610    0.224950    0.472765
   84.997918  344.035399    0.122263    0.256954
   84.998854  344.021190    0.270418    0.631936
   84.999790  344.006991    0.302394    0.932679
   85.000726  343.992801    0.227728    0.478603
   85.001663  343.978609    0.230642    0.484728
   85.002598  343.964408    0.219739    0.461814
   85.003533  343.950187    0.239985    0.504363
   85.004466  343.935943    0.264581    0.576622
   85.005399  343.921689    0.275044    0.674985
   85.006332  343.907427    0.196390    0.412742
   85.007264  343.893160    0.254359    0.534571
   85.008197  343.878893    0.233376    0.490472
   85.009131  343.864622    0.210532    0.442464
   85.010065  343.850350    0.225851    0.474659
   85.010999  343.836079    0.212053    0.445661
   85.011935  343.821808    0.282030    0.740233
   85.012870  343.807535    0.294872    0.860978
   85.013804  343.793257    0.232417    0.488459
   85.014738  343.778972    0.308038    0.984692
   85.015670  343.764680    0.285320    0.770915
   85.016601  343.750377    0.257182    0.540505
   85.017530  343.736063    0.234309    0.492433
   85.018459  343.721731    0.225214    0.473319
   85.019385  343.707381    0.258511    0.543299
   85.020312  343.693020    0.280130    0.721751
   85.021238  343.678650    0.277576    0.697661
   85.022166  343.664272    0.301203    0.919858
   85.023095  343.649889    0.299509    0.903854
   85.024024  343.635503    0.314158    1.041593
   85.024954  343.621118    0.158760    0.333656
   85.025884  343.606742    0.227418    0.477952
   85.026813  343.592375    0.276402    0.686205
   85.027743  343.578006    0.375617    1.619485
   85.028671  343.563630    0.258413    0.543092
   85.029599  343.549235    0.295218    0.863013
   85.030526  343.534816    0.250700    0.526881
   85.031451  343.520390    0.295120    0.861956
   85.032377  343.505957    0.076107    0.159951
   85.033302  343.491526    0.069871    0.146843
   85.034226  343.477097    0.000000    0.000000
   85.035150  343.462666    0.331279    1.201849
   85.036074  343.448233    0.264690    0.575354
   85.036999  343.433799    0.293971    0.850743
   85.037923  343.419363    0.282013    0.738185
   85.038847  343.404922    0.295748    0.867321
   85.039771  343.390474    0.263301    0.562015
   85.040694  343.376015    0.314264    1.041376
   85.041618  343.361545    0.246983    0.519070
   85.042541  343.347068    0.375258    1.615032
   85.043463  343.332585    0.368520    1.551577
   85.045304  343.303599    0.203707    0.428120
   85.046223  343.289100    0.262065    0.550767
   85.047142  343.274600    0.246266    0.517563
   85.048061  343.260101    0.273770    0.659889
   85.048980  343.245605    0.320892    1.103122
   85.049899  343.231107    0.355515    1.428762
   85.050817  343.216603    0.480113    2.600832
   85.051735  343.202090    0.338271    1.266404
   85.052652  343.187566    0.287935    0.792812
   85.053570  343.173037    0.351687    1.392476
   85.054486  343.158503    0.372526    1.588447
   85.055402  343.143968    0.273481    0.656636
   85.056318  343.129434    0.240919    0.506325
   85.057233  343.114896    0.342833    1.308919
   85.058149  343.100351    0.327998    1.169292
   85.059065  343.085797    0.336207    1.246452
   85.059982  343.071233    0.358013    1.451518
   85.060900  343.056662    0.314726    1.044237
   85.061817  343.042082    0.357411    1.445719
   85.062734  343.027494    0.386196    1.716440
   85.064568  342.998294    0.283922    0.754179
   85.065484  342.983681    0.291916    0.829318
   85.066400  342.969058    0.278676    0.704697
   85.068229  342.939784    0.216138    0.454245
   85.069143  342.925135    0.242416    0.509471
   85.070056  342.910475    0.107568    0.226070
   85.071880  342.881135    0.537467    3.138827
   85.072792  342.866466    0.269142    0.614538
   85.073704  342.851810    0.304808    0.950002
   85.074616  342.837170    0.630161    4.010644
   85.075527  342.822534    0.346537    1.342432
   85.077346  342.793261    0.304651    0.948266
   85.078253  342.778618    0.443265    2.252196
   85.079160  342.763969    0.281116    0.726740
   85.080066  342.749312    0.333460    1.219092
   85.080971  342.734637    0.231622    0.486787
   85.081877  342.719944    0.203217    0.427090
   85.082783  342.705243    0.342762    1.306406
   85.084595  342.675833    0.306796    0.967939
   85.085503  342.661134    0.339687    1.277295
   85.086411  342.646429    0.133746    0.281087
   85.087319  342.631715    0.376960    1.627807
   85.088227  342.616985    0.293463    0.842254
   85.089135  342.602238    0.274866    0.667247
   85.090042  342.587478    0.371112    1.572597
   85.090950  342.572708    0.333200    1.215883
   85.091858  342.557922    0.252171    0.529973
   85.092766  342.543124    0.047652    0.100148
   85.093673  342.528322    0.259013    0.544352
   85.094580  342.513517    0.381702    1.671909
   85.095485  342.498721    0.482161    2.616897
   85.096389  342.483934    0.345721    1.333295
   85.097293  342.469150    0.425088    2.079864
   85.098196  342.454365    0.287154    0.782208
   85.100003  342.424790    0.304545    0.945684
   85.100906  342.409997    0.248754    0.522793
   85.101809  342.395200    0.306214    0.961256
   85.103610  342.365592    0.316707    1.059838
   85.104510  342.350774    0.323069    1.119633
   85.105409  342.335938    0.334762    1.229565
   85.106309  342.321067    0.245134    0.515185
   85.107209  342.306162    0.401224    1.854666
   85.108110  342.291246    0.521177    2.983038
   85.109010  342.276327    0.464892    2.453490
   85.109911  342.261428    0.232228    0.488059
   85.110810  342.246554    0.241588    0.507732
   85.111710  342.231684    0.120291    0.252809
   85.112609  342.216816    0.170944    0.359264
   85.113507  342.201944    0.305362    0.952420
   85.115302  342.172182    0.339629    1.274647
   85.116198  342.157293    0.249460    0.524277
   85.117093  342.142395    0.364852    1.511802
   85.117988  342.127487    0.382546    1.678193
   85.118882  342.112572    0.282544    0.737379
   85.121565  342.067801    0.437065    2.190820
   85.122459  342.052871    0.271141    0.629856
   85.123353  342.037936    0.253061    0.531843
   85.124247  342.023004    0.180340    0.379010
   85.125140  342.008072    0.269976    0.618703
   85.126033  341.993132    0.407389    1.911326
   85.127819  341.963208    0.222255    0.467101
   85.128711  341.948211    0.283517    0.745831
   85.129603  341.933204    0.316158    1.052835
   85.130495  341.918189    0.338050    1.258721
   85.131387  341.903176    0.306756    0.964261
   85.132279  341.888167    0.355197    1.419901
   85.133171  341.873156    0.574900    3.486657
   85.134062  341.858142    0.336907    1.247707
   85.134953  341.843122    0.491520    2.702140
   85.135842  341.828096    0.311890    1.012239
   85.136731  341.813068    0.133828    0.281260
   85.137620  341.798041    0.297790    0.879467
   85.138508  341.783020    0.408271    1.918741
   85.139396  341.768005    0.377962    1.633551
   85.140283  341.752990    0.355534    1.422501
   85.141169  341.737972    0.284657    0.755665
   85.142054  341.722948    0.328929    1.172085
   85.142938  341.707915    0.312693    1.019285
   85.144704  341.677829    0.275716    0.671305
   85.145588  341.662776    0.255344    0.536642
   85.146474  341.647717    0.473833    2.534934
   85.148246  341.617568    0.341860    1.293292
   85.149132  341.602474    0.389391    1.740363
   85.150018  341.587366    0.477248    2.566804
   85.150903  341.572246    0.473634    2.532738
   85.151787  341.557114    0.322836    1.114066
   85.152671  341.541970    0.420309    2.030965
   85.153554  341.526814    0.331840    1.198642
   85.154436  341.511648    0.152643    0.320801
   85.155318  341.496476    0.314404    1.034496
   85.156200  341.481294    0.245523    0.516002
   85.157082  341.466102    0.300498    0.903543
   85.157964  341.450912    0.266471    0.583375
   85.158845  341.435725    0.105418    0.221551
   85.159727  341.420558    0.274002    0.654098
   85.160608  341.405412    0.299002    0.889214
   85.161489  341.390269    0.295132    0.852744
   85.162368  341.375126    0.222494    0.467604
   85.163247  341.359973    0.260266    0.546987
   85.164125  341.344807    0.265559    0.574351
   85.165001  341.329632    0.274188    0.655465
   85.165877  341.314447    0.370186    1.558487
   85.166753  341.299248    0.397051    1.811151
   85.168503  341.268811    0.063600    0.133663
   85.169377  341.253581    0.191338    0.402123
   85.170252  341.238346    0.259694    0.545785
   85.171126  341.223110    0.456300    2.368208
   85.172001  341.207867    0.252186    0.530006
   85.172876  341.192621    0.307698    0.970133
   85.173751  341.177370    0.270859    0.623514
   85.174628  341.162116    0.360242    1.464306
   85.175504  341.146855    0.258484    0.543241
   85.176379  341.131587    0.341958    1.292170
   85.178997  341.085727    0.340601    1.279215
   85.179869  341.070420    0.288228    0.786463
   85.180742  341.055100    0.216349    0.454688
   85.181616  341.039766    0.277836    0.688578
   85.182491  341.024425    0.423287    2.056816
   85.184238  340.993737    0.232591    0.488824
   85.186854  340.947716    0.318320    1.069034
   85.189464  340.901702    0.037230    0.078243
   85.190332  340.886362    0.195534    0.410942
   85.191199  340.871014    0.172528    0.362593
   85.192065  340.855660    0.344928    1.318966
   85.192931  340.840302    0.296573    0.864008
   85.193796  340.824942    0.229531    0.482392
   85.194659  340.809583    0.265696    0.573416
   85.195522  340.794227    0.288873    0.791380
   85.196384  340.778867    0.339898    1.271334
   85.197246  340.763504    0.329584    1.174241
   85.198108  340.748134    0.299637    0.892455
   85.198971  340.732756    0.342973    1.300068
   85.199835  340.717372    0.415244    1.979879
   85.201562  340.686573    0.294072    0.839845
   85.202425  340.671156    0.262684    0.552069
   85.203289  340.655729    0.348982    1.356277
   85.204153  340.640287    0.210286    0.441946
   85.205876  340.609348    0.343067    1.300450
   85.206738  340.593857    0.303541    0.928560
   85.209328  340.547350    0.318514    1.069234
   85.210193  340.531837    0.358962    1.449680
   85.211058  340.516317    0.269855    0.611360
   85.211922  340.500784    0.140618    0.295530
   85.212786  340.485238    0.275761    0.666805
   85.213649  340.469687    0.408856    1.918812
   85.214511  340.454133    0.409517    1.924973
   85.215371  340.438584    0.364550    1.501890
   85.216228  340.423037    0.279598    0.702659
   85.217084  340.407493    0.296632    0.862850
   85.219649  340.360884    0.329347    1.170430
   85.220504  340.345355    0.373911    1.589593
   85.221358  340.329828    0.408606    1.915921
   85.222213  340.314304    0.302768    0.920214
   85.223919  340.283256    0.429982    2.116839
   85.224772  340.267723    0.243336    0.511405
   85.225625  340.252176    0.302582    0.918219
   85.226477  340.236612    0.284275    0.745943
   85.227329  340.221038    0.260752    0.548008
   85.228181  340.205455    0.273202    0.641656
   85.229033  340.189861    0.342121    1.289939
   85.230735  340.158647    0.087376    0.183633
   85.232437  340.127409    0.365331    1.508045
   85.233289  340.111784    0.323442    1.113926
   85.234993  340.080504    0.303034    0.921817
   85.235846  340.064836    0.385175    1.694492
   85.236699  340.049146    0.166659    0.350258
   85.237551  340.033447    0.404862    1.879573
   85.238403  340.017742    0.430011    2.116100
   85.239255  340.002042    0.309691    0.984148
   85.240105  339.986351    0.353363    1.394922
   85.240954  339.970657    0.335030    1.222395
   85.241803  339.954958    0.282789    0.730894
   85.242651  339.939248    0.268945    0.600597
   85.243500  339.923524    0.376479    1.612147
   85.244348  339.907796    0.278168    0.687241
   85.245196  339.892063    0.270858    0.618411
   85.246044  339.876329    0.439520    2.205014
   85.246893  339.860597    0.318364    1.065195
   85.247740  339.844862    0.315346    1.036747
   85.248587  339.829126    0.210501    0.442397
   85.249431  339.813387    0.079184    0.166417
   85.250273  339.797646    0.389725    1.736277
   85.251114  339.781904    0.251639    0.528856
   85.251955  339.766159    0.300340    0.895279
   85.252795  339.750411    0.335595    1.226883
   85.253636  339.734661    0.361692    1.472324
   85.255318  339.703157    0.356427    1.422669
   85.256158  339.687406    0.295857    0.852815
   85.256999  339.671657    0.346615    1.330245
   85.257840  339.655905    0.375916    1.605835
   85.258680  339.640148    0.322081    1.099329
   85.259519  339.624385    0.281421    0.716773
   85.261194  339.592830    0.251601    0.528775
   85.262031  339.577033    0.352840    1.388453
   85.262868  339.561213    0.213027    0.447708
   85.263706  339.545369    0.157076    0.330118
   85.265381  339.513641    0.248038    0.521288
   85.266220  339.497766    0.251031    0.527578
   85.267061  339.481885    0.271305    0.621071
   85.267902  339.465996    0.323218    1.109373
   85.268743  339.450098    0.285748    0.756820
   85.270423  339.418273    0.401479    1.845423
   85.271262  339.402347    0.374432    1.590923
   85.272101  339.386412    0.258427    0.543122
   85.272938  339.370460    0.216071    0.454105
   85.273773  339.354497    0.327690    1.151020
   85.274608  339.338530    0.250188    0.525807
   85.275442  339.322568    0.271598    0.623220
   85.276274  339.306622    0.355977    1.416946
   85.277106  339.290696    0.464582    2.438566
   85.277937  339.274778    0.339220    1.259189
   85.278767  339.258866    0.264142    0.555132
   85.280428  339.227058    0.286659    0.764547
   85.281257  339.211154    0.431639    2.128363
   85.282086  339.195246    0.392990    1.764725
   85.282912  339.179323    0.311933    1.002132
   85.283737  339.163383    0.314233    1.023707
   85.284561  339.147437    0.253093    0.531912
   85.286212  339.115534    0.302524    0.913379
   85.287039  339.099587    0.330204    1.173717
   85.287867  339.083630    0.462616    2.419302
   85.288696  339.067659    0.285195    0.750179
   85.289524  339.051655    0.344677    1.309684
   85.290352  339.035619    0.346657    1.328251
   85.291180  339.019569    0.547078    3.213619
   85.292008  339.003512    0.242634    0.509931
   85.292836  338.987464    0.291152    0.805918
   85.293663  338.971426    0.229666    0.482675
   85.294490  338.955386    0.219653    0.461632
   85.295316  338.939339    0.297687    0.867217
   85.296141  338.923280    0.317465    1.053214
   85.297787  338.891124    0.248392    0.522032
   85.298610  338.875034    0.255515    0.537002
   85.299435  338.858937    0.376517    1.608497
   85.300260  338.842833    0.238990    0.502272
   85.301085  338.826725    0.314254    1.022651
   85.301911  338.810614    0.267421    0.582013
   85.302735  338.794507    0.268041    0.587790
   85.303559  338.778403    0.251545    0.528657
   85.304382  338.762294    0.244036    0.512877
   85.305204  338.746177    0.580403    3.526105
   85.307662  338.697719    0.320830    1.084038
   85.308480  338.681554    0.279216    0.692493
   85.309297  338.665398    0.270892    0.614132
   85.310113  338.649252    0.300849    0.895884
   85.310928  338.633110    0.221936    0.466430
   85.311744  338.616969    0.287976    0.774667
   85.313375  338.584694    0.225437    0.473789
   85.314191  338.568551    0.258506    0.543288
   85.315007  338.552399    0.199688    0.419674
   85.315822  338.536227    0.289573    0.789391
   85.316636  338.520034    0.203629    0.427956
   85.317450  338.503827    0.239584    0.503520
   85.318264  338.487609    0.297665    0.865330
   85.319077  338.471381    0.410563    1.927341
   85.319890  338.455144    0.326270    1.134309
   85.320703  338.438901    0.281721    0.715158
   85.321516  338.422653    0.233317    0.490349
   85.323146  338.390160    0.420344    2.019052
   85.323961  338.373910    0.235656    0.495265
   85.324777  338.357655    0.326205    1.133341
   85.325591  338.341386    0.345743    1.317082
   85.326404  338.325104    0.322725    1.100485
   85.327216  338.308818    0.287631    0.770283
   85.328027  338.292528    0.165569    0.347967
   85.328837  338.276241    0.271839    0.621601
   85.329645  338.259960    0.409965    1.920940
   85.330452  338.243677    0.337584    1.239973
   85.331258  338.227392    0.321794    1.091372
   85.332065  338.211102    0.284274    0.738352
   85.332871  338.194806    0.332324    1.190325
   85.333677  338.178506    0.282608    0.722572
   85.334483  338.162199    0.242653    0.509969
   85.335289  338.145886    0.149820    0.314869
   85.336096  338.129565    0.286487    0.758893
   85.336902  338.113238    0.193486    0.406639
   85.337708  338.096905    0.186656    0.392285
   85.338514  338.080568    0.247053    0.519216
   85.339319  338.064227    0.255606    0.537192
   85.340124  338.047876    0.381306    1.650606
   85.340928  338.031516    0.248903    0.523104
   85.341731  338.015138    0.420995    2.023870
   85.342533  337.998740    0.328076    1.149694
   85.343335  337.982336    0.200169    0.420684
   85.345745  337.933136    0.181242    0.380906
   85.347354  337.900342    0.229564    0.482462
   85.348157  337.883927    0.285521    0.748971
   85.348959  337.867494    0.223943    0.470648
   85.350561  337.834614    0.295673    0.844306
   85.351360  337.818176    0.198401    0.416968
   85.353752  337.768876    0.228577    0.480386
   85.354548  337.752446    0.253366    0.532484
   85.355344  337.736019    0.285820    0.751279
   85.356140  337.719584    0.243330    0.511393
   85.360121  337.637159    0.221104    0.464681
   85.361711  337.604105    0.224704    0.472247
   85.362506  337.587572    0.244802    0.514487
   85.363299  337.571037    0.617126    3.867429
   85.366466  337.504928    0.246761    0.518603
   85.367258  337.488383    0.205403    0.431684
   85.369634  337.438683    0.049876    0.104821
   85.370424  337.422118    0.170689    0.358727
   85.371212  337.405559    0.243000    0.510700
   85.372000  337.388994    0.370855    1.550062
   85.372788  337.372419    0.302567    0.907595
   85.373577  337.355822    0.220177    0.462733
   85.374366  337.339202    0.274221    0.640827
   85.375156  337.322570    0.016357    0.034376
   85.377525  337.272622    0.198557    0.417296
   85.378314  337.255962    0.245699    0.516372
   85.379891  337.222647    0.303759    0.918305
   85.380678  337.206000    0.260473    0.547422
   85.381465  337.189351    0.273035    0.629166
   85.382250  337.172696    0.310487    0.981428
   85.383035  337.156026    0.444995    2.246736
   85.383820  337.139340    0.537132    3.113445
   85.384603  337.122649    0.302492    0.906052
   85.385386  337.105956    0.306533    0.944011
   85.386168  337.089271    0.305759    0.936670
   85.386949  337.072596    0.263981    0.554793
   85.387730  337.055920    0.302882    0.909499
   85.391627  336.972444    0.209081    0.439414
   85.392404  336.955732    0.215891    0.453727
   85.393182  336.939017    0.239385    0.503102
   85.394735  336.905575    0.281320    0.706147
   85.395510  336.888855    0.295752    0.841865
   85.396285  336.872137    0.291729    0.803959
   85.397060  336.855411    0.264023    0.554882
   85.397835  336.838673    0.265539    0.558068
   85.398613  336.821915    0.309121    0.967406
   85.399391  336.805132    0.281159    0.704299
   85.400170  336.788336    0.211333    0.444146
   85.400949  336.771527    0.325948    1.125533
   85.401727  336.754702    0.284591    0.736424
   85.402504  336.737867    0.291426    0.800660
   85.403280  336.721025    0.300325    0.884322
   85.404055  336.704181    0.280930    0.701809
   85.406375  336.653688    0.296819    0.851120
   85.407920  336.620024    0.209340    0.439957
   85.408693  336.603183    0.280146    0.694103
   85.409467  336.586338    0.081485    0.171252
   85.410239  336.569492    0.204643    0.430087
   85.411011  336.552647    0.268226    0.581798
   85.411780  336.535805    0.275690    0.651963
   85.412549  336.518956    0.292325    0.808393
   85.414085  336.485220    0.285681    0.745775
   85.415620  336.451414    0.233309    0.490332
   85.416387  336.434501    0.284619    0.735620
   85.417154  336.417587    0.255979    0.537976
   85.417921  336.400677    0.280018    0.692221
   85.418688  336.383764    0.270108    0.598940
   85.419455  336.366849    0.440850    2.205118
   85.420222  336.349933    0.307784    0.953256
   85.420988  336.333015    0.300271    0.882531
   85.421754  336.316093    0.277699    0.670131
   85.422520  336.299166    0.208207    0.437576
   85.423284  336.282235    0.295555    0.837993
   85.424046  336.265297    0.259317    0.544991
   85.424808  336.248351    0.163430    0.343471
   85.425569  336.231396    0.292120    0.805510
   85.426329  336.214426    0.256171    0.538381
   85.427089  336.197443    0.182834    0.384253
   85.427849  336.180450    0.418726    1.996372
   85.428609  336.163449    0.251413    0.528381
   85.430132  336.129443    0.290328    0.788315
   85.431658  336.095412    0.241815    0.508209
   85.432421  336.078377    0.260729    0.547960
   85.433182  336.061329    0.167209    0.351415
   85.433944  336.044273    0.238090    0.500380
   85.434704  336.027212    0.224532    0.471887
   85.435462  336.010153    0.410222    1.915811
   85.436218  335.993094    0.000000    0.000000
   85.440754  335.890644    0.295754    0.838579
   85.441509  335.873554    0.337523    1.231458
   85.442264  335.856462    0.251267    0.528073
   85.443771  335.822268    0.261589    0.549766
   85.444524  335.805162    0.400723    1.825772
   85.445277  335.788049    0.394014    1.762608
   85.446029  335.770933    0.282341    0.712002
   85.446781  335.753815    0.332569    1.184465
   85.447532  335.736700    0.233352    0.490422
   85.448283  335.719589    0.357902    1.422671
   85.449033  335.702476    0.359095    1.433848
   85.449783  335.685361    0.428793    2.089468
   85.450533  335.668239    0.362308    1.463967
   85.451282  335.651111    0.423463    2.039220
   85.452031  335.633976    0.664517    4.306848
   85.452780  335.616832    0.586241    3.570431
   85.453527  335.599677    0.414660    1.956255
   85.454274  335.582512    0.243285    0.511298
   85.456512  335.530961    0.267313    0.569903
   85.457256  335.513763    0.246903    0.518901
   85.458001  335.496558    0.285007    0.736254
   85.460238  335.444926    0.212781    0.447189
   85.460984  335.427706    0.343992    1.290934
   85.461731  335.410473    0.266995    0.566550
   85.462477  335.393213    0.327896    1.139415
   85.463223  335.375928    0.287218    0.756694
   85.463969  335.358626    0.253462    0.532686
   85.464714  335.341313    0.273629    0.628748
   85.465456  335.323985    0.264592    0.556078
   85.466196  335.306647    0.297052    0.848989
   85.466935  335.289309    0.294949    0.829156
   85.467673  335.271974    0.311677    0.986466
   85.470638  335.202816    0.354898    1.392862
   85.472117  335.168190    0.271971    0.612631
   85.472854  335.150863    0.267405    0.569624
   85.473591  335.133534    0.292869    0.809119
   85.474325  335.116219    0.247904    0.521006
   85.475058  335.098918    0.331330    1.170831
   85.475790  335.081620    0.382334    1.650594
   85.476522  335.064321    0.312402    0.992667
   85.478722  335.012388    0.229998    0.483374
   85.479455  334.995060    0.268518    0.579628
   85.480189  334.977716    0.260055    0.546542
   85.480923  334.960356    0.298439    0.861000
   85.482390  334.925597    0.250109    0.525640
   85.483122  334.908202    0.263731    0.554269
   85.483854  334.890797    0.348432    1.331092
   85.484586  334.873375    0.196808    0.413620
   85.486776  334.820980    0.196698    0.413388
   85.490426  334.733589    0.275273    0.642395
   85.491156  334.716140    0.300620    0.880786
   85.491886  334.698686    0.207868    0.436864
   85.492615  334.681226    0.273424    0.624841
   85.494071  334.646286    0.289527    0.776226
   85.494796  334.628797    0.473152    2.503593
   85.495518  334.611292    0.305821    0.929404
   85.496239  334.593783    0.239469    0.503277
   85.496960  334.576271    0.305825    0.929342
   85.497681  334.558770    0.357549    1.415869
   85.499124  334.523785    0.199863    0.420041
   85.499846  334.506288    0.094546    0.198702
   85.500567  334.488774    0.163108    0.342795
   85.501289  334.471246    0.173899    0.365474
   85.504890  334.383561    0.328727    1.144217
   85.505607  334.366021    0.376208    1.590834
   85.506325  334.348474    0.328824    1.145018
   85.507042  334.330923    0.379616    1.622786
   85.507760  334.313364    0.324788    1.106947
   85.508478  334.295799    0.355422    1.395078
   85.509196  334.278225    0.303918    0.910517
   85.510633  334.243050    0.433914    2.133331
   85.511351  334.225449    0.435788    2.150902
   85.512068  334.207842    0.329376    1.149804
   85.512785  334.190227    0.404004    1.851796
   85.513500  334.172599    0.458062    2.360288
   85.514215  334.154955    0.345975    1.305795
   85.514930  334.137284    0.300668    0.879529
   85.515643  334.119589    0.289715    0.776430
   85.516356  334.101881    0.362486    1.460964
   85.517069  334.084164    0.313422    0.999353
   85.517782  334.066448    0.326395    1.121339
   85.518495  334.048735    0.398429    1.798932
   85.519208  334.031023    0.354716    1.387660
   85.519920  334.013315    0.396410    1.779835
   85.521341  333.977917    0.196693    0.413378
   85.523466  333.924835    0.444866    2.235421
   85.524172  333.907135    0.440800    2.197119
   85.524878  333.889434    0.466006    2.434183
   85.525583  333.871730    0.390198    1.720983
   85.526288  333.854028    0.452439    2.306448
   85.526994  333.836326    0.362473    1.460054
   85.527699  333.818621    0.328716    1.142443
   85.528403  333.800913    0.155718    0.327265
   85.529108  333.783201    0.155965    0.327782
   85.529812  333.765486    0.357194    1.410188
   85.530516  333.747760    0.407160    1.880181
   85.531220  333.730018    0.353385    1.374254
   85.531924  333.712249    0.324784    1.105143
   85.532628  333.694452    0.302373    0.894263
   85.533331  333.676640    0.318736    1.048144
   85.534035  333.658818    0.279876    0.682521
   85.535441  333.623174    0.356643    1.404590
   85.536144  333.605347    0.268575    0.576051
   85.536846  333.587513    0.168164    0.353421
   85.537549  333.569669    0.305723    0.925413
   85.538251  333.551813    0.344203    1.287354
   85.538952  333.533953    0.243588    0.511936
   85.539653  333.516087    0.292517    0.801024
   85.540354  333.498224    0.337746    1.226454
   85.541053  333.480363    0.328302    1.137558
   85.541752  333.462497    0.480439    2.568706
   85.542450  333.444628    0.403429    1.844194
   85.543146  333.426750    0.250802    0.527097
   85.543841  333.408865    0.358522    1.421634
   85.544535  333.390973    0.288125    0.759340
   85.545228  333.373075    0.276371    0.648708
   85.546613  333.337256    0.352233    1.362269
   85.547306  333.319343    0.302376    0.893187
   85.547998  333.301433    0.371510    1.543508
   85.548692  333.283537    0.392672    1.742535
   85.549385  333.265658    0.125825    0.264440
   85.550078  333.247780    0.276023    0.645069
   85.550771  333.229902    0.329513    1.148222
   85.551463  333.212015    0.385735    1.677061
   85.552153  333.194116    0.492646    2.682765
   85.552843  333.176209    0.308755    0.952782
   85.553533  333.158291    0.469337    2.463386
   85.554224  333.140361    0.335741    1.206550
   85.554916  333.122417    0.362438    1.457645
   85.556299  333.086502    0.338690    1.234149
   85.556990  333.068539    0.404920    1.857145
   85.557680  333.050575    0.247873    0.520941
   85.558369  333.032602    0.336991    1.218017
   85.559057  333.014615    0.370360    1.531881
   85.559746  332.996606    0.349538    1.335956
   85.560435  332.978574    0.337912    1.226541
   85.561123  332.960529    0.306048    0.926735
   85.561810  332.942474    0.402150    1.830752
   85.562496  332.924414    0.369705    1.525479
   85.563181  332.906352    0.533435    3.065695
   85.563864  332.888284    0.426438    2.059095
   85.564547  332.870212    0.374067    1.566375
   85.565229  332.852136    0.352718    1.365484
   85.565910  332.834055    0.345281    1.295472
   85.566592  332.815973    0.345377    1.296334
   85.567273  332.797890    0.468655    2.456000
   85.568635  332.761734    0.389847    1.714531
   85.569315  332.743660    0.298222    0.852533
   85.569995  332.725588    0.289631    0.771671
   85.570673  332.707521    0.267156    0.561467
   85.571350  332.689461    0.343765    1.280829
   85.572026  332.671399    0.353568    1.373004
   85.572701  332.653331    0.522039    2.957819
   85.573375  332.635252    0.444339    2.226820
   85.574048  332.617158    0.386944    1.686836
   85.574721  332.599057    0.275426    0.637698
   85.575394  332.580947    0.452547    2.303889
   85.576070  332.562831    0.337698    1.223411
   85.576748  332.544711    0.376979    1.592900
   85.577427  332.526581    0.272273    0.607845
   85.578106  332.508442    0.421529    2.011902
   85.580136  332.453955    0.489126    2.647660
   85.580812  332.435768    0.406563    1.870921
   85.581487  332.417565    0.450936    2.288304
   85.582161  332.399345    0.706878    4.695987
   85.582835  332.381115    0.362421    1.455517
   85.583509  332.362882    0.381206    1.632182
   85.584181  332.344650    0.382435    1.643695
   85.586193  332.289975    0.435763    2.145221
   85.586864  332.271755    0.430146    2.092334
   85.587534  332.253537    0.386333    1.680121
   85.588204  332.235318    0.403040    1.837250
   85.588873  332.217093    0.392178    1.735014
   85.589540  332.198854    0.500395    2.752998
   85.590206  332.180601    0.396901    1.779347
   85.590871  332.162342    0.450691    2.285323
   85.592199  332.125827    0.258754    0.543809
   85.592862  332.107579    0.436897    2.155411
   85.593525  332.089329    0.451827    2.295810
   85.594188  332.071071    0.345087    1.291624
   85.594852  332.052798    0.398086    1.790156
   85.595516  332.034507    0.447392    2.253950
   85.596181  332.016205    0.419818    1.994506
   85.597508  331.979583    0.235418    0.494765
   85.598170  331.961265    0.165653    0.348143
   85.598831  331.942946    0.146096    0.307041
   85.599492  331.924627    0.144036    0.302713
   85.600153  331.906326    0.184988    0.388779
   85.600812  331.888038    0.391124    1.724230
   85.601472  331.869748    0.384272    1.659720
   85.602132  331.851448    0.463699    2.406876
   85.602791  331.833119    0.541791    3.141459
   85.604111  331.796386    0.477610    2.537596
   85.605428  331.759628    0.418570    1.982090
   85.606084  331.741256    0.424062    2.033703
   85.606740  331.722878    0.483217    2.590151
   85.607395  331.704492    0.369500    1.520330
   85.608050  331.686093    0.410474    1.905736
   85.608705  331.667679    0.398284    1.791013
   85.609360  331.649252    0.390544    1.718147
   85.610669  331.612351    0.550612    3.223868
   85.611323  331.593869    0.448987    2.267795
   85.611976  331.575384    0.481495    2.573559
   85.612629  331.556899    0.398688    1.794517
   85.613280  331.538436    0.513353    2.873166
   85.614582  331.501561    0.439876    2.181846
   85.615231  331.483129    0.423932    2.031810
   85.617171  331.427776    0.467901    2.445291
   85.617816  331.409319    0.391144    1.723168
   85.618460  331.390867    0.448177    2.259649
   85.619104  331.372418    0.417311    1.969227
   85.621035  331.317064    0.581833    3.516794
   85.622326  331.280143    0.372758    1.549863
   85.622972  331.261668    0.417892    1.974402
   85.623618  331.243172    0.456655    2.339017
   85.624263  331.224657    0.421761    2.010712
   85.624909  331.206127    0.466729    2.433687
   85.625553  331.187582    0.462131    2.390383
   85.626197  331.169021    0.414151    1.938968
   85.629404  331.076073    0.446471    2.242777
   85.630045  331.057474    0.413363    1.931269
   85.631966  331.001654    0.477590    2.535330
   85.632605  330.983042    0.437334    2.156581
   85.633244  330.964432    0.614764    3.825671
   85.633879  330.945835    0.604221    3.726445
   85.634513  330.927250    0.399102    1.796771
   85.635146  330.908664    0.399896    1.804192
   85.635778  330.890075    0.410888    1.907553
   85.636410  330.871468    0.484558    2.600542
   85.637042  330.852844    0.532137    3.048086
   85.637675  330.834211    0.473555    2.496934
   85.638307  330.815573    0.493136    2.681095
   85.638940  330.796936    0.353002    1.362755
   85.639573  330.778300    0.512644    2.864512
   85.640205  330.759659    0.438403    2.166053
   85.640838  330.741011    0.370348    1.525786
   85.641469  330.722353    0.400601    1.810344
   85.642101  330.703685    0.349064    1.325468
   85.642731  330.685003    0.408413    1.883738
   85.643991  330.647583    0.462477    2.392239
   85.644620  330.628832    0.494925    2.697438
   85.645248  330.610076    0.452342    2.296798
   85.645877  330.591321    0.383698    1.650991
   85.649024  330.497785    0.371504    1.536040
   85.649653  330.479036    0.556613    3.277373
   85.650281  330.460276    0.537933    3.101590
   85.650908  330.441507    0.427481    2.062488
   85.651533  330.422734    0.333720    1.180395
   85.652154  330.403959    0.358392    1.412449
   85.652775  330.385183    0.401166    1.814787
   85.653395  330.366406    0.354390    1.374707
   85.654016  330.347633    0.374887    1.567480
   85.655262  330.310096    0.320516    1.055913
   85.656506  330.272534    0.411513    1.911863
   85.657126  330.253732    0.277235    0.648615
   85.658365  330.216116    0.334108    1.183551
   85.658983  330.197309    0.310550    0.961888
   85.660217  330.159699    0.337688    1.217096
   85.660832  330.140887    0.366447    1.487602
   85.661447  330.122068    0.555934    3.270118
   85.662061  330.103241    0.122826    0.258136
   85.662675  330.084401    0.334395    1.185940
   85.663289  330.065547    0.389971    1.708722
   85.663904  330.046667    0.268793    0.568717
   85.664519  330.027761    0.463348    2.398911
   85.665134  330.008845    0.337211    1.212259
   85.666979  329.952123    0.412189    1.917463
   85.667594  329.933227    0.338677    1.225867
   85.668208  329.914326    0.275657    0.632974
   85.668821  329.895403    0.292818    0.794371
   85.669432  329.876456    0.308405    0.940955
   85.670042  329.857505    0.379689    1.611510
   85.670651  329.838556    0.299651    0.858514
   85.671260  329.819625    0.342414    1.260760
   85.671870  329.800714    0.443697    2.213517
   85.672479  329.781808    0.415378    1.947069
   85.673696  329.744008    0.191063    0.401547
   85.674911  329.706204    0.363505    1.458905
   85.676122  329.668351    0.356158    1.389701
   85.676725  329.649390    0.274346    0.620022
   85.677328  329.630416    0.367130    1.492830
   85.677930  329.611428    0.290253    0.769579
   85.678531  329.592428    0.560418    3.311063
   85.679133  329.573418    0.479124    2.546257
   85.679735  329.554398    0.366704    1.488644
   85.680336  329.535372    0.315654    1.008353
   85.680938  329.516345    0.386322    1.673112
   85.681540  329.497317    0.363540    1.458746
   85.682142  329.478280    0.332809    1.169601
   85.682743  329.459230    0.369430    1.514069
   85.683344  329.440155    0.420541    1.994842
   85.683945  329.421055    0.334161    1.182188
   85.684545  329.401945    0.389794    1.705505
   85.685740  329.363731    0.432426    2.106469
   85.686335  329.344643    0.306801    0.924627
   85.686928  329.325560    0.334424    1.184440
   85.687522  329.306481    0.335426    1.193823
   85.688117  329.287410    0.400952    1.810203
   85.688713  329.268344    0.573237    3.430904
   85.689309  329.249278    0.396109    1.764553
   85.689906  329.230211    0.385452    1.664255
   85.690501  329.211135    0.385654    1.666108
   85.691096  329.192052    0.348260    1.314290
   85.691690  329.172961    0.370956    1.527752
   85.692283  329.153864    0.421143    1.999833
   85.692875  329.134761    0.368243    1.502140
   85.694054  329.096532    0.234791    0.493448
   85.694644  329.077403    0.352764    1.356391
   85.695824  329.039101    0.149852    0.314936
   85.697005  329.000776    0.059781    0.125637
   85.697595  328.981628    0.065628    0.137927
   85.698184  328.962497    0.337024    1.208056
   85.698773  328.943367    0.240933    0.506354
   85.699361  328.924233    0.313373    0.985473
   85.699947  328.905088    0.387361    1.681458
   85.700532  328.885926    0.356820    1.394106
   85.701116  328.866755    0.432522    2.106213
   85.701699  328.847573    0.221616    0.465759
   85.702281  328.828378    0.406567    1.861957
   85.702863  328.809171    0.310597    0.959093
   85.703445  328.789953    0.578106    3.475594
   85.704026  328.770728    0.331444    1.155119
   85.704608  328.751499    0.327352    1.116576
   85.705191  328.732266    0.355838    1.384513
   85.705774  328.713024    0.257928    0.542074
   85.706357  328.693771    0.270358    0.580285
   85.707523  328.655217    0.433918    2.118862
   85.708688  328.616616    0.334739    1.185761
   85.709268  328.597303    0.308605    0.939867
   85.709847  328.577987    0.340558    1.240414
   85.710425  328.558667    0.370388    1.520987
   85.711579  328.520033    0.267066    0.561278
   85.712156  328.500724    0.292805    0.791010
   85.712733  328.481419    0.344569    1.277920
   85.713309  328.462114    0.347127    1.301944
   85.713885  328.442808    0.343923    1.271758
   85.714461  328.423501    0.371286    1.529128
   85.715036  328.404194    0.340846    1.242717
   85.715611  328.384888    0.371570    1.531705
   85.716753  328.346284    0.366618    1.485034
   85.717889  328.307677    0.344846    1.280125
   85.718457  328.288368    0.342633    1.259265
   85.719024  328.269053    0.475218    2.506488
   85.719591  328.249730    0.463433    2.395581
   85.720159  328.230398    0.406886    1.863578
   85.720727  328.211056    0.380552    1.615800
   85.721297  328.191703    0.426649    2.049405
   85.721866  328.172334    0.394859    1.750303
   85.722435  328.152945    0.376145    1.574212
   85.723003  328.133526    0.361686    1.438144
   85.724135  328.094607    0.376642    1.578751
   85.724700  328.075127    0.421264    1.998480
   85.725264  328.055639    0.390644    1.710387
   85.725828  328.036150    0.608070    3.755740
   85.726391  328.016660    0.480613    2.556659
   85.727517  327.977711    0.354246    1.367793
   85.728081  327.958264    0.462515    2.386277
   85.729210  327.919387    0.380652    1.616071
   85.729773  327.899948    0.396249    1.762753
   85.730336  327.880503    0.380956    1.618842
   85.730898  327.861052    0.526468    2.987682
   85.731459  327.841593    0.375124    1.563895
   85.732019  327.822113    0.570276    3.399709
   85.734803  327.724653    0.000000    0.000000
   85.735913  327.685716    0.361060    1.431227
   85.736469  327.666231    0.359071    1.412475
   85.737026  327.646730    0.449896    2.266849
   85.739795  327.549122    0.357822    1.400453
   85.740344  327.529582    0.528606    3.007033
   85.740893  327.510039    0.643487    4.087717
   85.741441  327.490490    0.529706    3.017295
   85.741990  327.470932    0.491643    2.659189
   85.742538  327.451363    0.620574    3.872038
   85.743637  327.412170    0.379620    1.605227
   85.744187  327.392555    0.303091    0.885250
   85.745283  327.353316    0.557275    3.276364
   85.746374  327.314084    0.463505    2.394157
   85.746919  327.294461    0.450247    2.269397
   85.747465  327.274823    0.448185    2.249954
   85.748558  327.235516    0.411989    1.909366
   85.749104  327.215860    0.449042    2.257897
   85.749650  327.196213    0.475502    2.506777
   85.750195  327.176574    0.435922    2.134387
   85.750740  327.156938    0.369100    1.505729
   85.751284  327.137302    0.434289    2.118950
   85.751827  327.117667    0.485404    2.599764
   85.752367  327.098030    0.452144    2.286836
   85.752907  327.078389    0.399259    1.789285
   85.753446  327.058746    0.391710    1.718232
   85.753984  327.039095    0.401945    1.814470
   85.754522  327.019436    0.498936    2.726858
   85.755060  326.999774    0.037872    0.079594
   85.757212  326.921112    0.391835    1.719126
   85.757750  326.901433    0.419730    1.981501
   85.758287  326.881733    0.347432    1.301326
   85.758823  326.862012    0.387871    1.681708
   85.759358  326.842278    0.346909    1.296322
   85.759892  326.822536    0.388991    1.692167
   85.760425  326.802789    0.381333    1.620086
   85.760956  326.783038    0.412328    1.911623
   85.761486  326.763282    0.370470    1.517805
   85.762015  326.743518    0.414796    1.934759
   85.762544  326.723746    0.428604    2.064613
   85.763602  326.684180    0.401045    1.805272
   85.764662  326.644594    0.433510    2.110598
   85.765194  326.624795    0.345708    1.284580
   85.765726  326.604995    0.417369    1.958677
   85.766258  326.585192    0.518177    2.906968
   85.766788  326.565394    0.564530    3.342992
   85.767315  326.545602    0.477474    2.523986
   85.767842  326.525805    0.554754    3.250945
   85.768368  326.506000    0.423953    2.020414
   85.770470  326.426604    0.508117    2.812009
   85.770996  326.406726    0.373273    1.543439
   85.771522  326.386837    0.405249    1.844210
   85.772048  326.366953    0.311961    0.966582
   85.773096  326.327227    0.533635    3.051859
   85.773619  326.307409    0.572102    3.413687
   85.774140  326.287598    0.417876    1.962790
   85.774660  326.267792    0.531224    3.029059
   85.775178  326.247975    0.704256    4.656783
   85.775695  326.228148    0.443146    2.200391
   85.776210  326.208314    0.394375    1.741547
   85.776725  326.188474    0.436579    2.138539
   85.777240  326.168625    0.458025    2.340249
   85.777755  326.148767    0.438991    2.161148
   85.778270  326.128903    0.369508    1.507452
   85.779300  326.089161    0.442467    2.193720
   85.779815  326.069290    0.613080    3.798693
   85.780330  326.049404    0.437309    2.145113
   85.780845  326.029503    0.392624    1.724706
   85.781358  326.009568    0.421317    1.994597
   85.781871  325.989598    0.800097    5.557864
   85.782383  325.969611    0.435800    2.130759
   85.782894  325.949610    0.380390    1.609455
   85.783404  325.929604    0.445518    2.222095
   85.783915  325.909596    0.394409    1.741254
   85.784425  325.889582    0.410220    1.889955
   85.784936  325.869567    0.385436    1.656759
   85.785447  325.849552    0.509463    2.823481
   85.785959  325.829541    0.470708    2.458865
   85.786471  325.809530    0.469414    2.446645
   85.786982  325.789518    0.417509    1.958315
   85.787493  325.769504    0.430574    2.081184
   85.788003  325.749486    0.461948    2.376290
   85.788512  325.729473    0.528727    3.004460
   85.789020  325.709466    0.467970    2.432862
   85.789527  325.689475    0.403369    1.825100
   85.790032  325.669503    0.418549    1.967863
   85.790537  325.649533    0.586002    3.543106
   85.791042  325.629563    0.375232    1.560279
   85.791545  325.609582    0.385686    1.658586
   85.792049  325.589586    0.398735    1.781300
   85.792552  325.569585    0.456633    2.325928
   85.793556  325.529563    0.417367    1.956458
   85.794058  325.509545    0.412706    1.912568
   85.794558  325.489518    0.413584    1.920781
   85.795059  325.469484    0.500456    2.737979
   85.795558  325.449441    0.532434    3.038765
   85.796056  325.429391    0.551378    3.216938
   85.796553  325.409330    0.444893    2.215158
   85.797050  325.389257    0.244476    0.513802
   85.797547  325.369167    0.428909    2.064702
   85.798042  325.349060    0.457025    2.329163
   85.798538  325.328946    0.484814    2.590542
   85.799033  325.308828    0.290597    0.763440
   85.799529  325.288719    0.383921    1.641320
   85.800027  325.268619    0.600207    3.675957
   85.800524  325.248514    0.349253    1.315109
   85.801020  325.228400    0.460070    2.357564
   85.802011  325.188102    0.399962    1.792025
   85.802998  325.147759    0.488502    2.624866
   85.803490  325.127594    0.476181    2.508921
   85.803979  325.107438    0.533592    3.048964
   85.804469  325.087284    0.413172    1.916087
   85.804958  325.067132    0.402423    1.814933
   85.805449  325.046985    0.389541    1.693707
   85.805941  325.026842    0.375111    1.557914
   85.806433  325.006694    0.466459    2.417212
   85.806925  324.986536    0.529653    3.011665
   85.807416  324.966355    0.385786    1.658217
   85.807906  324.946148    0.436101    2.131503
   85.808395  324.925935    0.545140    3.157234
   85.808883  324.905718    0.449169    2.254358
   85.809368  324.885511    0.429060    2.065145
   85.810335  324.845127    0.492409    2.661014
   85.810817  324.824941    0.428099    2.055984
   85.811298  324.804760    0.475209    2.499119
   85.811780  324.784584    0.427307    2.048446
   85.812260  324.764405    0.456397    2.322068
   85.812741  324.744220    0.494416    2.679689
   85.813221  324.724023    0.416795    1.949434
   85.813702  324.703809    0.393365    1.728985
   85.814183  324.683585    0.386845    1.667602
   85.814663  324.663352    0.433297    2.104558
   85.815619  324.622866    0.401905    1.809153
   85.816097  324.602607    0.452677    2.286744
   85.816574  324.582330    0.661421    4.250426
   85.817051  324.562023    0.723045    4.830101
   85.817528  324.541684    0.668275    4.314829
   85.818004  324.521332    0.925253    6.732267
   85.818481  324.500972    0.893692    6.435318
   85.818958  324.480613    0.414634    1.928621
   85.819435  324.460260    0.435397    2.123910
   85.819912  324.439909    0.373749    1.543934
   85.820389  324.419562    0.403243    1.821357
   85.820864  324.399225    0.580413    3.488014
   85.821338  324.378897    0.425210    2.027932
   85.821812  324.358571    0.363597    1.448282
   85.822285  324.338245    0.422544    2.002775
   85.822757  324.317908    0.367917    1.488847
   85.823229  324.297561    0.451416    2.274314
   85.823700  324.277213    0.456849    2.325387
   85.824170  324.256869    0.495267    2.686758
   85.825110  324.216224    0.392636    1.721202
   85.825579  324.195914    0.619908    3.859190
   85.826046  324.175605    1.094307    8.321985
   85.826513  324.155292    1.465521   11.814087
   85.826979  324.134971    0.575431    3.440666
   85.827444  324.114647    0.533646    3.047551
   85.827907  324.094318    0.753100    5.111984
   85.828832  324.053638    1.639235   13.448085
   85.829754  324.012936    0.690041    4.518628
   85.830214  323.992587    0.387443    1.671949
   85.830674  323.972241    0.892537    6.423498
   85.831134  323.951889    0.241512    0.507572
   85.831594  323.931527    0.358483    1.399401
   85.832055  323.911147    0.922363    6.703974
   85.832516  323.890747    1.540751   12.521322
   85.832977  323.870334    0.164290    0.345278
   85.833897  323.829487    0.277773    0.639952
   85.834354  323.809061    0.316880    1.007806
   85.835266  323.768168    0.250433    0.526320
   85.835723  323.747687    0.499840    2.728864
   85.836179  323.727176    0.937121    6.842474
   85.836636  323.706650    0.757630    5.153905
   85.837550  323.665567    0.443672    2.200324
   85.838008  323.645018    0.318080    1.018795
   85.838465  323.624470    0.191520    0.402506
   85.838922  323.603928    0.239060    0.502418
   85.839377  323.583403    0.069109    0.145242
   85.839832  323.562898    0.338505    1.210794
   85.840738  323.521921    0.270593    0.571853
   85.841188  323.501447    0.222270    0.467133
   85.841636  323.480981    0.042357    0.089019
   85.842083  323.460521    0.100700    0.211636
   85.843872  323.378705    0.156570    0.329053
   85.844765  323.337811    0.014068    0.029566
   85.845209  323.317375    0.041852    0.087959
   85.846096  323.276469    0.441263    2.176961
   85.846539  323.255974    0.602518    3.693901
   85.846982  323.235441    0.205943    0.432819
   85.847424  323.214884    0.752039    5.100421
   85.847867  323.194306    0.349151    1.310282
   85.848309  323.173709    0.314734    0.986473
   85.848751  323.153094    0.271018    0.575187
   85.849193  323.132464    0.523538    2.950684
   85.850076  323.091162    0.312696    0.967150
   85.850518  323.070494    0.368818    1.495072
   85.850959  323.049817    0.138288    0.290633
   85.851840  323.008453    0.418493    1.962276
   85.852279  322.987770    0.400041    1.788650
   85.852718  322.967090    0.324312    1.076203
   85.853592  322.925753    0.552556    3.223303
   85.854027  322.905105    0.402191    1.808730
   85.854461  322.884468    0.233548    0.490834
   85.854895  322.863841    0.368302    1.489851
   85.855329  322.843228    0.423697    2.010928
   85.855763  322.822628    0.257195    0.540532
   85.856628  322.781440    0.422638    2.000864
   85.857061  322.760841    0.310502    0.945921
   85.857925  322.719619    0.494070    2.672736
   85.858356  322.699000    0.319799    1.033270
   85.859212  322.657747    0.410489    1.886351
   85.859638  322.637110    0.371102    1.515790
   85.860064  322.616466    0.426448    2.036406
   85.860489  322.595810    0.258986    0.544296
   85.860913  322.575143    0.045799    0.096253
   85.861338  322.554471    0.267238    0.561639
   85.861762  322.533793    0.288337    0.737003
   85.862185  322.513120    0.559551    3.288368
   85.862609  322.492450    0.198163    0.416467
   85.863033  322.471773    0.104882    0.220424
   85.863456  322.451085    0.104036    0.218647
   85.865149  322.368132    0.469071    2.436933
   85.865571  322.347342    0.340021    1.222880
   85.865993  322.326528    0.114791    0.241249
   85.866414  322.305702    0.089134    0.187329
   85.871433  322.055790    0.120529    0.253308
   85.874310  321.910658    0.000000    0.000000
   85.879586  321.639684    0.123008    0.258518
   85.879990  321.618732    0.092498    0.194399
   85.917463  319.510739    0.089409    0.187905
   85.918157  319.468156    0.326132    1.087518
   85.918504  319.446848    0.456498    2.313880
   85.918851  319.425532    0.294845    0.793125
   85.919197  319.404209    0.288840    0.736600
   85.919543  319.382881    0.491473    2.642805
   85.920574  319.318879    0.120787    0.253851
   85.920914  319.297543    0.205327    0.431524
   85.921252  319.276207    0.459246    2.339463
   85.921929  319.233544    0.197724    0.415545
   85.922269  319.212218    0.026845    0.056419
   85.922608  319.190903    0.249183    0.523693
   85.923961  319.105887    0.396665    1.750481
   85.924297  319.084668    0.263927    0.554679
   85.924633  319.063429    0.493291    2.659407
   85.924968  319.042167    0.110014    0.231209
   85.925969  318.978325    0.260374    0.547213
   85.926301  318.957033    0.249904    0.525209
   85.926632  318.935730    0.247452    0.520056
   85.926963  318.914408    0.158060    0.332185
   85.927294  318.893062    0.263712    0.554228
   85.928621  318.807430    0.270893    0.569321
   85.928952  318.785960    0.227190    0.477473
   85.929283  318.764478    0.563054    3.315230
   85.929613  318.742990    0.449843    2.250177
   85.929942  318.721510    0.007978    0.016767
   85.930269  318.700042    0.131534    0.276438
   85.931891  318.592779    0.491380    2.640694
   85.932535  318.549952    0.587768    3.547386
   85.932856  318.528574    0.342666    1.241597
   85.933177  318.507205    0.413370    1.906702
   85.933496  318.485838    0.495933    2.683366
   85.933815  318.464463    0.258175    0.542591
   85.934132  318.443074    0.407677    1.853038
   85.934448  318.421681    0.288118    0.728273
   85.934764  318.400281    0.061050    0.128305
   85.935080  318.378877    0.245027    0.514960
   85.936028  318.314634    0.470344    2.442368
   85.936343  318.293213    0.366882    1.469039
   85.936659  318.271791    0.261320    0.549200
   85.937290  318.228914    0.323931    1.064888
   85.937604  318.207440    0.378776    1.580802
   85.937918  318.185943    0.343068    1.244861
   85.938231  318.164432    0.570996    3.389026
   85.938543  318.142914    0.238865    0.502009
   85.938855  318.121399    0.449339    2.244498
   85.939166  318.099888    0.479446    2.527698
   85.939476  318.078377    0.434813    2.107787
   85.939786  318.056864    0.311904    0.951512
   85.940096  318.035355    0.497419    2.696691
   85.940407  318.013847    0.404200    1.819712
   85.940717  317.992334    0.481295    2.544943
   85.941027  317.970813    0.442126    2.176440
   85.941335  317.949276    0.369040    1.488869
   85.941643  317.927722    0.375794    1.552373
   85.941949  317.906159    0.429966    2.061956
   85.942255  317.884587    0.497220    2.694612
   85.942559  317.863010    0.472170    2.458924
   85.942862  317.841426    0.388459    1.671397
   85.943164  317.819844    0.358020    1.385021
   85.943466  317.798266    0.423118    1.997390
   85.944066  317.755152    0.453912    2.287026
   85.944365  317.733609    0.534522    3.045321
   85.944664  317.712071    0.699296    4.595378
   85.944962  317.690534    0.383966    1.628931
   85.945261  317.668994    0.287730    0.723578
   85.945559  317.647457    0.522784    2.934775
   85.945856  317.625918    0.454477    2.292161
   85.946152  317.604382    0.390465    1.689950
   85.946447  317.582846    0.359318    1.396912
   85.946742  317.561307    0.307679    0.911094
   85.947036  317.539765    0.244839    0.514564
   85.947330  317.518215    0.357512    1.379836
   85.947625  317.496657    0.508204    2.797417
   85.947920  317.475094    0.504506    2.762597
   85.948214  317.453524    0.325839    1.081785
   85.948508  317.431954    0.393463    1.717917
   85.948802  317.410382    0.439809    2.153884
   85.949096  317.388801    0.353386    1.340847
   85.949389  317.367211    0.423053    1.996193
   85.949681  317.345597    0.388051    1.666888
   85.949972  317.323963    0.442639    2.180386
   85.950262  317.302321    0.227550    0.478228
   85.950552  317.280679    0.447147    2.222735
   85.950841  317.259048    0.529749    2.999777
   85.951130  317.237432    0.388171    1.667871
   85.958137  316.695975    0.569566    3.373582
   85.958680  316.652638    0.371210    1.507527
   85.960576  316.500716    0.584983    3.518358
   85.961115  316.457264    0.483823    2.566652
   85.961383  316.435534    0.621846    3.865045
   85.961650  316.413794    0.379730    1.587354
   85.961916  316.392030    0.504717    2.763122
   85.962181  316.370240    0.432318    2.082011
   85.962446  316.348441    0.427019    2.032124
   85.962709  316.326633    0.489565    2.620490
   85.963233  316.283008    0.434219    2.099772
   85.963494  316.261199    0.429266    2.053149
   85.963754  316.239401    0.452667    2.273260
   85.964014  316.217629    0.474032    2.474222
   85.964273  316.195887    0.540012    3.094888
   85.964532  316.174155    0.375161    1.544046
   85.964791  316.152428    0.416888    1.936555
   85.965049  316.130698    0.537130    3.067685
   85.965306  316.108958    0.636730    4.004626
   85.965562  316.087216    0.510093    2.813279
   85.965818  316.065471    0.612503    3.776651
   85.966073  316.043722    0.449496    2.243167
   85.966326  316.021970    0.332576    1.143231
   85.966580  316.000211    0.398590    1.764220
   85.966833  315.978445    0.270091    0.567635
   85.967087  315.956671    0.424820    2.010912
   85.967342  315.934886    0.261800    0.550211
   85.967596  315.913091    0.432621    2.084241
   85.968357  315.847623    0.494399    2.665319
   85.968609  315.825777    0.409931    1.870669
   85.968861  315.803928    0.371858    1.512477
   85.969112  315.782082    0.348901    1.296485
   85.969362  315.760244    0.383145    1.618592
   85.969611  315.738407    0.362205    1.421578
   85.969860  315.716571    0.399337    1.770858
   85.970108  315.694737    0.523894    2.942578
   85.970355  315.672904    0.900512    6.485527
   85.970602  315.651071    0.396841    1.747290
   85.970848  315.629239    0.538696    3.081739
   85.971095  315.607405    0.457706    2.319811
   85.971341  315.585571    0.505162    2.766220
   85.971586  315.563734    0.465580    2.393825
   85.971831  315.541893    0.619244    3.839370
   85.972073  315.520048    0.416509    1.932141
   85.972312  315.498196    0.438561    2.139560
   85.972551  315.476338    0.443567    2.186621
   85.972788  315.454472    0.463042    2.369804
   85.973026  315.432592    0.430546    2.064067
   85.973263  315.410698    0.472297    2.456810
   85.973500  315.388801    0.425551    2.017020
   85.973738  315.366907    0.483329    2.560530
   85.973975  315.345029    0.421571    1.979524
   85.974212  315.323170    0.603014    3.686388
   85.974449  315.301314    0.505815    2.771977
   85.974685  315.279456    0.463961    2.378213
   85.974921  315.257586    0.350513    1.310942
   85.975156  315.235700    0.515646    2.864372
   85.975390  315.213811    0.420314    1.967523
   85.975623  315.191920    0.331935    1.136078
   85.975855  315.170031    0.601992    3.676572
   85.976087  315.148147    0.493312    2.654151
   85.976318  315.126266    0.494291    2.663332
   85.976548  315.104390    0.571315    3.387890
   85.976779  315.082525    0.468346    2.419196
   85.977011  315.060668    0.396418    1.742518
   85.977242  315.038814    0.569679    3.372413
   85.977473  315.016959    0.435217    2.107453
   85.977703  314.995102    0.332831    1.144246
   85.977931  314.973240    0.385908    1.643535
   85.978159  314.951370    0.496202    2.681084
   85.978386  314.929491    0.585757    3.523533
   85.978612  314.907599    0.805720    5.592771
   85.979062  314.863774    0.409617    1.866442
   85.979285  314.841843    0.468858    2.423718
   85.979508  314.819897    0.438117    2.134501
   85.979731  314.797935    0.351807    1.322526
   85.979953  314.775967    0.445941    2.208054
   85.980174  314.753993    0.404745    1.820482
   85.980395  314.732017    0.519894    2.903704
   85.980616  314.710042    0.400760    1.782946
   85.980837  314.688069    0.388440    1.667017
   85.981057  314.666102    0.417329    1.938769
   85.981493  314.622217    0.339800    1.209376
   85.981711  314.600288    0.392990    1.709722
   85.981927  314.578359    0.507987    2.791516
   85.982143  314.556422    0.463654    2.374429
   85.982359  314.534475    0.373889    1.529954
   85.982574  314.512525    0.579397    3.463211
   85.982789  314.490573    0.417358    1.938833
   85.983004  314.468621    0.459197    2.332407
   85.983219  314.446672    0.252564    0.530800
   85.983434  314.424721    0.449971    2.245557
   85.983649  314.402765    0.431938    2.075891
   85.983863  314.380804    0.380990    1.596584
   85.984077  314.358835    0.446698    2.214696
   85.984289  314.336863    0.399954    1.774929
   85.984501  314.314882    0.450368    2.249171
   85.984712  314.292896    0.411246    1.881109
   85.984921  314.270903    0.448435    2.230930
   85.985130  314.248904    0.354599    1.348163
   85.985339  314.226904    0.350197    1.306721
   85.985547  314.204903    0.236393    0.496814
   85.985754  314.182901    0.418357    1.947876
   85.985961  314.160898    0.363564    1.432391
   85.986168  314.138891    0.417042    1.935457
   85.986374  314.116882    0.373707    1.527768
   85.986581  314.094868    0.356022    1.361367
   85.986788  314.072850    0.486448    2.588305
   85.986993  314.050828    0.373551    1.526223
   85.987197  314.028801    0.506877    2.780434
   85.987399  314.006768    0.372315    1.514539
   85.987599  313.984734    0.370659    1.498940
   85.987799  313.962701    0.410351    1.872307
   85.987998  313.940673    0.486451    2.588184
   85.988196  313.918650    0.288773    0.728527
   85.988590  313.874615    0.484004    2.565083
   85.988786  313.852601    0.405111    1.822885
   85.988983  313.830591    0.337219    1.184175
   85.989179  313.808583    0.465326    2.389293
   85.989375  313.786579    0.363435    1.430750
   85.989571  313.764582    0.444544    2.193739
   85.989767  313.742590    0.474536    2.475860
   85.989962  313.720601    0.358300    1.382366
   85.990157  313.698612    0.456066    2.302062
   85.990351  313.676626    0.386793    1.650360
   85.990543  313.654639    0.514375    2.850540
   85.990734  313.632645    0.321954    1.040346
   85.990925  313.610641    0.375532    1.544346
   85.991116  313.588617    0.359102    1.389760
   85.991308  313.566571    0.322415    1.044606
   85.991690  313.522441    0.159874    0.335997
   85.991881  313.500361    0.111100    0.233493
   85.992072  313.478272    0.290326    0.742634
   85.992263  313.456176    0.327551    1.092793
   85.992641  313.411958    0.308953    0.917786
   85.993014  313.367712    0.314588    0.970750
   85.993199  313.345585    0.407355    1.843407
   85.993385  313.323452    0.451379    2.257534
   85.993570  313.301315    0.237401    0.498932
   85.993755  313.279184    0.304419    0.874983
   85.994121  313.234953    0.356357    1.363527
   85.994302  313.212868    0.307234    0.901390
   85.994481  313.190792    0.322752    1.047342
   85.994659  313.168727    0.332623    1.140177
   85.994836  313.146667    0.304707    0.877532
   85.995012  313.124612    0.334382    1.156674
   85.995187  313.102560    0.518017    2.884163
   85.995362  313.080513    0.377136    1.558826
   85.995537  313.058468    0.354587    1.346668
   85.995712  313.036423    0.392012    1.698717
   85.995887  313.014375    0.647713    4.104154
   85.996062  312.992317    0.310168    0.928730
   85.996412  312.948144    0.243949    0.512693
   85.996586  312.926036    0.522510    2.926224
   85.996760  312.903916    0.509174    2.800742
   85.996932  312.881785    0.188139    0.395402
   85.997104  312.859643    0.409402    1.862103
   85.997274  312.837496    0.253856    0.533516
   85.997445  312.815346    0.201856    0.424230
   85.997615  312.793202    0.260312    0.547082
   85.997785  312.771065    0.283194    0.674719
   85.997955  312.748923    0.223544    0.469810
   85.998124  312.726781    0.460903    2.346442
   85.998294  312.704624    0.287714    0.717163
   85.998463  312.682455    0.342835    1.235685
   85.998632  312.660283    0.332185    1.135471
   85.998800  312.638111    0.254439    0.534740
   85.998968  312.615946    0.321923    1.038876
   85.999134  312.593789    0.345211    1.257935
   85.999300  312.571637    0.506218    2.772558
   85.999465  312.549490    0.501069    2.724090
   85.999629  312.527351    0.427326    2.030335
   85.999791  312.505220    0.318186    1.003600
   85.999953  312.483088    0.384595    1.628301
   86.000114  312.460953    0.490166    2.621418
   86.000274  312.438803    0.242902    0.510494
   86.000433  312.416635    0.180532    0.379414
   86.000592  312.394464    0.313279    0.957304
   86.000749  312.372290    0.298646    0.819623
   86.000906  312.350122    0.288924    0.728137
   86.001061  312.327961    0.266812    0.560744
   86.001217  312.305802    0.226418    0.475849
   86.001371  312.283646    0.363620    1.430750
   86.001680  312.239340    0.307191    0.899853
   86.001834  312.217188    0.365976    1.452837
   80.287672  239.807664    0.174648    0.367049
   80.286258  239.803770    0.284085    0.980943
   80.284845  239.799879    0.199894    0.420107
   80.283431  239.795993    0.182149    0.382813
   80.276372  239.776717    0.364975    1.742747
   80.274962  239.772884    0.316366    1.285587
   80.273551  239.769053    0.301608    1.146879
   80.272142  239.765221    0.345822    1.562938
   80.270733  239.761381    0.419543    2.256574
   80.269325  239.757532    0.146421    0.307725
   80.267917  239.753678    0.098036    0.206037
   80.266510  239.749821    0.125703    0.264184
   80.265103  239.745959    0.135121    0.283976
   80.263696  239.742093    0.128968    0.271044
   80.262290  239.738225    0.161948    0.340356
   80.260884  239.734357    0.185729    0.390337
   80.259477  239.730492    0.665766    4.573841
   80.258070  239.726630    0.443836    2.486197
   80.256663  239.722769    0.359815    1.695899
   80.255256  239.718907    0.628094    4.219811
   80.253847  239.715042    0.642015    4.350895
   80.252438  239.711174    0.342029    1.528942
   80.251029  239.707307    0.472714    2.758461
   80.249620  239.703440    0.438610    2.437761
   80.248211  239.699577    0.139377    0.292920
   80.246804  239.695716    0.299311    1.127564
   80.241164  239.680329    0.238177    0.552945
   80.239749  239.676496    0.177644    0.373343
   80.238332  239.672664    0.356310    1.664513
   80.236912  239.668825    0.292774    1.066931
   80.235490  239.664980    0.655241    4.476905
   80.234069  239.661137    0.259041    0.749848
   80.232648  239.657296    0.238647    0.558120
   80.231231  239.653466    0.263583    0.792831
   80.229818  239.649645    0.411641    2.185786
   80.228406  239.645829    0.420117    2.265641
   80.226996  239.642016    0.394567    2.025417
   80.225585  239.638202    0.362456    1.723459
   80.224173  239.634386    0.320924    1.332879
   80.222762  239.630573    0.064587    0.135738
   80.221351  239.626763    0.524368    3.246994
   80.219941  239.622961    0.775116    5.605990
   80.218531  239.619166    0.633767    4.276402
   80.217122  239.615372    0.562010    3.601476
   80.215713  239.611575    0.498731    3.006316
   80.214306  239.607768    0.447979    2.528998
   80.212900  239.603950    0.303369    1.168730
   80.211494  239.600127    0.318745    1.313499
   80.210088  239.596300    0.409866    2.170831
   80.208680  239.592467    0.409209    2.164779
   80.207270  239.588631    0.164413    0.345538
   80.205860  239.584794    0.286405    1.009767
   80.204449  239.580958    0.160512    0.337339
   80.203039  239.577130    0.173694    0.365044
   80.201628  239.573308    0.177964    0.374018
   80.200218  239.569490    0.187003    0.393013
   80.198806  239.565674    0.422528    2.290953
   80.197394  239.561857    0.180559    0.379471
   80.195980  239.558040    0.445491    2.507224
   80.194566  239.554224    0.174871    0.367517
   80.193151  239.550409    0.222146    0.466872
   80.191736  239.546594    0.315320    1.283034
   80.190319  239.542778    0.228804    0.480865
   80.188903  239.538967    0.323946    1.364437
   80.187487  239.535161    0.435479    2.413788
   80.186073  239.531366    0.188654    0.396484
   80.184659  239.527582    0.399061    2.071442
   80.183247  239.523804    0.468362    2.723506
   80.181835  239.520031    0.396162    2.044416
   80.180423  239.516262    0.217605    0.457327
   80.179012  239.512496    0.476243    2.798012
   80.177602  239.508731    0.294700    1.090301
   80.176190  239.504966    0.455726    2.605259
   80.174779  239.501198    0.234982    0.528770
   80.173366  239.497427    0.051847    0.108964
   80.171953  239.493653    0.315553    1.286974
   80.170540  239.489878    0.398845    2.070659
   80.169128  239.486100    0.341057    1.527152
   80.167716  239.482319    0.293055    1.075701
   80.166304  239.478537    0.337443    1.493403
   80.164891  239.474752    0.858471    6.395012
   80.163478  239.470967    0.312111    1.255344
   80.162063  239.467180    0.707541    4.975414
   80.160648  239.463392    0.323037    1.358380
   80.159234  239.459601    0.413370    2.208298
   80.157821  239.455804    0.373748    1.835686
   80.156411  239.452002    0.451999    2.571948
   80.155000  239.448200    0.451048    2.563118
   80.153589  239.444398    0.298130    1.124692
   80.152177  239.440603    0.307149    1.209671
   80.150764  239.436814    0.579742    3.774167
   80.149350  239.433028    0.678334    4.701782
   80.147935  239.429244    0.501155    3.035119
   80.146519  239.425462    0.239385    0.572692
   80.145103  239.421680    0.248688    0.660326
   80.143686  239.417901    0.616546    4.121020
   80.142268  239.414125    0.260075    0.767698
   80.140852  239.410350    0.342757    1.545649
   80.139436  239.406578    0.252802    0.699533
   80.138021  239.402810    0.382824    1.922822
   80.136606  239.399048    0.266448    0.828158
   80.135192  239.395295    0.742267    5.304473
   80.133779  239.391551    0.487537    2.908264
   80.132367  239.387813    0.301998    1.162958
   80.130955  239.384079    0.508581    3.106484
   80.129544  239.380351    0.352288    1.636307
   80.128133  239.376628    0.468571    2.730337
   80.126722  239.372906    0.439730    2.459151
   80.125312  239.369184    0.413554    2.213029
   80.123900  239.365461    0.315643    1.292070
   80.122487  239.361735    0.611470    4.075141
   80.121073  239.358006    0.316148    1.297070
   80.119658  239.354271    0.477807    2.817975
   80.118243  239.350528    0.287813    1.030766
   80.116827  239.346776    0.723050    5.125310
   80.115411  239.343019    0.747016    5.350889
   80.113995  239.339257    0.381547    1.912928
   80.112579  239.335493    0.296656    1.114453
   80.111164  239.331726    0.472870    2.772286
   80.109749  239.327958    0.230064    0.488248
   80.108334  239.324190    0.401324    2.099473
   80.106918  239.320423    0.213968    0.449685
   80.105502  239.316659    0.303186    1.176510
   80.104085  239.312896    0.295771    1.106879
   80.102668  239.309134    0.479391    2.834373
   80.101251  239.305371    0.358551    1.697716
   80.099832  239.301609    0.298429    1.132254
   80.098415  239.297850    0.220572    0.463565
   80.096997  239.294095    0.343908    1.560341
   80.095582  239.290346    0.307077    1.213991
   80.094168  239.286604    0.317513    1.312285
   80.092755  239.282868    0.282752    0.985404
   80.091342  239.279140    0.237515    0.559969
   80.089928  239.275421    0.274848    0.911296
   80.088514  239.271713    0.222279    0.467151
   80.087100  239.268010    1.110215    8.770131
   80.085687  239.264313    0.561029    3.603869
   80.084274  239.260620    0.448017    2.540854
   80.082863  239.256930    0.075328    0.158313
   80.081451  239.253241    0.241345    0.596867
   80.080039  239.249552    0.307053    1.215132
   80.078626  239.245858    0.143638    0.301877
   80.077210  239.242159    0.193886    0.407480
   80.075794  239.238457    0.219825    0.461993
   80.074376  239.234752    0.218655    0.459534
   80.072958  239.231045    0.157546    0.331106
   80.071539  239.227335    0.081291    0.170845
   80.070120  239.223623    0.409229    2.177212
   80.068701  239.219910    0.253833    0.715473
   80.067282  239.216197    0.202254    0.425067
   80.065864  239.212486    0.136944    0.287807
   80.064446  239.208772    0.247520    0.656454
   80.063028  239.205058    0.451018    2.570960
   80.061611  239.201341    0.168443    0.354007
   80.060193  239.197621    0.321510    1.352884
   80.058776  239.193899    0.243153    0.615877
   80.057360  239.190175    0.215943    0.453835
   80.055944  239.186447    0.254840    0.726064
   80.054529  239.182717    0.245744    0.640621
   80.053115  239.178989    0.316729    1.308531
   80.051701  239.175264    0.242745    0.612658
   80.050288  239.171550    0.377706    1.882413
   80.048875  239.167847    0.895775    6.756183
   80.047461  239.164149    0.692930    4.848078
   80.046047  239.160455    0.524763    3.266195
   80.044632  239.156763    0.040830    0.085810
   80.043214  239.153073    0.149588    0.314380
   80.041796  239.149385    0.207302    0.435675
   80.038962  239.142013    0.241578    0.602800
   80.037547  239.138328    0.199644    0.419581
   80.036133  239.134646    0.215589    0.453090
   80.031885  239.123635    0.242542    0.612492
   80.030468  239.119976    0.433194    2.406149
   80.029050  239.116317    0.339755    1.527265
   80.027631  239.112657    0.000000    0.000000
   80.026212  239.108993    0.000000    0.000000
   80.021957  239.097998    0.643715    4.387360
   80.020540  239.094332    0.503975    3.072910
   80.019124  239.090664    0.262984    0.805947
   80.017708  239.086993    0.596115    3.939953
   80.016292  239.083317    0.340103    1.531695
   80.014875  239.079635    0.344925    1.577184
   80.013458  239.075949    0.446496    2.532826
   80.012040  239.072259    0.487250    2.916342
   80.010621  239.068562    0.305162    1.203508
   80.009201  239.064860    0.465823    2.715030
   80.007780  239.061157    0.472989    2.782575
   80.006360  239.057455    0.680560    4.735394
   80.004941  239.053759    0.382935    1.935666
   80.003523  239.050068    0.485639    2.901961
   80.002106  239.046381    0.576132    3.753390
   80.000689  239.042697    0.552837    3.534378
   79.999271  239.039016    0.557249    3.576008
   79.997853  239.035339    0.413197    2.220987
   79.996435  239.031666    0.373665    1.849233
   79.995018  239.027997    0.327908    1.418908
   79.993603  239.024333    0.346399    1.592981
   79.992189  239.020673    0.540696    3.420934
   79.990777  239.017019    0.336031    1.495705
   79.989364  239.013371    0.321129    1.355651
   79.987951  239.009733    0.369339    1.809307
   79.986535  239.006105    0.276032    0.931661
   79.985120  239.002480    0.390668    2.010206
   79.983704  238.998858    0.406981    2.163799
   79.982287  238.995232    0.315057    1.299166
   79.980869  238.991602    0.330863    1.447987
   79.979451  238.987971    0.555974    3.565813
   79.978032  238.984338    0.281680    0.985558
   79.976612  238.980702    0.350033    1.628711
   79.975192  238.977063    0.261284    0.793946
   79.973770  238.973422    0.541344    3.428691
   79.972348  238.969779    0.701888    4.939112
   79.970924  238.966134    0.295456    1.115804
   79.969498  238.962487    0.825534    6.102550
   79.968072  238.958838    0.257257    0.756706
   79.966646  238.955187    0.640088    4.358256
   79.965222  238.951535    0.460890    2.672608
   79.963798  238.947880    0.335665    1.494707
   79.962376  238.944226    0.280449    0.975398
   79.960955  238.940571    0.365859    1.779015
   79.959536  238.936918    0.393230    2.036628
   79.958118  238.933266    0.494072    2.985407
   79.956700  238.929617    0.722500    5.134440
   79.955283  238.925969    0.323723    1.383141
   79.953864  238.922322    0.457851    2.645051
   79.952443  238.918677    0.312193    1.274928
   79.951023  238.915037    0.397279    2.075489
   79.949603  238.911402    0.388840    1.996228
   79.948184  238.907777    0.426353    2.349258
   79.946768  238.904163    0.461473    2.679773
   79.945353  238.900552    0.445936    2.533736
   79.943938  238.896944    0.942291    7.203246
   79.942523  238.893333    0.556232    3.571588
   79.941109  238.889719    0.551740    3.529453
   79.939695  238.886105    0.333824    1.479571
   79.938280  238.882491    0.433948    2.421605
   79.936866  238.878879    0.436087    2.441856
   79.935451  238.875267    0.384621    1.957821
   79.934036  238.871659    0.528247    3.309089
   79.932620  238.868055    0.513596    3.171389
   79.931204  238.864464    0.379505    1.910083
   79.929786  238.860883    0.470803    2.769077
   79.928367  238.857302    0.435748    2.439436
   79.926947  238.853719    0.344014    1.576590
   79.925524  238.850125    0.346958    1.604409
   79.924099  238.846519    0.443403    2.511827
   79.921247  238.839287    0.279264    0.967977
   79.919820  238.835660    0.476154    2.820315
   79.918394  238.832026    0.695313    4.882150
   79.916968  238.828391    0.414939    2.244710
   79.915542  238.824758    0.269092    0.872806
   79.914116  238.821136    0.298911    1.153446
   79.912691  238.817525    0.381604    1.931503
   79.911266  238.813918    0.635195    4.317244
   79.909842  238.810314    0.397409    2.080442
   79.908418  238.806710    0.439794    2.479302
   79.906995  238.803103    0.451000    2.584850
   79.905573  238.799498    0.365858    1.784015
   79.904152  238.795895    0.309943    1.258129
   79.902734  238.792292    0.385790    1.971783
   79.901319  238.788691    0.234356    0.547316
   79.899905  238.785093    0.314059    1.297241
   79.898492  238.781498    0.289404    1.065427
   79.897080  238.777908    0.299455    1.160114
   79.895668  238.774323    0.286508    1.038444
   79.894256  238.770744    0.186239    0.391407
   79.892844  238.767170    0.302190    1.186218
   79.891432  238.763606    0.476494    2.826088
   79.890019  238.760050    0.202762    0.426133
   79.888606  238.756498    0.329796    1.446307
   79.887191  238.752946    0.408310    2.185039
   79.885775  238.749392    0.342569    1.566716
   79.884358  238.745834    0.294473    1.114395
   79.882938  238.742271    0.337904    1.523085
   79.881517  238.738704    0.544170    3.463632
   79.880094  238.735125    0.326495    1.416019
   79.878667  238.731535    0.181681    0.381830
   79.877239  238.727943    0.304652    1.210794
   79.875811  238.724353    0.277788    0.958197
   79.874382  238.720774    0.418736    2.284274
   79.872953  238.717207    0.460696    2.679141
   79.871524  238.713643    0.414236    2.242202
   79.870096  238.710079    0.044273    0.093046
   79.868668  238.706510    0.131640    0.276660
   79.867240  238.702935    0.219729    0.461793
   79.865812  238.699357    0.268121    0.868161
   79.864386  238.695776    0.367753    1.805566
   79.862962  238.692186    0.456615    2.641651
   79.861539  238.688590    0.321586    1.371511
   79.860117  238.684994    0.409534    2.198998
   79.858696  238.681403    0.311262    1.274651
   79.857274  238.677824    0.192685    0.404956
   79.855853  238.674260    0.169634    0.356510
   79.854433  238.670701    0.221863    0.466277
   79.853013  238.667146    0.137853    0.289718
   79.851592  238.663593    0.169525    0.356282
   79.850173  238.660041    0.197736    0.415570
   79.848753  238.656489    0.172921    0.363418
   79.847335  238.652939    0.259763    0.791207
   79.845918  238.649388    0.134337    0.282329
   79.844502  238.645836    0.161549    0.339519
   79.843087  238.642285    0.147629    0.310264
   79.810333  238.560806    0.353665    1.677927
   79.808905  238.557265    0.313715    1.302237
   79.807479  238.553725    0.047431    0.099683
   79.806054  238.550182    0.374432    1.873690
   79.804630  238.546637    0.637126    4.345069
   79.803207  238.543096    0.285681    1.039039
   79.801786  238.539561    0.357842    1.718015
   79.800367  238.536038    0.401035    2.124484
   79.798949  238.532530    0.594806    3.947485
   79.797532  238.529027    0.241840    0.627140
   79.796116  238.525530    0.599861    3.995299
   79.794700  238.522036    0.378832    1.916141
   79.793284  238.518544    0.519868    3.243043
   79.791868  238.515052    0.162118    0.340714
   79.790452  238.511557    0.272204    0.913443
   79.789034  238.508052    0.266822    0.862950
   79.787616  238.504537    0.434006    2.435838
   79.786197  238.501019    0.373086    1.862871
   79.784778  238.497500    0.517224    3.218961
   79.783358  238.493983    0.194537    0.408848
   79.781939  238.490469    0.525624    3.298250
   79.780517  238.486956    0.485452    2.920462
   79.779094  238.483445    0.386426    1.989029
   79.777667  238.479937    0.252606    0.730267
