Converting ICESat/GLAS binary freeboard vector data to ASCII
Wed Feb 12 09:56:48 2014

write_fb:
  file_in:       laser3k0034002.dat
  laser_period:  3k
  track:         0034
  cycle:         002
  file_out:      laser3k0034002.txt
  non_zero_only:        0
  nan_replace:       -999

read_fb:
  Year:                  2008
  Month:                   10
  Day:                     11
  Hour:                    15
  Minute:                  11
  Doy:                    285
  record_count:          1527
  non_zero_count:        1520
  nan_count:                0

    Latitude   Longitude   Freeboard   Thickness
   74.178678  262.297112    0.469334    2.647002
   74.180177  262.295547    0.329476    1.331263
   74.183176  262.292433    0.464625    2.602548
   74.184675  262.290881    0.358162    1.600968
   74.187670  262.287788    0.395077    1.948141
   74.190660  262.284709    0.316771    1.211387
   74.195140  262.280069    0.366375    1.677871
   74.196632  262.278514    0.299589    1.049549
   74.198124  262.276959    0.279021    0.856000
   74.199616  262.275407    0.406417    2.054411
   74.204092  262.270765    0.412774    2.114058
   74.205586  262.269219    0.217661    0.457446
   74.208578  262.266128    0.383635    1.839784
   74.210075  262.264581    0.367066    1.683869
   74.211574  262.263035    0.364077    1.655695
   74.213074  262.261488    0.328902    1.324746
   74.214574  262.259939    0.302193    1.073434
   74.216075  262.258388    0.325151    1.289351
   74.217574  262.256833    0.380554    1.810501
   74.219073  262.255272    0.321301    1.253038
   74.220571  262.253710    0.406296    2.052560
   74.222069  262.252148    0.325188    1.289495
   74.223568  262.250589    0.332293    1.356284
   74.225067  262.249033    0.301132    1.063092
   74.226567  262.247479    0.428326    2.259597
   74.229564  262.244368    0.381678    1.820667
   74.231061  262.242811    0.294537    1.000853
   74.232557  262.241253    0.382446    1.827785
   74.234052  262.239693    0.381854    1.822172
   74.235547  262.238128    0.290116    0.959109
   74.238534  262.234991    0.408084    2.068774
   74.247507  262.225654    0.278063    0.845316
   74.250499  262.222560    0.201773    0.424055
   74.253491  262.219458    0.248580    0.567760
   74.254987  262.217900    0.294465    0.999362
   74.256483  262.216341    0.291870    0.974899
   74.257979  262.214779    0.294110    0.995919
   74.259475  262.213218    0.311267    1.157269
   74.260972  262.211657    0.282679    0.888285
   74.262470  262.210096    0.348609    1.508460
   74.263968  262.208535    0.365833    1.670445
   74.265465  262.206973    0.312266    1.166466
   74.266963  262.205412    0.288776    0.945436
   74.268461  262.203848    0.277195    0.836446
   74.269960  262.202283    0.355011    1.568437
   74.271461  262.200714    0.261204    0.685912
   74.272963  262.199139    0.278994    0.853215
   74.275965  262.195988    0.366807    1.679205
   74.277464  262.194415    0.243654    0.520605
   74.280452  262.191277    0.302179    1.071073
   74.281945  262.189709    0.327438    1.308642
   74.283437  262.188140    0.275180    0.816987
   74.284929  262.186569    0.197958    0.416037
   74.287914  262.183427    0.214336    0.450457
   74.289407  262.181857    0.205564    0.432023
   74.290901  262.180290    0.270588    0.773535
   74.292395  262.178722    0.220191    0.462762
   74.293888  262.177153    0.244014    0.523450
   74.295381  262.175581    0.272814    0.794328
   74.296872  262.174006    0.271516    0.782070
   74.302847  262.167710    0.298667    1.037285
   74.304344  262.166141    0.198729    0.417657
   74.305842  262.164573    0.257091    0.646067
   74.307340  262.163007    0.305280    1.099345
   74.308839  262.161443    0.303956    1.086844
   74.310338  262.159879    0.229059    0.481400
   74.311836  262.158315    0.290057    0.955987
   74.313335  262.156747    0.303992    1.087031
   74.314833  262.155177    0.256902    0.643983
   74.316330  262.153605    0.265776    0.727413
   74.317828  262.152031    0.279957    0.860771
   74.319326  262.150456    0.153337    0.322260
   74.320824  262.148879    0.254578    0.621925
   74.322322  262.147301    0.257951    0.653605
   74.323819  262.145722    0.307184    1.116703
   74.325315  262.144143    0.307823    1.122666
   74.326808  262.142564    0.282752    0.886767
   74.328301  262.140985    0.263067    0.701533
   74.329794  262.139407    0.214527    0.450859
   74.334278  262.134683    0.394753    1.940147
   74.335773  262.133110    0.319924    1.236154
   74.337267  262.131534    0.330057    1.331427
   74.338761  262.129957    0.217103    0.456274
   74.340255  262.128378    0.234839    0.493547
   74.344737  262.123632    0.382362    1.823231
   74.346231  262.122047    0.188180    0.395487
   74.349222  262.118883    0.169843    0.356950
   74.350718  262.117307    0.301488    1.062220
   74.352215  262.115731    0.260863    0.680001
   74.353711  262.114156    0.298293    1.032067
   74.355206  262.112582    0.151035    0.317421
   74.359687  262.107856    0.319817    1.234349
   74.361180  262.106280    0.274846    0.811244
   74.362675  262.104704    0.341421    1.437484
   74.364169  262.103127    0.220002    0.462366
   74.365665  262.101549    0.142919    0.300364
   74.368660  262.098388    0.269647    0.762088
   74.370159  262.096805    0.252663    0.602263
   74.373155  262.093639    0.174225    0.366159
   74.376148  262.090473    0.186800    0.392588
   74.379142  262.087300    0.250701    0.583507
   74.380640  262.085708    0.309680    1.138290
   74.382138  262.084115    0.256555    0.638481
   74.383635  262.082522    0.206598    0.434194
   74.386627  262.079339    0.202107    0.424757
   74.389616  262.076159    0.257060    0.642977
   74.395585  262.069810    0.260713    0.677150
   74.398571  262.066636    0.256580    0.638166
   74.400065  262.065049    0.279365    0.852459
   74.401559  262.063462    0.240553    0.505556
   74.406042  262.058698    0.262489    0.693505
   74.407537  262.057110    0.276052    0.821044
   74.409033  262.055522    0.290244    0.954505
   74.410530  262.053935    0.287500    0.928637
   74.412028  262.052348    0.173838    0.365345
   74.416524  262.047587    0.327502    1.304743
   74.418023  262.045999    0.285538    0.909930
   74.422510  262.041229    0.250458    0.579769
   74.431477  262.031660    0.200388    0.421144
   74.435957  262.026873    0.243881    0.517438
   74.437449  262.025277    0.125922    0.264643
   74.438939  262.023681    0.250157    0.576377
   74.440429  262.022084    0.180624    0.379608
   74.441919  262.020486    0.174540    0.366820
   74.443409  262.018887    0.166347    0.349602
   74.444901  262.017286    0.143939    0.302509
   74.446395  262.015682    0.235279    0.494473
   74.449385  262.012473    0.200489    0.421357
   74.450880  262.010868    0.196833    0.413672
   74.452375  262.009264    0.190929    0.401264
   74.453870  262.007661    0.152718    0.320959
   74.455366  262.006059    0.242624    0.509910
   74.456862  262.004462    0.184238    0.387203
   74.465841  261.994902    0.237052    0.498198
   74.468833  261.991705    0.203853    0.428427
   74.470329  261.990108    0.234230    0.492269
   74.473318  261.986912    0.154241    0.324159
   74.474813  261.985314    0.161490    0.339394
   74.476308  261.983716    0.263094    0.696827
   74.477802  261.982116    0.271671    0.777470
   74.479297  261.980516    0.215891    0.453726
   74.480792  261.978912    0.138240    0.290531
   74.483784  261.975696    0.170998    0.359376
   74.485279  261.974086    0.214606    0.451026
   74.486775  261.972475    0.197222    0.414490
   74.488269  261.970863    0.246855    0.543660
   74.489765  261.969251    0.227668    0.478478
   74.491260  261.967638    0.206906    0.434842
   74.492756  261.966026    0.230927    0.485326
   74.494254  261.964415    0.200458    0.421292
   74.495751  261.962803    0.267153    0.734367
   74.497248  261.961190    0.294438    0.991001
   74.498745  261.959577    0.191751    0.402992
   74.500240  261.957962    0.279081    0.846430
   74.501736  261.956347    0.314454    1.179153
   74.504726  261.953118    0.274167    0.800063
   74.506222  261.951505    0.261366    0.679597
   74.507719  261.949892    0.219004    0.460268
   74.510711  261.946667    0.215139    0.452145
   74.512208  261.945052    0.180487    0.379319
   74.513704  261.943438    0.171629    0.360703
   74.515200  261.941826    0.211809    0.445147
   74.516695  261.940216    0.262354    0.688559
   74.518189  261.938609    0.305741    1.096667
   74.519683  261.937004    0.202314    0.425193
   74.521177  261.935399    0.227092    0.477267
   74.524167  261.932187    0.214869    0.451578
   74.525662  261.930580    0.166884    0.350730
   74.527157  261.928973    0.199974    0.420273
   74.528650  261.927368    0.228251    0.479701
   74.530143  261.925763    0.252124    0.591898
   74.531636  261.924158    0.166356    0.349621
   74.533128  261.922552    0.266893    0.730737
   74.534621  261.920945    0.192498    0.404562
   74.537607  261.917727    0.232453    0.488532
   74.539100  261.916115    0.243093    0.510896
   74.540594  261.914500    0.254411    0.613080
   74.542087  261.912883    0.286779    0.917530
   74.543580  261.911264    0.167629    0.352297
   74.545074  261.909642    0.199609    0.419507
   74.546567  261.908016    0.177344    0.372714
   74.549555  261.904755    0.290276    0.950193
   74.551049  261.903124    0.286533    0.914934
   74.554038  261.899869    0.248945    0.561234
   74.555533  261.898245    0.304974    1.088274
   74.557028  261.896622    0.204387    0.429549
   74.560017  261.893379    0.268339    0.743495
   74.561511  261.891760    0.281454    0.866823
   74.563005  261.890141    0.315702    1.188955
   74.564499  261.888525    0.308806    1.124036
   74.565991  261.886910    0.480769    2.741710
   74.567483  261.885295    0.233345    0.490408
   74.570469  261.882066    0.334580    1.366312
   74.571962  261.880451    0.151173    0.317711
   74.573456  261.878836    0.134311    0.282273
   74.574950  261.877221    0.234045    0.491878
   74.576443  261.875607    0.184581    0.387922
   74.577937  261.873995    0.227038    0.477152
   74.580923  261.870769    0.255922    0.626023
   74.582417  261.869154    0.187795    0.394678
   74.583912  261.867536    0.191474    0.402410
   74.585407  261.865917    0.154851    0.325441
   74.586902  261.864296    0.304103    1.079093
   74.588397  261.862672    0.355847    1.565819
   74.589892  261.861044    0.341073    1.426786
   74.594374  261.856158    0.263606    0.697886
   74.595867  261.854532    0.215899    0.453744
   74.597358  261.852905    0.144235    0.303131
   74.598850  261.851278    0.206335    0.433642
   74.600342  261.849649    0.197691    0.415477
   74.601834  261.848019    0.201846    0.424209
   74.603327  261.846388    0.198576    0.417335
   74.607801  261.841503    0.409082    2.066005
   74.609292  261.839877    0.242084    0.508775
   74.610783  261.838250    0.269027    0.748372
   74.612275  261.836618    0.177005    0.372002
   74.618256  261.830080    0.239455    0.503249
   74.619752  261.828455    0.104872    0.220404
   74.622745  261.825210    0.061026    0.128254
   74.624240  261.823589    0.263458    0.695563
   74.627230  261.820346    0.194600    0.408980
   74.628723  261.818723    0.215173    0.452217
   74.630215  261.817095    0.326789    1.291151
   74.631706  261.815463    0.380409    1.795519
   74.633196  261.813830    0.374130    1.736413
   74.634686  261.812198    0.495951    2.882374
   74.636177  261.810571    0.230842    0.485148
   74.637668  261.808949    0.094157    0.197885
   74.639160  261.807327    0.214955    0.451759
   74.640651  261.805704    0.241378    0.507291
   74.642142  261.804073    0.102781    0.216008
   74.646615  261.799151    0.204823    0.430465
   74.648108  261.797509    0.184759    0.388298
   74.649602  261.795869    0.128891    0.270884
   74.654088  261.790948    0.160160    0.336600
   74.657075  261.787665    0.177824    0.373722
   74.660064  261.784385    0.122539    0.257532
   74.667540  261.776179    0.000000    0.000000
   74.672022  261.771242    0.097805    0.205551
   74.673514  261.769603    0.072432    0.152227
   74.675007  261.767968    0.136483    0.286839
   74.676499  261.766335    0.148340    0.311757
   74.677993  261.764708    0.095024    0.199707
   74.679488  261.763086    0.148750    0.312620
   74.680983  261.761465    0.128008    0.269028
   74.683972  261.758213    0.123999    0.260601
   74.688449  261.753290    0.095106    0.199879
   74.689941  261.751641    0.119583    0.251321
   74.691433  261.749989    0.129398    0.271948
   74.692926  261.748335    0.111526    0.234387
   74.694418  261.746682    0.129831    0.272859
   74.695911  261.745033    0.049340    0.103695
   74.697404  261.743389    0.144902    0.304532
   74.698898  261.741747    0.162758    0.342059
   74.701884  261.738461    0.096318    0.202426
   76.877332  258.959357    0.517788    3.032809
   76.878809  258.957174    0.432022    2.225955
   76.880288  258.954984    0.514542    3.002228
   76.881768  258.952787    0.329353    1.260060
   76.883250  258.950587    0.410357    2.022073
   76.884731  258.948384    0.434010    2.244558
   76.886211  258.946180    0.459614    2.485390
   76.887690  258.943974    0.336813    1.330138
   76.889168  258.941770    0.363332    1.579586
   76.890646  258.939569    0.415765    2.072810
   76.892124  258.937376    0.390262    1.832874
   76.893603  258.935193    0.431549    2.221248
   76.895081  258.933012    0.359355    1.542066
   76.896559  258.930830    0.277493    0.771935
   76.898034  258.928642    0.493850    2.807251
   76.899508  258.926447    0.434368    2.247658
   76.900981  258.924249    0.315140    1.126014
   76.902451  258.922050    0.281869    0.812995
   76.903920  258.919852    0.536232    3.205848
   76.905387  258.917654    0.352596    1.478296
   76.906853  258.915457    0.446124    2.358123
   76.908319  258.913262    0.400107    1.925204
   76.911252  258.908878    0.054509    0.114559
   76.914187  258.904502    0.771012    5.414325
   76.915654  258.902318    0.542385    3.263528
   76.917120  258.900137    0.378305    1.719948
   76.918587  258.897954    1.134843    8.836932
   76.920055  258.895768    0.495605    2.823378
   76.921524  258.893572    1.132040    8.810512
   76.922997  258.891366    1.480998   12.093251
   76.924470  258.889156    1.110512    8.607940
   76.925945  258.886943    0.441004    2.309623
   76.927422  258.884730    0.300269    0.985654
   76.930378  258.880305    0.049105    0.103200
   76.931856  258.878095    0.000000    0.000000
   76.933334  258.875889    0.101971    0.214307
   76.934810  258.873689    0.121025    0.254352
   76.936286  258.871490    0.024926    0.052385
   76.937762  258.869290    0.027192    0.057147
   76.939238  258.867089    0.217961    0.458077
   76.940715  258.864884    0.172480    0.362491
   76.942192  258.862677    0.479403    2.670573
   76.943668  258.860467    0.296141    0.946537
   76.945143  258.858251    0.276574    0.762437
   76.946617  258.856029    0.348052    1.434832
   76.948090  258.853806    0.286636    0.857047
   76.949563  258.851582    0.269017    0.691274
   76.951035  258.849364    0.334696    1.309113
   76.952507  258.847150    0.376806    1.705225
   76.953978  258.844938    0.517105    3.025045
   76.958391  258.838310    0.311494    1.090712
   76.959861  258.836102    0.386365    1.795020
   76.961330  258.833894    0.538960    3.230512
   76.962798  258.831686    0.459635    2.484247
   76.964264  258.829477    0.488551    2.756244
   76.965730  258.827268    0.383032    1.763570
   76.967196  258.825061    0.614837    3.944212
   76.968663  258.822856    0.408328    2.001483
   76.970131  258.820653    0.431766    2.221945
   76.971600  258.818451    0.257565    0.583156
   76.973070  258.816247    0.145860    0.306545
   76.976014  258.811832    0.027253    0.057277
   76.980436  258.805191    0.219447    0.461199
   76.981910  258.802973    0.269689    0.697032
   76.983385  258.800752    0.190601    0.400576
   76.984861  258.798528    0.256615    0.573991
   76.986337  258.796299    0.354672    1.496416
   76.987815  258.794064    0.471657    2.596911
   76.989293  258.791828    0.455732    2.447072
   76.990772  258.789593    0.446399    2.359250
   76.992250  258.787363    0.742022    5.140245
   76.993729  258.785139    0.489376    2.763494
   76.995207  258.782916    0.439163    2.291102
   76.996684  258.780693    0.484615    2.718652
   76.998159  258.778468    0.394573    1.871574
   76.999632  258.776239    0.376969    1.705941
   77.001103  258.774008    0.380152    1.735864
   77.002573  258.771777    0.456348    2.452635
   77.004042  258.769542    0.330548    1.269166
   77.005510  258.767304    0.926221    6.872843
   77.006978  258.765068    0.548800    3.322291
   77.008444  258.762835    0.499012    2.853899
   77.009909  258.760610    0.373939    1.677273
   77.011373  258.758394    0.341195    1.369214
   77.012837  258.756181    0.484746    2.719622
   77.014301  258.753969    0.321637    1.185181
   77.015766  258.751758    0.492289    2.790536
   77.017231  258.749544    0.392418    1.850994
   77.018697  258.747328    0.302744    1.007380
   77.020164  258.745108    0.279566    0.789312
   77.021632  258.742880    0.411260    2.028180
   77.023102  258.740642    0.222088    0.466750
   77.024574  258.738402    0.239722    0.503811
   77.026046  258.736160    0.287043    0.859559
   77.027520  258.733923    0.215728    0.453383
   77.028994  258.731691    0.267449    0.675185
   77.030469  258.729459    0.676235    4.520749
   77.031946  258.727228    0.336503    1.324751
   77.033423  258.724994    0.300743    0.988328
   77.034901  258.722759    0.333395    1.295475
   77.036379  258.720522    0.375679    1.693233
   77.037856  258.718284    0.372919    1.667245
   77.039333  258.716047    0.706703    4.807235
   77.040809  258.713810    0.385995    1.790209
   77.042284  258.711572    0.435988    2.260487
   77.043758  258.709331    0.462008    2.505237
   77.045231  258.707086    0.440247    2.300502
   77.046704  258.704837    0.497536    2.839416
   77.048175  258.702586    0.470686    2.586814
   77.049647  258.700335    0.461699    2.502249
   77.051118  258.698085    0.291080    0.897151
   77.052588  258.695838    0.884295    6.477700
   77.054059  258.693592    0.555356    3.383243
   77.055528  258.691347    0.307578    1.052285
   77.056996  258.689105    0.382964    1.761446
   77.058463  258.686865    0.366752    1.608912
   77.059929  258.684626    0.315253    1.124421
   77.061395  258.682385    0.760145    5.309648
   77.062862  258.680140    0.931433    6.920993
   77.064329  258.677891    0.279160    0.784818
   77.065797  258.675641    0.331078    1.273205
   77.067264  258.673392    0.416759    2.079207
   77.068731  258.671148    0.313521    1.107995
   77.070198  258.668910    0.343599    1.390924
   77.071665  258.666674    0.422240    2.130708
   77.073133  258.664439    0.556352    3.392320
   77.074602  258.662205    0.306595    1.042748
   77.076073  258.659972    0.354749    1.495727
   77.077546  258.657737    0.314280    1.114995
   77.079019  258.655500    0.404901    1.967481
   77.080493  258.653257    0.622327    4.012859
   77.081967  258.651008    0.435199    2.252453
   77.083442  258.648756    0.415594    2.068008
   77.084918  258.646502    0.506496    2.923128
   77.086392  258.644246    0.472189    2.600364
   77.087865  258.641988    0.336157    1.320646
   77.089338  258.639730    0.464824    2.531034
   77.090811  258.637472    0.437534    2.274292
   77.092286  258.635217    0.534487    3.186332
   77.093763  258.632963    0.484573    2.716757
   77.095239  258.630710    0.668740    4.449254
   77.096715  258.628455    0.435398    2.254107
   77.098190  258.626198    0.319342    1.162305
   77.099663  258.623937    0.441722    2.313548
   77.101135  258.621674    0.395370    1.877483
   77.102606  258.619410    0.515040    3.003233
   77.104074  258.617143    0.484185    2.712947
   77.105540  258.614875    0.545691    3.291536
   77.107006  258.612607    0.557256    3.400311
   77.108471  258.610342    0.286815    0.856160
   77.109937  258.608084    0.059014    0.124027
   77.111406  258.605833    0.071342    0.149935
   77.112874  258.603585    0.055734    0.117133
   77.114343  258.601336    0.440193    2.298951
   77.115811  258.599086    0.525949    3.105667
   77.117279  258.596832    0.469263    2.572371
   77.118748  258.594575    0.432370    2.225290
   77.120215  258.592316    0.584259    3.654134
   77.121683  258.590050    0.720548    4.936236
   77.123150  258.587778    0.551734    3.348119
   77.124618  258.585504    0.436640    2.265367
   77.126087  258.583231    0.424019    2.146612
   77.127557  258.580961    0.400635    1.926612
   77.129030  258.578696    0.690778    4.656064
   77.130503  258.576434    0.380595    1.738038
   77.131977  258.574173    0.555720    3.385481
   77.133449  258.571915    0.647309    4.247062
   77.134921  258.569661    0.461397    2.498103
   77.136393  258.567405    0.630645    4.090258
   77.137865  258.565148    0.528955    3.133596
   77.139338  258.562886    0.603775    3.837431
   77.140812  258.560616    0.566478    3.486542
   77.142286  258.558344    0.630495    4.088746
   77.143760  258.556070    0.534939    3.189801
   77.145233  258.553796    0.432053    2.221890
   77.146706  258.551521    0.044613    0.093761
   77.151121  258.544703    0.423199    2.138504
   77.152593  258.542438    0.739382    5.112926
   77.154065  258.540173    0.558918    3.415213
   77.155537  258.537907    0.526304    3.108384
   77.157008  258.535636    0.549347    3.325132
   77.158479  258.533361    0.475219    2.627764
   77.159950  258.531083    0.574842    3.564931
   77.161420  258.528803    0.422171    2.128680
   77.162889  258.526519    0.337673    1.333750
   77.164357  258.524233    0.584227    3.653150
   77.165825  258.521946    0.649332    4.265591
   77.167293  258.519660    0.851283    6.165387
   77.168760  258.517379    0.622239    4.010668
   77.170228  258.515103    0.665997    4.422299
   77.171695  258.512829    0.603731    3.836515
   77.173161  258.510557    0.939072    6.991158
   77.174628  258.508287    0.475591    2.631008
   77.176094  258.506019    0.637387    4.153056
   77.177560  258.503749    0.134311    0.282274
   77.179026  258.501477    0.078927    0.165877
   77.181960  258.496914    0.344183    1.394699
   77.183427  258.494627    0.548100    3.312992
   77.186366  258.490045    0.819433    5.865470
   77.187837  258.487751    0.313575    1.106671
   77.189309  258.485457    0.162149    0.340779
   77.190782  258.483165    0.172963    0.363506
   77.192256  258.480878    0.762849    5.333073
   77.193730  258.478596    0.655094    4.319364
   77.195204  258.476316    0.179916    0.378119
   77.198150  258.471755    0.420820    2.115398
   77.199622  258.469472    0.409342    2.007396
   77.201092  258.467186    0.631869    4.100760
   77.202562  258.464899    0.220942    0.464340
   77.204031  258.462605    0.527193    3.116001
   77.205498  258.460306    0.273148    0.726085
   77.208432  258.455707    0.514942    3.000683
   77.211362  258.451123    0.361164    1.553999
   77.212827  258.448837    0.609705    3.892081
   77.214291  258.446551    0.676387    4.519356
   77.215756  258.444268    0.579098    3.604102
   77.217222  258.441985    0.663608    4.399102
   77.218688  258.439702    0.308301    1.056583
   77.220154  258.437416    0.446726    2.358766
   77.221620  258.435122    0.741083    5.127866
   77.223086  258.432821    0.744459    5.159603
   77.226019  258.428216    0.151330    0.318041
   77.227488  258.425917    0.174873    0.367520
   77.228958  258.423623    0.265921    0.657739
   77.230429  258.421330    0.337594    1.331968
   77.233373  258.416749    0.414210    2.052682
   77.234844  258.414460    0.766508    5.366843
   77.236315  258.412170    0.579131    3.604106
   77.237787  258.409879    0.704445    4.782950
   77.239258  258.407582    0.634339    4.123417
   77.240729  258.405279    0.509852    2.952305
   77.242200  258.402975    0.540258    3.238320
   77.243670  258.400669    0.760199    5.307353
   77.245140  258.398365    0.299340    0.971877
   77.246609  258.396063    0.634541    4.125210
   77.248078  258.393761    0.538924    3.225686
   77.249547  258.391459    0.527989    3.122793
   77.251018  258.389158    0.511253    2.965330
   77.252489  258.386856    0.646248    4.235247
   77.253961  258.384553    0.652777    4.296645
   77.255432  258.382247    0.546144    3.293495
   77.256902  258.379936    1.168647    9.149568
   77.258370  258.377618    0.129336    0.271818
   77.261305  258.372977    0.115099    0.241898
   77.262771  258.370657    0.000000    0.000000
   77.264237  258.368339    0.182698    0.383966
   77.265704  258.366021    0.124694    0.262061
   77.267170  258.363704    0.107577    0.226089
   77.268637  258.361388    0.144701    0.304109
   77.270104  258.359073    0.177691    0.373443
   77.271571  258.356760    0.077626    0.163143
   77.273038  258.354446    0.119766    0.251706
   77.274506  258.352134    0.160596    0.337516
   77.275974  258.349822    0.666917    4.429333
   77.277442  258.347510    0.623093    4.017050
   77.278911  258.345199    0.513606    2.987042
   77.280380  258.342889    0.594027    3.743570
   77.281850  258.340580    0.764192    5.344349
   77.283320  258.338271    0.655440    4.321259
   77.284791  258.335960    0.537451    3.211275
   77.286261  258.333646    0.762354    5.326988
   77.287731  258.331328    0.555522    3.381229
   77.289201  258.329009    0.574118    3.556143
   77.290672  258.326690    0.609648    3.890363
   77.292143  258.324374    0.692520    4.669952
   77.293615  258.322061    0.823098    5.898317
   77.295087  258.319747    0.472311    2.598327
   77.296560  258.317432    1.016280    7.715605
   77.298033  258.315110    0.514463    2.994818
   77.299505  258.312783    0.169425    0.356072
   77.302449  258.308120    0.359241    1.534529
   77.303918  258.305787    0.423728    2.141152
   77.305386  258.303452    0.194101    0.407932
   77.306853  258.301117    0.180909    0.380206
   77.308320  258.298783    0.132511    0.278491
   77.309787  258.296451    0.171392    0.360204
   77.312722  258.291794    0.604239    3.839149
   77.314190  258.289468    0.487070    2.736878
   77.315656  258.287145    0.577622    3.588712
   77.317122  258.284823    0.619125    3.979126
   77.318587  258.282501    0.504391    2.899766
   77.320052  258.280179    0.614016    3.931020
   77.321516  258.277854    0.450270    2.390579
   77.322980  258.275525    0.246247    0.517524
   77.324444  258.273195    0.208844    0.438916
   77.325908  258.270862    0.190251    0.399841
   77.327373  258.268527    0.195963    0.411844
   77.328837  258.266189    0.224718    0.472276
   77.330302  258.263851    0.197959    0.416040
   77.331767  258.261514    0.178900    0.375984
   77.333232  258.259181    0.207859    0.436846
   77.334697  258.256852    0.156680    0.329285
   77.336162  258.254525    0.114620    0.240891
   77.337628  258.252198    0.165015    0.346802
   77.339095  258.249870    0.139604    0.293398
   77.340563  258.247541    0.135765    0.285330
   77.343502  258.242878    0.120642    0.253546
   77.344972  258.240544    0.166515    0.349954
   77.346442  258.238208    0.206720    0.434452
   77.347912  258.235870    0.195849    0.411604
   77.349382  258.233530    0.137838    0.289686
   77.350853  258.231190    0.184556    0.387870
   77.352324  258.228848    0.084423    0.177428
   77.353795  258.226505    0.185346    0.389532
   77.355265  258.224159    0.093848    0.197234
   77.356736  258.221807    0.152219    0.319909
   77.358207  258.219450    0.191631    0.402739
   77.359678  258.217091    0.163420    0.343450
   77.361148  258.214732    0.108984    0.229046
   77.364088  258.210024    0.185237    0.389303
   77.365558  258.207674    0.066420    0.139591
   79.981822  252.911359    0.761681    5.306873
   79.983241  252.907688    0.529148    3.119361
   79.984660  252.904016    0.611455    3.893661
   79.986080  252.900343    0.696018    4.689185
   79.987498  252.896671    0.640240    4.164463
   79.988915  252.893002    0.481295    2.669229
   79.990332  252.889333    0.600748    3.792969
   79.991749  252.885664    0.727919    4.989313
   79.993166  252.881997    0.635360    4.118589
   79.994584  252.878331    0.539637    3.218099
   79.996002  252.874664    0.650717    4.263069
   79.997419  252.870994    0.591109    3.702323
   79.998836  252.867318    0.584076    3.636173
   80.000253  252.863636    0.647813    4.235772
   80.001669  252.859954    0.492291    2.772727
   80.003085  252.856275    0.292682    0.894948
   80.004502  252.852608    0.226178    0.475345
   80.005918  252.848953    0.424348    2.133591
   80.007335  252.845300    0.891093    6.524422
   80.008753  252.841646    0.582064    3.617285
   80.010169  252.837984    0.975648    7.319871
   80.011586  252.834311    0.793917    5.610276
   80.014419  252.826955    0.799311    5.661029
   80.015836  252.823272    0.726599    4.977013
   80.017253  252.819587    0.735040    5.056428
   80.018669  252.815902    0.557144    3.382907
   80.020086  252.812219    0.209866    0.441064
   80.021502  252.808543    0.203991    0.428717
   80.022919  252.804875    0.203525    0.427737
   80.024335  252.801208    0.375121    1.670581
   80.025751  252.797540    0.689528    4.628320
   80.027167  252.793867    0.827387    5.925217
   80.028583  252.790187    0.666541    4.412090
   80.029999  252.786505    1.163739    9.089409
   80.031415  252.782820    0.132406    0.278270
   80.032830  252.779135    0.587485    3.668411
   80.099371  252.604742    0.741523    5.117820
   80.100788  252.600997    0.604327    3.827185
   80.102205  252.597256    0.718413    4.900431
   80.103622  252.593517    0.656958    4.322310
   80.105038  252.589778    0.670583    4.450498
   80.106454  252.586038    0.253550    0.532873
   80.107869  252.582299    0.279462    0.771099
   80.109283  252.578560    0.879426    6.415171
   80.110697  252.574821    0.875722    6.380335
   80.112113  252.571084    0.588904    3.682147
   80.113528  252.567347    0.981403    7.374517
   80.114944  252.563611    0.849929    6.137708
   80.116360  252.559875    0.677312    4.513847
   80.117776  252.556138    0.939701    6.982234
   80.119191  252.552401    1.051139    8.030579
   80.120606  252.548663    1.351601   10.857131
   80.122021  252.544926    0.720071    4.916126
   80.123436  252.541189    0.861563    6.247189
   80.124851  252.537454    0.786046    5.536788
   80.126266  252.533717    0.941447    6.998704
   80.127680  252.529977    0.733072    5.038451
   80.129094  252.526231    0.837386    6.019776
   80.130508  252.522478    0.704997    4.774354
   80.131921  252.518722    0.789545    5.569731
   80.133335  252.514965    0.847021    6.110434
   80.134749  252.511210    1.071550    8.222668
   80.136164  252.507458    0.892704    6.540209
   80.137578  252.503705    0.699616    4.723766
   80.140408  252.496183    0.839915    6.043625
   80.141823  252.492411    0.986258    7.420339
   80.143238  252.488634    0.818551    5.842667
   80.144653  252.484855    0.798460    5.653677
   80.146070  252.481074    0.955787    7.133713
   80.147488  252.477293    0.899470    6.603928
   80.148905  252.473511    0.903684    6.643587
   80.150323  252.469729    0.890246    6.517176
   80.151740  252.465948    0.986195    7.419808
   80.153156  252.462170    0.739125    5.095552
   80.154572  252.458392    0.431319    2.199924
   80.155987  252.454616    1.206449    9.491842
   80.157403  252.450842    0.711363    4.834410
   80.158819  252.447069    0.817387    5.831825
   80.160234  252.443297    0.872968    6.354702
   80.161650  252.439524    1.223086    9.648387
   80.163066  252.435748    0.976940    7.332818
   80.164482  252.431967    0.846929    6.109773
   80.165898  252.428187    1.085852    8.357411
   80.167314  252.424408    0.978237    7.345053
   80.168728  252.420632    0.755421    5.248956
   80.170139  252.416861    0.793556    5.607716
   80.171551  252.413091    1.046384    7.986161
   80.172962  252.409323    0.740327    5.106985
   80.174373  252.405556    0.984972    7.408460
   80.175786  252.401790    0.813352    5.793980
   80.177198  252.398022    0.727464    4.986013
   80.178610  252.394253    0.817194    5.830142
   80.180021  252.390478    0.772446    5.409192
   80.181431  252.386697    0.766360    5.351951
   80.182841  252.382913    0.726992    4.981606
   80.184251  252.379126    0.577782    3.577946
   80.185660  252.375333    0.440726    2.288628
   80.187070  252.371537    0.801167    5.679422
   80.188480  252.367739    1.162888    9.082268
   80.189890  252.363941    0.947499    7.056040
   80.191301  252.360148    0.968616    7.254706
   80.192713  252.356358    0.996943    7.521192
   80.194124  252.352568    0.945874    7.040783
   80.195537  252.348776    0.890907    6.523698
   80.196949  252.344978    0.807621    5.740210
   80.198361  252.341174    0.756477    5.259093
   80.199774  252.337365    0.427669    2.165894
   80.201187  252.333551    0.738722    5.092081
   80.202602  252.329729    0.674348    4.486502
   80.204019  252.325900    0.658284    4.335395
   80.205436  252.322069    1.230267    9.716244
   80.206853  252.318239    0.920628    6.803376
   80.208271  252.314414    0.784129    5.519288
   80.209687  252.310596    0.734615    5.053507
   80.211103  252.306781    1.157662    9.033260
   80.212519  252.302968    1.024731    7.782747
   80.215346  252.295345    0.660714    4.358335
   80.216759  252.291536    0.632825    4.095983
   80.218171  252.287728    0.698354    4.712447
   80.219584  252.283923    0.956577    7.141645
   80.220998  252.280119    0.735059    5.057762
   80.222412  252.276316    0.806789    5.732556
   80.223824  252.272514    0.500844    2.854436
   80.225234  252.268712    0.256864    0.559250
   80.226642  252.264910    0.759534    5.288040
   80.228048  252.261107    0.670324    4.448825
   80.229454  252.257301    0.456201    2.434507
   80.230861  252.253490    0.327583    1.224566
   80.232268  252.249674    0.204792    0.430399
   80.233675  252.245855    0.691219    4.645431
   80.235083  252.242033    0.611912    3.899376
   80.236492  252.238209    0.595106    3.741280
   80.237902  252.234382    0.629845    4.068093
   80.239312  252.230552    0.490093    2.753410
   80.240723  252.226720    0.609989    3.881318
   80.242134  252.222885    1.189531    9.333281
   80.243546  252.219048    0.714398    4.863551
   80.244958  252.215207    0.503706    2.881511
   80.246371  252.211364    0.596110    3.750799
   80.247786  252.207517    0.657432    4.327685
   80.249204  252.203667    0.371504    1.637874
   80.250621  252.199814    0.707188    4.795779
   80.252039  252.195961    0.360245    1.531973
   80.253456  252.192107    0.493726    2.787688
   80.254872  252.188253    0.801568    5.683675
   80.256287  252.184401    0.750494    5.203207
   80.259114  252.176704    0.681753    4.556563
   80.260525  252.172863    0.714579    4.865378
   80.261936  252.169023    0.475757    2.618704
   80.263346  252.165182    0.665205    4.400920
   80.268993  252.149765    0.673430    4.478337
   80.270403  252.145921    0.679408    4.534582
   80.271812  252.142088    0.548207    3.300335
   80.273221  252.138257    0.655766    4.312193
   80.274629  252.134426    0.761796    5.309665
   80.276038  252.130589    0.679564    4.536093
   80.277448  252.126746    0.647414    4.233655
   80.285897  252.103578    0.540701    3.229825
   80.287305  252.099709    0.855405    6.190362
   80.288715  252.095843    0.853108    6.168772
   80.290125  252.091976    0.444835    2.328019
   80.291536  252.088109    0.757552    5.269860
   80.298597  252.068754    0.546144    3.281123
   80.300007  252.064864    0.640509    4.168864
   80.301418  252.060970    0.515032    2.988462
   80.312724  252.029869    0.402049    1.925681
   80.314137  252.025991    0.565935    3.467421
   80.336633  251.963888    0.583482    3.632657
   80.338041  251.959983    0.498645    2.834576
   80.339450  251.956070    0.467428    2.540921
   80.340860  251.952151    0.538311    3.207757
   80.342271  251.948228    0.640657    4.170571
   80.343681  251.944301    0.784486    5.523628
   80.345092  251.940371    0.680368    4.544167
   80.346503  251.936440    0.484203    2.698784
   80.347915  251.932508    0.765038    5.340701
   80.349328  251.928579    1.051137    8.032143
   80.350742  251.924654    1.074439    8.251361
   80.352156  251.920729    0.922728    6.824175
   80.353569  251.916805    0.615751    3.936352
   80.354981  251.912879    0.532775    3.155772
   80.356391  251.908953    0.672118    4.466634
   80.357800  251.905026    1.280418   10.189127
   80.360616  251.897171    1.137319    8.842963
   80.362025  251.893243    0.801221    5.681187
   80.363433  251.889317    0.833120    5.981283
   80.364840  251.885392    0.527508    3.106290
   80.366249  251.881475    0.391790    1.829558
   80.367657  251.877563    0.515703    2.995262
   80.370472  251.869742    0.714472    4.865162
   80.371877  251.865825    0.734286    5.051577
   80.373281  251.861903    0.766402    5.353710
   80.374684  251.857978    0.235207    0.494322
   80.376087  251.854050    0.623192    4.006507
   80.377491  251.850120    0.780555    5.486882
   80.378897  251.846188    0.592098    3.714008
   80.380303  251.842255    0.019184    0.040318
   80.381709  251.838319    0.248232    0.521694
   80.383116  251.834382    0.622488    3.999929
   80.385930  251.826503    0.854122    6.179006
   80.387338  251.822560    0.538462    3.209504
   80.388746  251.818615    0.842010    6.065091
   80.390155  251.814665    0.808173    5.746780
   80.391564  251.810714    0.756827    5.263761
   80.394383  251.802801    0.936782    6.956679
   80.395792  251.798841    0.636120    4.128258
   80.397200  251.794877    0.657140    4.326020
   80.398609  251.790912    0.704157    4.768334
   80.400018  251.786942    0.489439    2.748416
   80.401426  251.782970    0.490725    2.760519
   80.402834  251.778996    0.799960    5.669610
   80.404243  251.775023    0.691330    4.647702
   80.405653  251.771054    0.724893    4.963453
   80.407064  251.767089    0.496679    2.816580
   80.408475  251.763125    0.779333    5.475605
   80.409886  251.759159    0.827095    5.924930
   80.411296  251.755185    0.841058    6.056298
   80.412705  251.751205    0.810686    5.770590
   80.414113  251.747224    0.746959    5.171094
   80.415521  251.743245    0.779707    5.479180
   80.416927  251.739274    1.077995    8.285283
   80.418333  251.735311    0.913058    6.733679
   80.419738  251.731352    1.006475    7.612488
   80.421143  251.727395    1.022091    7.759404
   80.422547  251.723437    0.863903    6.271293
   80.423952  251.719479    0.646927    4.230136
   80.425358  251.715519    0.547187    3.291851
   80.426763  251.711558    0.800637    5.676157
   80.428167  251.707592    0.378147    1.701659
   80.429572  251.703623    0.659558    4.348995
   80.430976  251.699650    0.498373    2.832689
   80.432381  251.695674    0.492431    2.776797
   80.433785  251.691693    0.775811    5.442658
   80.435190  251.687708    0.685342    4.591595
   80.436594  251.683721    0.733308    5.042836
   80.438000  251.679733    0.787561    5.553229
   80.439405  251.675745    1.010474    7.650256
   80.440812  251.671759    0.709618    4.820008
   80.442218  251.667774    1.039461    7.922966
   80.443625  251.663789    0.905743    6.665043
   80.445032  251.659809    0.550417    3.322381
   80.446439  251.655831    0.917694    6.777496
   80.447845  251.651851    1.029617    7.830401
   80.449252  251.647867    0.445519    2.335608
   80.450659  251.643871    0.508770    2.930641
   80.452065  251.639863    1.009554    7.641691
   81.408675  122.345625    0.394963    2.898160
   81.407308  122.340740    0.534176    4.207975
   81.405942  122.335856    0.374423    2.705315
   81.404576  122.330973    0.349632    2.472291
   81.403212  122.326090    0.297738    1.984294
   81.401848  122.321206    0.399474    2.941549
   81.400484  122.316320    0.207702    1.137680
   81.397752  122.306532    0.397954    2.927827
   81.396382  122.301627    0.390143    2.854534
   81.395011  122.296721    0.187185    0.945436
   81.393640  122.291814    0.211119    1.170784
   81.392270  122.286916    0.368264    2.649287
   81.390900  122.282023    0.470528    3.611510
   81.389530  122.277130    0.344821    2.429138
   81.388159  122.272234    0.317117    2.168706
   81.386786  122.267328    0.403182    2.978542
   81.385412  122.262412    0.382224    2.781577
   81.384036  122.257494    0.337315    2.359288
   81.382660  122.252576    0.300684    2.014883
   81.381284  122.247662    0.383089    2.790285
   81.379907  122.242754    0.359428    2.567894
   81.377152  122.232944    0.233160    1.380432
   81.375775  122.228036    0.359751    2.571511
   81.374398  122.223128    0.291294    1.927702
   81.373022  122.218228    0.295932    1.971532
   81.371646  122.213340    0.143960    0.542069
   81.368900  122.203647    0.321094    2.208808
   81.367528  122.198823    0.398902    2.940964
   81.366158  122.194007    0.255443    1.591588
   81.363422  122.184360    0.250297    1.543559
   81.362055  122.179535    0.148814    0.589071
   81.360690  122.174713    0.229496    1.348260
   81.359325  122.169898    0.347739    2.460803
   81.357961  122.165088    0.290862    1.925935
   81.356597  122.160277    0.304735    2.056636
   81.355233  122.155464    0.287518    1.894855
   81.353867  122.150645    0.303613    2.046457
   81.352500  122.145820    0.251073    1.552385
   81.351133  122.140988    0.210690    1.172683
   81.348393  122.131304    0.354436    2.525334
   81.347021  122.126450    0.309346    2.101348
   81.345648  122.121589    0.546565    4.333135
   81.344274  122.116722    0.272361    1.753801
   81.342900  122.111846    0.323023    2.230584
   81.341524  122.106963    0.216328    1.227067
   81.340148  122.102076    0.305319    2.064429
   81.338771  122.097187    0.311361    2.121455
   81.337392  122.092297    0.249038    1.535362
   81.334630  122.082526    0.291211    1.932479
   81.333249  122.077650    0.114174    0.267228
   81.330490  122.067950    0.222678    1.288346
   81.329112  122.063117    0.243046    1.480145
   81.326361  122.053464    0.236418    1.418183
   81.324990  122.048640    0.170828    0.801342
   81.323619  122.043821    0.222481    1.287458
   81.322249  122.039007    0.299985    2.016755
   81.320879  122.034201    0.211057    1.180364
   81.319508  122.029403    0.301519    2.031564
   81.318137  122.024611    0.054019    0.113528
   81.316766  122.019825    0.210823    1.178741
   81.315396  122.015046    0.359703    2.579501
   81.314026  122.010274    0.384225    2.810375
   81.312656  122.005503    0.279623    1.826543
   81.311285  122.000730    0.265736    1.696092
   81.309915  121.995948    0.404668    3.003266
   81.305802  121.981565    0.354493    2.531830
   81.304432  121.976763    0.174253    0.836440
   81.303062  121.971959    0.355252    2.539346
   81.301691  121.967153    0.226887    1.331968
   81.300319  121.962346    0.221927    1.285506
   81.298944  121.957540    0.237969    1.436609
   81.297568  121.952735    0.231529    1.376217
   81.296190  121.947929    0.225449    1.319216
   81.293434  121.938300    0.234865    1.408179
   81.290677  121.928647    0.279565    1.829069
   81.289297  121.923821    0.416619    3.118583
   81.287916  121.918998    0.265713    1.699144
   81.286534  121.914180    0.286016    1.890344
   81.285151  121.909367    0.309336    2.109909
   81.282389  121.899757    0.283936    1.871350
   81.281011  121.894962    0.274916    1.786690
   81.279634  121.890174    0.383692    2.810179
   81.278257  121.885395    0.378376    2.760357
   81.276882  121.880628    0.283571    1.868687
   81.275507  121.875872    0.377019    2.747980
   81.274133  121.871124    0.339165    2.392063
   81.272760  121.866385    0.231626    1.380604
   81.271389  121.861658    0.335301    2.356100
   81.270019  121.856939    0.272311    1.763722
   81.268650  121.852223    0.206141    1.141431
   81.267280  121.847506    0.393263    2.901940
   81.265909  121.842777    0.230587    1.371787
   81.264537  121.838039    0.321277    2.225131
   81.263165  121.833299    0.257503    1.625376
   81.261792  121.828560    0.242597    1.485342
   81.260418  121.823834    0.358603    2.576838
   81.257667  121.814398    0.253981    1.593016
   81.256291  121.809675    0.227141    1.340708
   81.254913  121.804935    0.181771    0.914093
   81.253533  121.800181    0.101854    0.214060
   81.252153  121.795421    0.370555    2.690437
   81.250773  121.790656    0.355392    2.547982
   81.249394  121.785890    0.252314    1.578488
   81.248015  121.781126    0.225745    1.328741
   81.246636  121.776360    0.504380    3.950145
   81.245257  121.771595    0.236008    1.425670
   81.243878  121.766830    0.315883    2.177271
   81.242499  121.762066    0.289060    1.925138
   81.241120  121.757305    0.236933    1.434946
   81.239741  121.752546    0.301129    2.039061
   81.238361  121.747792    0.193330    1.025144
   81.236981  121.743043    0.244561    1.507283
   81.235602  121.738299    0.290544    1.940057
   81.234223  121.733561    0.280039    1.841427
   81.232846  121.728829    0.179761    0.898268
   81.231471  121.724104    0.305475    2.081093
   81.230096  121.719385    0.278798    1.830328
   81.228721  121.714672    0.266035    1.710449
   81.227348  121.709967    0.305520    2.082087
   81.224601  121.700575    0.334331    2.353510
   81.223227  121.695886    0.381513    2.797555
   81.221850  121.691198    0.371079    2.699596
   81.220471  121.686511    0.367956    2.670408
   81.217711  121.677145    0.453329    3.473924
   81.216333  121.672468    0.527718    4.173916
   81.214956  121.667794    0.339623    2.404632
   81.213579  121.663118    0.380022    2.784872
   81.212202  121.658438    0.388841    2.868029
   81.210825  121.653744    0.435283    3.305112
   81.206690  121.639617    0.261741    1.673124
   81.205312  121.634909    0.472420    3.655248
   81.203933  121.630204    0.361811    2.614901
   81.202554  121.625499    0.442372    3.372953
   81.198413  121.611371    0.395225    2.930007
   81.197032  121.606658    0.397605    2.952590
   81.195650  121.601942    0.474064    3.672059
   81.194268  121.597222    0.390152    2.882859
   81.192885  121.592499    0.430836    3.265785
   81.191502  121.587778    0.397257    2.950091
   81.190119  121.583064    0.435786    3.312735
   81.188737  121.578361    0.466377    3.600712
   81.187357  121.573671    0.487032    3.795208
   81.185976  121.568990    0.446810    3.417021
   81.184597  121.564318    0.426274    3.224025
   81.183218  121.559658    0.421129    3.175819
   81.181839  121.555010    0.423793    3.201067
   81.180461  121.550366    0.471460    3.649675
   81.179084  121.545724    0.282278    1.870172
   81.176332  121.536419    0.416267    3.131032
   81.174956  121.531765    0.435326    3.310516
   81.172207  121.522481    0.380029    2.790711
   81.170832  121.517859    0.498871    3.908889
   81.169457  121.513235    0.431035    3.270919
   81.168081  121.508604    0.383181    2.820934
   81.166705  121.503944    0.488531    3.812191
   81.165328  121.499260    0.408981    3.064027
   81.162571  121.489885    0.501043    3.930471
   81.161190  121.485219    0.445070    3.404104
   81.158425  121.475929    0.445862    3.411945
   81.157041  121.471287    0.389272    2.879770
   81.154272  121.461978    0.465201    3.594454
   81.152887  121.457315    0.345235    2.466081
   81.151501  121.452649    0.369669    2.696130
   81.150115  121.447975    0.422857    3.196686
   81.148729  121.443296    0.440843    3.366087
   81.147343  121.438619    0.374778    2.744787
   81.144574  121.429284    0.489678    3.826076
   81.143192  121.424635    0.502237    3.944418
   81.141811  121.419994    0.419886    3.169918
   81.140431  121.415361    0.475196    3.690428
   81.139051  121.410737    0.421911    3.189353
   81.137672  121.406121    0.531430    4.219834
   81.136293  121.401512    0.351396    2.526384
   81.134914  121.396910    0.222484    1.313859
   81.130783  121.383146    0.397896    2.964609
   81.129406  121.378565    0.363681    2.642925
   81.128029  121.373986    0.554937    4.442330
   81.126652  121.369406    0.530394    4.211644
   81.125274  121.364826    0.476396    3.703859
   81.123896  121.360245    0.423420    3.205689
   81.122516  121.355662    0.411229    3.091202
   81.121135  121.351075    0.309418    2.133629
   81.119753  121.346487    0.338027    2.402956
   81.118372  121.341897    0.373607    2.737866
   81.115611  121.332712    0.334852    2.373672
   81.114231  121.328118    0.193695    1.045957
   81.112851  121.323521    0.325842    2.289303
   81.108703  121.309715    0.423522    3.208798
   81.107320  121.305109    0.502454    3.951540
   81.105937  121.300500    0.286388    1.919128
   81.104553  121.295890    0.346555    2.485330
   81.103170  121.291279    0.383770    2.835624
   81.101786  121.286667    0.381991    2.819084
   81.100401  121.282057    0.406726    3.051970
   81.099015  121.277448    0.313876    2.178694
   81.097630  121.272841    0.398205    2.972206
   81.096244  121.268237    0.331128    2.341379
   81.094858  121.263637    0.413477    3.116261
   81.092089  121.254452    0.293952    1.992247
   81.090705  121.249867    0.312729    2.169085
   81.089323  121.245287    0.346031    2.482560
   81.087942  121.240713    0.275469    1.818953
   81.086562  121.236146    0.265389    1.724325
   81.083802  121.227043    0.262709    1.699504
   81.082423  121.222510    0.236379    1.452000
   81.081044  121.217980    0.306492    2.111773
   81.079665  121.213451    0.239203    1.478962
   81.078284  121.208912    0.294340    1.997844
   81.076901  121.204364    0.288503    1.943133
   81.075518  121.199814    0.285616    1.916172
   81.074135  121.195264    0.356588    2.584024
   81.072753  121.190717    0.397802    2.971930
   81.071372  121.186174    0.416378    3.146879
   81.069990  121.181632    0.399656    2.989766
   81.068608  121.177090    0.240290    1.490749
   81.067226  121.172550    0.255858    1.637399
   81.065843  121.168011    0.208510    1.192173
   81.061691  121.154369    0.309408    2.141949
   81.060306  121.149805    0.412916    3.115876
   81.058921  121.145240    0.149857    0.641391
   81.057536  121.140675    0.071426    0.150111
   81.056151  121.136117    0.157357    0.712339
   81.054767  121.131565    0.186188    0.983756
   81.051999  121.122478    0.121317    0.373882
   81.050616  121.117948    0.164107    0.776621
   81.049232  121.113426    0.310457    2.153579
   81.047848  121.108908    0.324355    2.284518
   81.046464  121.104390    0.249850    1.583817
   81.045079  121.099864    0.291787    1.978530
   81.043694  121.095332    0.403526    3.029893
   81.042308  121.090798    0.112170    0.289206
   81.035382  121.068152    0.193016    1.050731
   81.033997  121.063634    0.199961    1.116263
   81.032612  121.059121    0.112320    0.291995
   81.028460  121.045620    0.240445    1.497895
   81.022931  121.027688    0.118550    0.351971
   81.018777  121.014183    0.091807    0.192946
   81.017395  121.009674    0.111286    0.284417
   81.016013  121.005161    0.137966    0.535604
   81.014631  121.000647    0.159629    0.739591
   81.013249  120.996133    0.121814    0.384044
   81.011865  120.991625    0.162175    0.763934
   81.007706  120.978107    0.119446    0.362556
   81.006318  120.973588    0.099359    0.208817
   81.004930  120.969061    0.062902    0.132198
   81.003541  120.964531    0.201240    1.132615
   81.002151  120.960001    0.025881    0.054392
   81.000763  120.955474    0.139356    0.550846
   80.999374  120.950951    0.063713    0.133903
   80.997986  120.946432    0.208597    1.202612
   80.996599  120.941919    0.120759    0.376486
   80.995213  120.937415    0.139479    0.552791
   80.993828  120.932918    0.067419    0.141692
   80.992443  120.928429    0.121503    0.384073
   80.991059  120.923944    0.121027    0.379793
   80.989674  120.919466    0.166333    0.806195
   80.988288  120.914991    0.099188    0.208457
   80.986903  120.910522    0.047237    0.099274
   80.985517  120.906057    0.212804    1.243955
   80.984132  120.901597    0.163705    0.782261
   80.982747  120.897141    0.124890    0.417314
   80.981362  120.892687    0.168040    0.823433
   80.979977  120.888232    0.451077    3.486253
   80.978591  120.883773    0.187910    1.010755
   80.977203  120.879309    0.167731    0.821114
   80.975815  120.874846    0.167087    0.815256
   80.974426  120.870382    0.086342    0.181461
   80.971644  120.861470    0.099358    0.208814
   80.968860  120.852559    0.217095    1.286679
   80.967468  120.848094    0.180523    0.942833
   80.966078  120.843622    0.080747    0.169701
   80.964687  120.839147    0.010336    0.021722
   80.963295  120.834668    0.000000    0.000000
   80.961903  120.830187    0.069183    0.145398
   80.960509  120.825703    0.197351    1.102123
   80.959115  120.821219    0.077159    0.162161
   80.956331  120.812255    0.159665    0.748187
   80.954941  120.807776    0.024822    0.052168
   80.953552  120.803303    0.177583    0.917141
   80.952164  120.798838    0.106139    0.245237
   80.948004  120.785526    0.048929    0.102832
   80.943840  120.772243    0.079953    0.168032
   80.942452  120.767815    0.193103    1.064707
   80.938291  120.754580    0.219440    1.313053
   80.936905  120.750181    0.149476    0.655073
   80.935519  120.745785    0.096362    0.202518
   80.934131  120.741383    0.171483    0.862489
   80.931352  120.732570    0.203674    1.165720
   80.929962  120.728164    0.247412    1.577367
   80.928573  120.723761    0.337126    2.421533
   80.925794  120.714963    0.251940    1.620553
   80.924405  120.710565    0.253471    1.635157
   80.923016  120.706169    0.288362    1.963583
   80.920237  120.697375    0.257866    1.677085
   80.918847  120.692973    0.449495    3.479997
   80.917455  120.688559    0.386658    2.889074
   80.916062  120.684135    0.185729    0.999054
   80.914668  120.679710    0.190500    1.044142
   80.913275  120.675286    0.359431    2.633529
   80.911883  120.670873    0.303026    2.103098
   80.910493  120.666469    0.245409    1.561272
   80.909104  120.662067    0.146305    0.629170
   80.907714  120.657666    0.229550    1.412472
   80.906325  120.653256    0.228990    1.407409
   80.904935  120.648840    0.553662    4.461905
   80.902155  120.640012    0.409214    3.103424
   80.900764  120.635608    0.247545    1.582743
   80.899373  120.631213    0.239471    1.506982
   80.897983  120.626822    0.261856    1.717767
   80.896592  120.622437    0.340842    2.461007
   80.895203  120.618058    0.309597    2.167269
   80.893816  120.613684    0.195609    1.095145
   80.892429  120.609312    0.197446    1.112621
   80.889655  120.600564    0.102737    0.222052
   80.888268  120.596183    0.265726    1.755546
   80.886882  120.591806    0.335173    2.409050
   80.884108  120.583092    0.232027    1.439110
   80.881332  120.574444    0.096553    0.202920
   80.879943  120.570120    0.209501    1.227788
   80.877162  120.561416    0.230897    1.429465
   80.875771  120.557049    0.299135    2.071599
   80.874378  120.552678    0.298430    2.065165
   80.872985  120.548307    0.394768    2.971647
   80.870197  120.539564    0.250857    1.618213
   80.868802  120.535194    0.263388    1.736301
   80.867407  120.530829    0.243168    1.546276
   80.866011  120.526468    0.275585    1.851436
   80.864615  120.522107    0.448465    3.477967
   80.863219  120.517744    0.215240    1.284136
   80.861822  120.513373    0.280656    1.899726
   80.859027  120.504616    0.200317    1.144351
   80.857632  120.500239    0.137017    0.549062
   80.856240  120.495867    0.229380    1.418151
   80.854852  120.491501    0.239481    1.513364
   80.853465  120.487142    0.241907    1.536382
   80.852078  120.482789    0.267846    1.780603
   80.850689  120.478447    0.100226    0.210639
   80.849299  120.474116    0.269543    1.796953
   80.847909  120.469791    0.264624    1.750876
   80.846519  120.465471    0.220111    1.332322
   80.845130  120.461155    0.184861    1.000908
   80.843742  120.456841    0.211327    1.250082
   80.842355  120.452530    0.219692    1.328970
   80.840968  120.448221    0.312273    2.200104
   80.839582  120.443915    0.392427    2.954344
   80.838195  120.439610    0.196083    1.107462
   80.836808  120.435304    0.250115    1.615962
   80.835421  120.430998    0.316763    2.243135
   80.834031  120.426687    0.322102    2.293564
   80.832639  120.422373    0.236166    1.485336
   80.831246  120.418057    0.245396    1.572358
   80.829852  120.413742    0.272768    1.830056
   80.828458  120.409429    0.262204    1.730881
   80.827063  120.405119    0.330643    2.374906
   80.825668  120.400809    0.328195    2.352075
   80.824272  120.396497    0.409644    3.118498
   80.822876  120.392184    0.378961    2.830055
   80.821479  120.387868    0.368285    2.729815
   80.820082  120.383548    0.451622    3.513996
   80.818685  120.379222    0.391902    2.952396
   80.817287  120.374885    0.545242    4.395116
   80.815888  120.370539    0.485413    3.832484
   80.814489  120.366190    0.396643    2.997595
   80.813090  120.361840    0.375580    2.799648
   80.811692  120.357493    0.276795    1.870543
   80.810294  120.353152    0.272870    1.833820
   80.808896  120.348816    0.229256    1.423728
   80.807500  120.344488    0.252586    1.643409
   80.806106  120.340175    0.291225    2.007098
   80.804714  120.335874    0.137907    0.564982
   80.801934  120.327288    0.258155    1.696594
   80.800546  120.322989    0.252473    1.643337
   80.799159  120.318685    0.226131    1.395732
   80.797773  120.314384    0.359592    2.651438
   80.796387  120.310089    0.229904    1.431621
   80.795001  120.305810    0.275322    1.859087
   80.793615  120.301544    0.482181    3.805272
   80.792229  120.297283    0.317258    2.253989
   80.790842  120.293024    0.332804    2.400433
   80.789454  120.288759    0.454645    3.546832
   80.788064  120.284489    0.331881    2.392143
   80.785278  120.275947    0.330506    2.379614
   80.783882  120.271682    0.334285    2.415360
   80.782484  120.267420    0.211535    1.260816
   80.781085  120.263156    0.399863    3.032679
   80.779685  120.258888    0.196223    1.117165
   80.778286  120.254604    0.126329    0.459850
   80.776887  120.250308    0.153270    0.713492
   80.775488  120.246008    0.101835    0.229830
   80.774088  120.241706    0.000000    0.000000
   80.772685  120.237411    0.022444    0.047798
   80.771282  120.233122    0.071876    0.153218
   80.769878  120.228835    0.136510    0.556831
   80.768475  120.224549    0.089974    0.192159
   80.767075  120.220261    0.176773    0.936005
   80.765677  120.215971    0.182357    0.988734
   80.764281  120.211685    0.200047    1.155354
   80.762886  120.207403    0.263674    1.754115
   80.761491  120.203133    0.102088    0.234222
   80.760096  120.198873    0.000000    0.000000
   80.757309  120.190365    0.343202    2.503063
   80.754528  120.181854    0.124335    0.444502
   80.753138  120.177599    0.250042    1.627271
   80.751749  120.173348    0.276512    1.876483
   80.750360  120.169104    0.316401    2.251936
   80.748970  120.164866    0.287656    1.981720
   80.747580  120.160631    0.135844    0.553773
   80.746190  120.156397    0.357572    2.639844
   80.744798  120.152157    0.220800    1.353382
   80.743406  120.147915    0.221568    1.360804
   80.742014  120.143674    0.252568    1.652635
   80.740620  120.139437    0.286957    1.976340
   80.739226  120.135213    0.370707    2.764400
   80.737831  120.130998    0.322143    2.307742
   80.736436  120.126785    0.276693    1.880379
   80.732248  120.114126    0.290830    2.013978
   80.730851  120.109894    0.296231    2.064981
   80.729454  120.105658    0.229685    1.439167
   80.728057  120.101413    0.210683    1.260610
   80.726660  120.097161    0.231938    1.460764
   80.725262  120.092906    0.195641    1.119501
   80.723863  120.088652    0.173072    0.907387
   80.722463  120.084403    0.143782    0.632050
   80.721062  120.080160    0.234186    1.482713
   80.719660  120.075919    0.102451    0.243634
   80.716855  120.067445    0.114970    0.361809
   80.715451  120.063213    0.374364    2.802224
   80.712646  120.054749    0.355005    2.620506
   80.711244  120.050511    0.378346    2.840281
   80.709844  120.046269    0.214872    1.302627
   80.708446  120.042029    0.313943    2.234822
   80.705655  120.033571    0.317706    2.270629
   80.704264  120.029360    0.269650    1.818747
   80.702874  120.025155    0.259967    1.727856
   80.701485  120.020955    0.347091    2.547657
   80.700095  120.016756    0.256784    1.698315
   80.698704  120.012559    0.273601    1.856716
   80.697314  120.008364    0.089835    0.201039
   80.695924  120.004168    0.146522    0.661634
   80.694535  119.999969    0.441973    3.441238
   80.693146  119.995766    0.146530    0.662106
   80.691756  119.991564    0.234314    1.488117
   80.690366  119.987364    0.285715    1.971863
   80.688974  119.983172    0.245946    1.597943
   80.687581  119.978985    0.133586    0.541137
   80.686186  119.974800    0.254080    1.674866
   80.684789  119.970615    0.224654    1.398245
   80.683390  119.966428    0.267053    1.797301
   80.681988  119.962238    0.293318    2.044587
   80.680586  119.958044    0.293219    2.043860
   80.679182  119.953845    0.240625    1.549283
   80.677777  119.949636    0.312801    2.228471
   80.676371  119.945418    0.301504    2.122401
   80.674964  119.941197    0.292807    2.040781
   80.673558  119.936976    0.265009    1.779483
   80.670746  119.928549    0.271576    1.841666
   80.669341  119.924342    0.269821    1.825348
   80.667937  119.920137    0.247370    1.614350
   80.666534  119.915933    0.295637    2.068611
   80.665133  119.911731    0.229755    1.449041
   80.663733  119.907533    0.295600    2.068663
   80.662335  119.903342    0.283098    1.951257
   80.659545  119.894995    0.309832    2.203152
   80.658152  119.890832    0.241876    1.564063
   80.656760  119.886672    0.333138    2.422796
   80.655369  119.882507    0.293665    2.051664
   80.653979  119.878339    0.369642    2.766600
   80.652589  119.874173    0.229544    1.448855
   80.651200  119.870010    0.225049    1.406763
   80.649810  119.865856    0.353778    2.617963
   80.648420  119.861710    0.266197    1.794259
   80.647029  119.857567    0.307680    2.184703
   80.645637  119.853425    0.356432    2.643521
   80.640049  119.836835    0.291719    2.035548
   80.637247  119.828505    0.268477    1.817306
   80.635845  119.824332    0.236101    1.512928
   80.634442  119.820156    0.312523    2.232057
   80.631637  119.811806    0.270757    1.839556
   80.628831  119.803459    0.152255    0.725172
   80.627426  119.799289    0.136519    0.577336
   80.624613  119.790958    0.214842    1.314550
   80.623207  119.786797    0.243636    1.585627
   80.614778  119.761918    0.558129    4.545379
   80.613379  119.757788    0.254217    1.686572
   80.611980  119.753659    0.306916    2.182527
   80.610584  119.749527    0.302835    2.144336
   80.609188  119.745394    0.393616    2.998550
   80.607793  119.741264    0.302697    2.143437
   80.606399  119.737139    0.347327    2.563488
   80.605007  119.733028    0.332414    2.423400
   80.603615  119.728929    0.362177    2.703586
   80.602223  119.724834    0.333029    2.429583
   80.600831  119.720740    0.436349    3.401750
   80.599438  119.716642    0.288739    2.013327
   80.598043  119.712540    0.327537    2.378516
   80.596649  119.708436    0.280058    1.932067
   80.595253  119.704330    0.297136    2.092921
   80.593857  119.700220    0.315985    2.270439
   80.591064  119.691995    0.416275    3.214306
   80.589665  119.687881    0.334840    2.448411
   80.588264  119.683771    0.336534    2.464552
   80.586861  119.679663    0.361433    2.698984
   80.585457  119.675554    0.303198    2.151354
   80.584051  119.671445    0.334795    2.448797
   80.582645  119.667332    0.368031    2.761661
   80.581237  119.663215    0.284276    1.973945
   80.579829  119.659097    0.333583    2.437995
   80.578421  119.654976    0.381575    2.889676
   80.577012  119.650849    0.272983    1.868321
   80.574198  119.642590    0.363702    2.722149
   80.571388  119.634354    0.279736    1.932652
   80.569986  119.630254    0.319823    2.309968
   80.568585  119.626159    0.317551    2.288790
   80.567184  119.622068    0.306708    2.186988
   80.565784  119.617976    0.344889    2.546373
   80.564383  119.613884    0.411466    3.172883
   80.562983  119.609795    0.395133    3.019431
   80.561584  119.605711    0.389700    2.968529
   80.560186  119.601635    0.362492    2.712767
   80.558788  119.597565    0.396368    3.031656
   80.557391  119.593498    0.287489    2.007590
   80.555994  119.589431    0.339188    2.494138
   80.554598  119.585356    0.230160    1.468681
   80.553201  119.581276    0.363363    2.721961
   80.551804  119.577195    0.569008    4.656741
   80.550407  119.573116    0.341121    2.513124
   80.549009  119.569046    0.328122    2.391039
   80.547611  119.564984    0.341122    2.513539
   80.546212  119.560923    0.231188    1.479547
   80.544814  119.556862    0.265828    1.805621
   80.542016  119.548727    0.145575    0.674761
   80.540616  119.544654    0.231960    1.487619
   80.539216  119.540576    0.288341    2.018214
   80.537814  119.536488    0.201238    1.199010
   80.536410  119.532392    0.273524    1.879226
   80.535006  119.528296    0.282211    1.961147
   80.532195  119.520121    0.187987    1.075153
   80.530788  119.516051    0.217898    1.356737
   80.529381  119.511984    0.137971    0.605040
   80.527973  119.507921    0.235841    1.525935
   80.526565  119.503856    0.219077    1.368438
   80.525156  119.499790    0.299162    2.122029
   80.523746  119.495725    0.104102    0.287234
   80.522338  119.491661    0.030626    0.076213
   80.518115  119.479480    0.174051    0.946081
   80.511105  119.459216    0.123233    0.469046
   80.509705  119.455162    0.217808    1.358947
   80.506907  119.447055    0.242652    1.593069
   80.505509  119.443009    0.227838    1.453910
   80.504112  119.438978    0.261090    1.766923
   80.502716  119.434959    0.289769    2.036923
   80.501320  119.430944    0.260973    1.766236
   80.499924  119.426929    0.225286    1.430718
   80.498527  119.422907    0.264551    1.800293
   80.497129  119.418878    0.248414    1.648690
   80.495730  119.414844    0.215166    1.336124
   80.494330  119.410808    0.235324    1.525959
   80.492928  119.406764    0.299310    2.128102
   80.491524  119.402716    0.253277    1.695254
   80.490120  119.398668    0.284631    1.990419
   80.488715  119.394621    0.174632    0.955826
   80.487310  119.390586    0.170730    0.919322
   80.485906  119.386561    0.331071    2.427906
   80.484501  119.382536    0.218671    1.370727
   80.483096  119.378509    0.155418    0.775887
   80.481688  119.374468    0.032725    0.083371
   80.480279  119.370416    0.250392    1.669752
   80.478868  119.366363    0.308730    2.218770
   80.477458  119.362314    0.244499    1.614731
   80.476048  119.358278    0.122727    0.469380
   80.474639  119.354255    0.091292    0.233512
   80.471821  119.346229    0.362376    2.724451
   80.470415  119.342228    0.257383    1.736957
   80.469009  119.338232    0.274531    1.898472
   80.467604  119.334239    0.257145    1.735123
   80.466200  119.330245    0.211372    1.304730
   80.464797  119.326243    0.240453    1.578501
   80.463394  119.322234    0.281613    1.965914
   80.461992  119.318224    0.318294    2.311192
   80.460590  119.314214    0.400802    3.087573
   80.459189  119.310210    0.313020    2.261982
   80.457789  119.306210    0.285300    2.001417
   80.456389  119.302212    0.369720    2.795785
   80.454988  119.298215    0.223465    1.420120
   80.453587  119.294219    0.315184    2.283153
   80.452186  119.290224    0.260943    1.773101
   80.450784  119.286227    0.286095    2.009914
   80.449382  119.282226    0.334330    2.463880
   80.447981  119.278216    0.312588    2.259553
   80.446580  119.274197    0.255959    1.727032
   80.445178  119.270176    0.237854    1.556915
   80.443776  119.266157    0.049245    0.128174
   80.442372  119.262148    0.386133    2.952230
   80.439559  119.254148    0.220600    1.395415
   80.438151  119.250151    0.290860    2.056584
   80.436742  119.246149    0.281661    1.970254
   80.435333  119.242145    0.238657    1.565899
   80.433922  119.238142    0.275811    1.915630
   80.432512  119.234141    0.184390    1.055808
   80.429692  119.226161    0.353126    2.643573
   80.428282  119.222176    0.271179    1.872871
   80.426872  119.218192    0.268879    1.851441
   80.425463  119.214206    0.296778    2.114096
   80.421238  119.202243    0.289330    2.044647
   80.419828  119.198255    0.259247    1.761853
   80.418418  119.194270    0.310949    2.248432
   80.417008  119.190289    0.391329    3.004801
   80.415599  119.186315    0.314640    2.283567
   80.414191  119.182358    0.230502    1.492248
   80.412786  119.178414    0.292679    2.077379
   80.409978  119.170534    0.435060    3.417208
   80.408576  119.166580    0.381883    2.917158
   80.407175  119.162615    0.458224    3.635528
   80.405775  119.158648    0.398998    3.078566
   80.404375  119.154681    0.414123    3.221056
   80.402976  119.150719    0.322064    2.355234
   80.401578  119.146762    0.394912    3.040746
   80.398780  119.138856    0.406779    3.152783
   80.397379  119.134907    0.274237    1.906117
   80.395976  119.130960    0.289352    2.048519
   80.394572  119.127011    0.374345    2.848276
   80.393167  119.123060    0.374439    2.849364
   80.391761  119.119099    0.334840    2.477047
   80.390354  119.115131    0.378147    2.884655
   80.388945  119.111159    0.361524    2.728484
   80.387536  119.107185    0.500478    4.035876
   80.386126  119.103208    0.340483    2.530954
   80.384716  119.099232    0.240714    1.592595
   80.383305  119.095256    0.409059    3.176481
   80.381893  119.091284    0.201015    1.219540
   80.380482  119.087318    0.223026    1.426819
   80.379072  119.083359    0.222153    1.418803
   80.377661  119.079405    0.165185    0.883095
   80.376248  119.075457    0.240310    1.590024
   80.373415  119.067585    0.190838    1.125039
   80.371998  119.063655    0.239721    1.585102
   80.370581  119.059726    0.342832    2.555306
   80.367759  119.051846    0.305427    2.203834
   80.366352  119.047903    0.341737    2.545620
   80.364946  119.043961    0.345811    2.584150
   80.363543  119.040023    0.280340    1.968443
   80.362140  119.036089    0.278562    1.951916
   80.360738  119.032160    0.294136    2.098631
   80.359337  119.028238    0.280019    1.966028
   80.357935  119.024329    0.178111    1.007550
   80.356533  119.020431    0.265216    1.827185
   80.355132  119.016536    0.295299    2.110387
   80.353730  119.012640    0.150589    0.749255
   80.352330  119.008735    0.277508    1.943425
   80.348131  118.996984    0.155808    0.799163
   80.346729  118.993065    0.312495    2.273376
   80.345326  118.989147    0.260697    1.786298
   80.343922  118.985228    0.202174    1.235959
   80.342516  118.981308    0.154153    0.784411
   80.341109  118.977386    0.355802    2.681594
   80.339699  118.973463    0.341495    2.547210
   80.338289  118.969540    0.263879    1.817252
   80.336877  118.965618    0.242461    1.615970
   80.334050  118.957785    0.352116    2.647947
   80.332636  118.953870    0.244338    1.634251
   80.331221  118.949951    0.007273    0.020117
   80.326971  118.938140    0.408368    3.178156
   80.325555  118.934205    0.372300    2.839054
   80.324140  118.930284    0.242615    1.619270
   80.322726  118.926377    0.286428    2.031643
   80.317082  118.910859    0.000000    0.000000
   80.308651  118.887662    0.060772    0.170095
   80.307250  118.883788    0.097792    0.273910
   80.298835  118.860545    0.125869    0.524672
   80.297428  118.856666    0.074135    0.208707
   80.296019  118.852780    0.123382    0.501687
   80.287552  118.829427    0.206385    1.283755
   80.286139  118.825538    0.162642    0.872454
   80.267762  118.775300    0.249795    1.695001
   80.266352  118.771454    0.340121    2.544934
   80.264943  118.767611    0.351488    2.652072
   80.263534  118.763769    0.391113    3.025044
   80.262127  118.759929    0.331245    2.462048
   80.260719  118.756090    0.205473    1.279073
   80.259312  118.752252    0.322253    2.377867
   80.257906  118.748414    0.287165    2.047987
   80.255091  118.740746    0.285504    2.032773
   80.253683  118.736912    0.304568    2.212321
   80.252276  118.733075    0.274609    1.930688
   80.245241  118.713821    0.320373    2.362235
   80.243833  118.709971    0.300098    2.171700
   80.242423  118.706122    0.243689    1.641248
   80.241013  118.702275    0.304649    2.214929
   80.239602  118.698429    0.206379    1.290675
   80.238189  118.694584    0.140675    0.672776
   80.236775  118.690741    0.217026    1.391245
   80.233946  118.683052    0.331758    2.470974
   80.232530  118.679206    0.182290    1.065086
   80.231114  118.675360    0.148812    0.750357
   80.229698  118.671516    0.115333    0.435615
   80.228280  118.667671    0.211148    1.337185
   80.226862  118.663829    0.289975    2.078938
   80.224025  118.656158    0.353139    2.673554
   80.222609  118.652338    0.146702    0.731740
   80.221194  118.648529    0.151124    0.773548
   80.219780  118.644726    0.064813    0.189781
   80.202880  118.599147    0.095118    0.280864
   80.201472  118.595338    0.237451    1.588539
   80.200062  118.591530    0.154959    0.812710
   80.197238  118.583919    0.323584    2.399443
   80.195825  118.580114    0.206791    1.300943
   80.194410  118.576312    0.108945    0.380678
   80.192995  118.572510    0.479630    3.868049
