Converting ICESat/GLAS binary freeboard vector data to ASCII
Wed Feb 12 09:58:14 2014

write_fb:
  file_in:       laser3k0120002.dat
  laser_period:  3k
  track:         0120
  cycle:         002
  file_out:      laser3k0120002.txt
  non_zero_only:        0
  nan_replace:       -999

read_fb:
  Year:                  2008
  Month:                   10
  Day:                     17
  Hour:                     9
  Minute:                  43
  Doy:                    291
  record_count:          1863
  non_zero_count:        1853
  nan_count:                0

    Latitude   Longitude   Freeboard   Thickness
   85.873703  249.277534    0.312851    1.029725
   85.873294  249.256674    0.300524    0.913858
   85.872884  249.235831    0.408497    1.929689
   85.872474  249.215011    0.361862    1.491072
   85.872064  249.194237    0.349917    1.378796
   85.871653  249.173478    0.481768    2.619255
   85.871242  249.152727    0.521167    2.989991
   85.870831  249.131974    0.453536    2.353856
   85.870418  249.111191    0.510285    2.887801
   85.870005  249.090407    0.486535    2.664469
   85.869591  249.069625    0.453050    2.349565
   85.869178  249.048852    0.401000    1.859999
   85.868351  249.007367    0.416568    2.006642
   85.867938  248.986629    0.357811    1.453987
   85.867523  248.965887    0.438052    2.208941
   85.866691  248.924357    0.416122    2.002820
   85.865856  248.882819    0.401393    1.864443
   85.865439  248.862050    0.468084    2.491929
   85.865022  248.841288    0.371655    1.584880
   85.864604  248.820534    0.432332    2.155780
   85.864185  248.799792    0.412655    1.970763
   85.863343  248.758378    0.393431    1.790111
   85.862921  248.737680    0.369843    1.568296
   85.862498  248.716979    0.488117    2.681035
   85.862075  248.696256    0.438931    2.218425
   85.861651  248.675533    0.486044    2.661722
   85.861226  248.654811    0.490891    2.707414
   85.860800  248.634098    0.476604    2.573101
   85.860373  248.613409    0.526909    3.046430
   85.859946  248.592727    0.445472    2.280421
   85.859518  248.572049    0.557074    3.330395
   85.859090  248.551370    0.641916    4.128622
   85.858662  248.530680    0.466303    2.476670
   85.858233  248.509988    0.446574    2.291157
   85.857805  248.489298    1.088870    8.333549
   85.857375  248.468608    0.626019    3.979445
   85.856944  248.447917    0.427358    2.110669
   85.856513  248.427232    0.502201    2.814836
   85.856081  248.406551    0.498396    2.779139
   85.855649  248.385879    0.504039    2.832314
   85.855217  248.365224    0.616427    3.889681
   85.854785  248.344576    0.449932    2.323503
   85.854352  248.323935    0.562224    3.379965
   85.853919  248.303299    0.517221    2.956695
   85.853052  248.262041    0.455678    2.377926
   85.852619  248.241414    0.402248    1.875386
   85.852186  248.220790    0.424809    2.087712
   85.851754  248.200155    0.490969    2.710197
   85.851322  248.179523    0.479774    2.604975
   85.850889  248.158895    0.462048    2.438317
   85.850015  248.117675    0.497673    2.773643
   85.849575  248.097082    0.545191    3.220747
   85.849133  248.076496    0.468780    2.502023
   85.848691  248.055914    0.471874    2.531218
   85.848250  248.035325    0.737167    5.027014
   85.847808  248.014744    0.506957    2.861448
   85.846925  247.973612    0.620832    3.932890
   85.846484  247.953083    0.486363    2.667983
   85.845601  247.912054    0.432023    2.156982
   85.845159  247.891544    0.377968    1.648556
   85.844717  247.871026    0.513444    2.923119
   85.844274  247.850506    0.457887    2.400570
   85.843830  247.829983    0.553854    3.303451
   85.843385  247.809458    0.426621    2.106617
   85.842938  247.788926    0.528432    3.064487
   85.842490  247.768391    0.492277    2.724454
   85.842042  247.747852    0.537180    3.146960
   85.841593  247.727308    0.536229    3.138113
   85.841144  247.706760    0.445307    2.282865
   85.840695  247.686207    0.446425    2.293473
   85.840245  247.665653    0.616580    3.894276
   85.839795  247.645094    0.440773    2.240489
   85.839344  247.624517    0.282001    0.746960
   85.838893  247.603946    0.419272    2.038407
   85.838441  247.583387    0.498571    2.784494
   85.837988  247.562852    0.462224    2.442653
   85.837533  247.542370    0.471913    2.533895
   85.837078  247.521909    0.379979    1.669130
   85.836623  247.501463    0.442728    2.259525
   85.836168  247.481026    0.402511    1.881282
   85.835715  247.460582    0.417320    2.020689
   85.835262  247.440143    0.546158    3.232800
   85.834809  247.419710    0.462031    2.441484
   85.834357  247.399283    0.233038    0.502812
   85.833904  247.378860    0.399093    1.849587
   85.832996  247.338044    0.480328    2.613972
   85.832541  247.317656    0.352108    1.407856
   85.832082  247.297305    0.483767    2.646505
   85.831623  247.276959    0.385490    1.722070
   85.831162  247.256613    0.374790    1.621509
   85.830237  247.215854    0.549919    3.269188
   85.829774  247.195443    0.426471    2.107963
   85.829310  247.175025    0.418336    2.031525
   85.828846  247.154606    0.476585    2.579585
   85.828383  247.134198    0.562421    3.387162
   85.827920  247.113793    0.386769    1.734836
   85.827457  247.093393    0.678438    4.478760
   85.826993  247.073000    0.408171    1.936357
   85.826528  247.052621    0.306625    0.981169
   85.826062  247.032248    0.528354    3.067142
   85.825595  247.011876    0.405938    1.915628
   85.825128  246.991505    0.262619    0.567470
   85.824658  246.971122    0.335201    1.250357
   85.824188  246.950742    0.401846    1.877401
   85.823718  246.930366    0.419314    2.041825
   85.823248  246.909995    0.364138    1.522855
   85.822312  246.869291    0.358978    1.474493
   85.821843  246.848952    0.608371    3.820711
   85.821375  246.828623    0.343879    1.332640
   85.820906  246.808302    0.316168    1.072042
   85.820436  246.787992    0.232806    0.502310
   85.819965  246.767689    0.228106    0.492170
   85.819494  246.747397    0.217762    0.469852
   85.819021  246.727117    0.181592    0.391811
   85.818548  246.706842    0.319968    1.108246
   85.818075  246.686575    0.246955    0.532838
   85.817600  246.666309    0.393362    1.798876
   85.817125  246.646042    0.345863    1.352121
   85.816648  246.625779    0.223892    0.483077
   85.816172  246.605519    0.380986    1.682719
   85.815695  246.585265    0.240431    0.518764
   85.814266  246.524544    0.447600    2.309746
   85.813789  246.504312    0.318814    1.098302
   85.813311  246.484085    0.307622    0.993111
   85.812832  246.463862    0.404189    1.901637
   85.812353  246.443645    0.322936    1.137353
   85.811873  246.423436    0.203425    0.438918
   85.811391  246.403243    0.251434    0.542504
   85.810909  246.383052    0.250450    0.540381
   85.810426  246.362860    0.115630    0.249487
   85.809943  246.342661    0.112776    0.243330
   85.809459  246.322435    0.245161    0.528969
   85.808975  246.302203    0.323945    1.147485
   85.808490  246.281969    0.377156    1.648148
   85.808005  246.261736    0.256856    0.554203
   85.807520  246.241511    0.418940    2.041406
   85.807035  246.221292    0.332765    1.230822
   85.806548  246.201081    0.290056    0.829136
   85.806061  246.180881    0.341448    1.312686
   85.805571  246.160701    0.313383    1.048767
   85.805080  246.140532    0.263003    0.574916
   85.804589  246.120371    0.201541    0.434851
   85.804097  246.100213    0.306112    0.980636
   85.803607  246.080051    0.189273    0.408382
   85.803116  246.059894    0.198836    0.429016
   85.802626  246.039748    0.307047    0.989709
   85.802136  246.019615    0.303752    0.958796
   85.801647  245.999502    0.287266    0.803797
   85.801158  245.979404    0.389116    1.762029
   85.800669  245.959319    0.338371    1.284747
   85.800179  245.939249    0.269205    0.634170
   85.799686  245.919200    0.403360    1.896299
   85.799193  245.899159    0.409379    1.953017
   85.798698  245.879125    0.291887    0.847830
   85.798203  245.859093    0.443042    2.269884
   85.797708  245.839057    0.330408    1.210393
   85.797211  245.819019    0.206506    0.445565
   85.796714  245.798977    0.351011    1.404396
   85.796216  245.778931    0.198787    0.428911
   85.795718  245.758876    0.364453    1.531042
   85.795219  245.738814    0.249544    0.538426
   85.794719  245.718743    0.283128    0.766177
   85.794219  245.698660    0.308190    1.002038
   85.793718  245.678551    0.420807    2.061552
   85.793217  245.658437    0.274651    0.686710
   85.792715  245.638326    0.367985    1.564825
   85.792212  245.618223    0.324168    1.152717
   85.791708  245.598155    0.339395    1.296056
   85.791203  245.578095    0.452691    2.361963
   85.790697  245.558038    0.346332    1.361506
   85.790191  245.537978    0.408294    1.944499
   85.789685  245.517893    0.504468    2.849329
   85.789179  245.497807    0.478022    2.600634
   85.788673  245.477727    0.410997    1.970205
   85.788166  245.457657    0.396448    1.833427
   85.787659  245.437607    0.507999    2.882920
   85.787153  245.417573    0.440266    2.245830
   85.786646  245.397557    0.409985    1.961056
   85.786138  245.377563    0.709975    4.783257
   85.785630  245.357600    0.660297    4.316011
   85.785121  245.337657    0.388662    1.760749
   85.784613  245.317733    0.241316    0.520672
   85.784104  245.297824    0.424199    2.095237
   85.783595  245.277928    0.370926    1.594176
   85.783087  245.258043    0.379990    1.679539
   85.782578  245.238167    0.366378    1.551577
   85.782069  245.218299    0.482709    2.646031
   85.781561  245.198431    0.371269    1.597773
   85.781052  245.178569    0.382274    1.701393
   85.780543  245.158711    0.358825    1.480898
   85.780032  245.138861    0.436354    2.210327
   85.779521  245.119031    0.343711    1.338902
   85.779008  245.099198    0.309875    1.020682
   85.778494  245.079358    0.371487    1.600381
   85.777980  245.059501    0.308174    1.004866
   85.777464  245.039599    0.267538    0.622685
   85.776948  245.019683    0.395817    1.829540
   85.776431  244.999758    0.372817    1.613265
   85.775913  244.979834    0.346831    1.368904
   85.775393  244.959933    0.283964    0.777582
   85.774872  244.940031    0.403525    1.902423
   85.774351  244.920127    0.326774    1.180501
   85.773829  244.900213    0.274773    0.691398
   85.773308  244.880276    0.275360    0.697012
   85.772786  244.860333    0.323970    1.154400
   85.772264  244.840388    0.210618    0.454438
   85.771741  244.820445    0.274030    0.684782
   85.771218  244.800499    0.151686    0.327283
   85.754794  244.188276    0.346313    1.367744
   85.754255  244.168522    0.308313    1.010358
   85.753715  244.148776    0.287234    0.812152
   85.753176  244.129045    0.382054    1.704252
   85.752635  244.109336    0.277783    0.723433
   85.752094  244.089679    0.213664    0.461010
   85.751551  244.070037    0.324269    1.160927
   85.749923  244.011106    0.350013    1.403390
   85.749380  243.991442    0.331664    1.230861
   85.748837  243.971785    0.362359    1.519710
   85.748293  243.952146    0.351259    1.415389
   85.747749  243.932547    0.396575    1.841781
   85.747204  243.912964    0.337489    1.286025
   85.746660  243.893394    0.437283    2.224912
   85.746115  243.873832    0.463271    2.469486
   85.745571  243.854267    0.392823    1.806847
   85.745027  243.834711    0.370503    1.596970
   85.744483  243.815162    0.424034    2.100641
   85.743938  243.795623    0.350215    1.406295
   85.743392  243.776103    0.430074    2.157641
   85.742845  243.756590    0.357489    1.474903
   85.742297  243.737079    0.123251    0.265931
   85.741749  243.717566    0.228900    0.493883
   85.741201  243.698045    0.322969    1.150432
   85.740651  243.678517    0.460207    2.441571
   85.740101  243.658982    0.211102    0.455482
   85.739550  243.639434    0.326778    1.186541
   85.738997  243.619863    0.312994    1.056961
   85.738444  243.600282    0.232301    0.501222
   85.737890  243.580692    0.410444    1.973891
   85.737335  243.561097    0.469500    2.529539
   85.736781  243.541494    0.311238    1.040810
   85.736227  243.521890    0.370907    1.602229
   85.735671  243.502290    0.231076    0.498578
   85.735115  243.482694    0.293373    0.873019
   85.734556  243.463113    0.254634    0.549408
   85.733997  243.443541    0.318485    1.109442
   85.733436  243.423980    0.244656    0.527878
   85.732876  243.404431    0.267338    0.628464
   85.732315  243.384888    0.233765    0.504381
   85.731754  243.365364    0.245175    0.528998
   85.731193  243.345861    0.189704    0.409312
   85.730633  243.326385    0.347066    1.378858
   85.730074  243.306957    0.208558    0.449993
   85.729516  243.287552    0.331263    1.230377
   85.728957  243.268164    0.257685    0.555990
   85.728399  243.248788    0.348833    1.395850
   85.727839  243.229409    0.238292    0.514148
   85.727280  243.210037    0.218851    0.472200
   85.726720  243.190672    0.071034    0.153265
   85.726159  243.171314    0.259767    0.560482
   85.725597  243.151966    0.237723    0.512920
   85.725035  243.132621    0.222064    0.479132
   85.724472  243.113276    0.220003    0.474688
   85.723909  243.093926    0.232947    0.502614
   85.723346  243.074568    0.256457    0.553341
   85.722782  243.055201    0.193187    0.416827
   85.722217  243.035824    0.220031    0.474747
   85.721651  243.016435    0.361722    1.518191
   85.721083  242.997015    0.208193    0.449205
   85.720515  242.977589    0.315799    1.086360
   85.719945  242.958163    0.268774    0.644068
   85.719375  242.938745    0.276446    0.716335
   85.718805  242.919363    0.242176    0.522528
   85.717662  242.880612    0.267237    0.629976
   85.717090  242.861232    0.250205    0.539851
   85.716517  242.841820    0.227005    0.489794
   85.715944  242.822406    0.231450    0.499386
   85.715370  242.802993    0.170191    0.367209
   85.714795  242.783586    0.161065    0.347519
   85.714221  242.764191    0.046206    0.099696
   85.713645  242.744809    0.098311    0.212120
   85.713069  242.725445    0.021524    0.046440
   85.710750  242.648271    0.229026    0.494155
   85.710169  242.629022    0.072736    0.156938
   85.709591  242.609770    0.256808    0.554098
   85.709013  242.590528    0.000000    0.000000
   85.707859  242.552070    0.055568    0.119896
   85.707283  242.532856    0.041482    0.089502
   85.706707  242.513651    0.005671    0.012237
   85.706131  242.494457    0.000000    0.000000
   85.702657  242.379444    0.086478    0.186588
   85.702073  242.360262    0.148206    0.319774
   85.701488  242.341069    0.026897    0.058034
   85.700903  242.321860    0.060849    0.131289
   85.700319  242.302619    0.230690    0.497745
   85.699735  242.283368    0.137044    0.295692
   85.699150  242.264109    0.165206    0.356455
   85.698565  242.244852    0.009727    0.020988
   85.697977  242.225606    0.152409    0.328844
   85.697389  242.206365    0.234699    0.506395
   85.696800  242.187130    0.523657    3.045470
   85.696210  242.167899    0.310249    1.037964
   85.695618  242.148673    0.377738    1.672942
   85.695026  242.129456    0.233572    0.503964
   85.693840  242.091065    0.221638    0.478215
   85.693247  242.071902    0.204704    0.441678
   85.692654  242.052756    0.220254    0.475228
   85.692061  242.033623    0.214187    0.462138
   85.691468  242.014503    0.232707    0.502098
   85.690875  241.995386    0.300307    0.945246
   85.690282  241.976282    0.293411    0.880464
   85.689688  241.957196    0.308160    1.019303
   85.688503  241.919100    0.292066    0.868088
   85.687910  241.900088    0.240378    0.518649
   85.687318  241.881087    0.374542    1.644140
   85.686725  241.862096    0.351509    1.427555
   85.686131  241.843110    0.370819    1.609298
   85.685537  241.824126    0.397828    1.863473
   85.684943  241.805134    0.353363    1.445267
   85.684347  241.786127    0.277703    0.733596
   85.683751  241.767082    0.292594    0.873770
   85.683154  241.748027    0.539802    3.199428
   85.682557  241.728967    0.342991    1.348053
   85.681959  241.709910    0.279676    0.752519
   85.681360  241.690872    0.369736    1.599837
   85.680760  241.671839    0.364403    1.549755
   85.680160  241.652810    0.360591    1.513982
   85.679558  241.633784    0.385907    1.752233
   85.678955  241.614757    0.339592    1.316616
   85.678350  241.595732    0.292616    0.874794
   85.677745  241.576711    0.114889    0.247890
   85.677141  241.557693    0.107203    0.231306
   85.676538  241.538680    0.171312    0.369628
   85.675936  241.519673    0.207295    0.447268
   85.675333  241.500671    0.314929    1.085147
   85.674729  241.481679    0.388680    1.779042
   85.674122  241.462699    0.371519    1.617694
   85.673515  241.443728    0.433305    2.199026
   85.672906  241.424762    0.333597    1.261127
   85.672296  241.405800    0.423486    2.106830
   85.671684  241.386835    0.472485    2.567871
   85.671072  241.367874    0.500994    2.836161
   85.670459  241.348923    0.408140    1.962740
   85.669847  241.329982    0.492069    2.752384
   85.669235  241.311055    0.515276    2.970797
   85.668012  241.273241    0.339953    1.321661
   85.667403  241.254355    0.349746    1.413874
   85.666795  241.235492    0.432353    2.191079
   85.666188  241.216640    0.542714    3.229375
   85.665581  241.197798    0.464233    2.491166
   85.664972  241.178962    0.418155    2.057793
   85.664360  241.160130    0.477545    2.616587
   85.663746  241.141301    0.429096    2.160906
   85.663132  241.122472    0.586384    3.640654
   85.662518  241.103644    0.558527    3.378690
   85.661905  241.084811    0.591973    3.693422
   85.661293  241.065977    0.599529    3.764597
   85.660680  241.047139    0.552917    3.326191
   85.660067  241.028297    0.642817    4.171999
   85.659455  241.009449    0.570330    3.490189
   85.658841  240.990596    0.563265    3.423817
   85.658227  240.971739    0.504279    2.869011
   85.657611  240.952877    0.547871    3.279189
   85.656990  240.934000    0.312220    1.062431
   85.656368  240.915124    0.354860    1.463651
   85.655745  240.896251    0.596362    3.735639
   85.655121  240.877387    0.687863    4.596512
   85.654498  240.858551    0.570901    3.496301
   85.653874  240.839720    0.540038    3.206055
   85.653250  240.820894    0.561011    3.403447
   85.652626  240.802063    0.674896    4.474897
   85.652003  240.783200    0.642773    4.172796
   85.651378  240.764343    0.631831    4.069950
   85.650754  240.745501    0.612557    3.888731
   85.650129  240.726689    0.731945    5.011948
   85.649503  240.707940    0.608846    3.854004
   85.648876  240.689221    0.550657    3.306695
   85.648249  240.670526    0.626663    4.021801
   85.647622  240.651850    0.613628    3.899264
   85.646994  240.633190    0.606910    3.836163
   85.646366  240.614540    0.539927    3.206115
   85.645738  240.595898    0.628158    4.036232
   85.645110  240.577259    0.637662    4.125731
   85.643858  240.539964    0.566607    3.457479
   85.643233  240.521312    0.611285    3.877866
   85.642607  240.502657    0.715761    4.860801
   85.641981  240.483989    0.666106    4.393770
   85.641355  240.465317    0.573693    3.524500
   85.640728  240.446645    0.602725    3.797706
   85.640099  240.427974    0.582725    3.609659
   85.639466  240.409314    0.524203    3.059211
   85.638833  240.390655    0.586116    3.641737
   85.637565  240.353329    0.632124    4.074738
   85.636935  240.334649    0.523253    3.050646
   85.636305  240.315969    0.614323    3.907459
   85.635675  240.297292    0.587196    3.652363
   85.635043  240.278619    0.683994    4.563066
   85.634408  240.259964    0.632855    4.082074
   85.633772  240.241314    0.516431    2.986921
   85.633135  240.222672    0.633171    4.085227
   85.632498  240.204034    0.685876    4.581136
   85.631861  240.185394    0.650244    4.246020
   85.631225  240.166761    0.671052    4.441857
   85.630587  240.148136    0.576912    3.556345
   85.629948  240.129524    0.490292    2.741571
   85.629308  240.110933    0.581633    3.600938
   85.628667  240.092353    0.536717    3.178486
   85.628025  240.073782    0.527538    3.092233
   85.627382  240.055218    0.683177    4.556473
   85.626738  240.036656    0.590164    3.681561
   85.626094  240.018101    0.612264    3.889548
   85.625450  239.999552    0.789107    5.553266
   85.624806  239.981009    0.510762    2.934866
   85.624164  239.962472    0.535796    3.170461
   85.623521  239.943944    0.666951    4.404371
   85.622879  239.925424    0.736305    5.056900
   85.622235  239.906914    0.775483    5.425552
   85.621589  239.888422    0.776906    5.439024
   85.620943  239.869937    0.451184    2.374939
   85.619651  239.832982    0.565147    3.447214
   85.619006  239.814504    0.533995    3.154248
   85.618361  239.796027    0.667526    4.410507
   85.617716  239.777547    0.686965    4.593467
   85.617072  239.759063    0.605250    3.824833
   85.616429  239.740565    0.725239    4.953708
   85.615785  239.722064    0.534728    3.161596
   85.615140  239.703566    0.526731    3.086459
   85.614494  239.685071    0.639761    4.149861
   85.613844  239.666591    0.508929    2.919163
   85.613193  239.648118    0.607757    3.848970
   85.612541  239.629651    0.675299    4.484448
   85.611888  239.611188    0.537491    3.188131
   85.611237  239.592721    0.509294    2.922966
   85.610585  239.574264    0.391099    1.811154
   85.609933  239.555819    0.549595    3.302275
   85.609280  239.537392    0.557027    3.372282
   85.608628  239.518999    0.487251    2.715962
   85.607975  239.500621    0.613063    3.899612
   85.607321  239.482258    0.389057    1.792399
   85.606668  239.463905    0.484157    2.687128
   85.605359  239.427212    0.549979    3.306520
   85.604703  239.408876    0.696517    4.685139
   85.603389  239.372225    0.439721    2.269550
   85.602731  239.353906    0.449331    2.360048
   85.602072  239.335589    0.448605    2.353306
   85.601413  239.317270    0.431105    2.188768
   85.600755  239.298946    0.417930    2.064916
   85.600097  239.280619    0.450469    2.371114
   85.599439  239.262286    0.439433    2.267388
   85.598780  239.243946    0.313801    1.085610
   85.598120  239.225587    0.448048    2.348611
   85.597459  239.207226    0.495473    2.794849
   85.596797  239.188866    0.599252    3.771224
   85.596135  239.170510    0.403977    1.934292
   85.595471  239.152169    0.443067    2.302113
   85.594807  239.133837    0.658179    4.325843
   85.594142  239.115516    0.447499    2.343989
   85.593477  239.097205    0.464477    2.503802
   85.592147  239.060623    0.496216    2.802565
   85.591482  239.042347    0.431898    2.197589
   85.590818  239.024081    0.513686    2.967092
   85.590156  239.005821    0.388562    1.790097
   85.589493  238.987571    0.443138    2.303601
   85.588165  238.951106    0.505986    2.895009
   85.587499  238.932901    0.463722    2.497509
   85.586163  238.896517    0.485664    2.704112
   85.585493  238.878332    0.579397    3.585971
   85.584822  238.860139    0.442166    2.295086
   85.584151  238.841949    0.400697    1.905067
   85.583478  238.823765    0.300564    0.963165
   85.582806  238.805586    0.463382    2.494944
   85.582134  238.787423    0.387858    1.784550
   85.581461  238.769265    0.354701    1.472724
   85.580789  238.751110    0.402594    1.923359
   85.580116  238.732956    0.428356    2.165806
   85.579443  238.714797    0.516369    2.993857
   85.578770  238.696638    0.476369    2.617653
   85.578096  238.678478    0.445307    2.325535
   85.577422  238.660318    0.452524    2.393521
   85.576745  238.642150    0.311011    1.062347
   85.576069  238.623984    0.362148    1.543498
   85.575391  238.605824    0.486491    2.713328
   85.574714  238.587676    0.236673    0.510655
   85.573361  238.551451    0.417869    2.068048
   85.572685  238.533339    0.353709    1.464566
   85.572009  238.515219    0.326498    1.208673
   85.571334  238.497059    0.385559    1.764369
   85.570658  238.478895    0.437885    2.256708
   85.569982  238.460734    0.430310    2.185540
   85.569305  238.442583    0.313082    1.082829
   85.568625  238.424464    0.456341    2.430605
   85.567943  238.406360    0.567566    3.477020
   85.567261  238.388269    0.279442    0.766629
   85.566578  238.370191    0.301592    0.975092
   85.565895  238.352125    0.384625    1.756304
   85.565211  238.334070    0.442282    2.298794
   85.564527  238.316025    0.350905    1.439267
   85.563844  238.297989    0.318712    1.136509
   85.563162  238.279955    0.366608    1.587175
   85.562481  238.261931    0.340403    1.340744
   85.561116  238.225921    0.345426    1.388179
   85.560433  238.207946    0.336540    1.304671
   85.559748  238.189983    0.376280    1.678613
   85.559063  238.172029    0.406619    1.964112
   85.558376  238.154082    0.358049    1.507285
   85.557687  238.136138    0.517631    3.008610
   85.556997  238.118198    0.306124    1.018985
   85.556306  238.100257    0.352959    1.459667
   85.555616  238.082312    0.356360    1.491754
   85.554927  238.064358    0.496571    2.810851
   85.554238  238.046399    0.322868    1.176857
   85.553549  238.028438    0.453601    2.406801
   85.552860  238.010475    0.419222    2.083480
   85.552171  237.992510    0.322808    1.176563
   85.551482  237.974545    0.342328    1.360289
   85.550792  237.956579    0.385311    1.764735
   85.550101  237.938613    0.302137    0.982378
   85.549406  237.920648    0.334619    1.288039
   85.548013  237.884720    0.373104    1.650258
   85.547317  237.866757    0.293879    0.905050
   85.546622  237.848789    0.285439    0.825748
   85.545235  237.812879    0.262319    0.608428
   85.544542  237.794951    0.557273    3.383246
   85.543850  237.777060    0.322122    1.171196
   85.543159  237.759189    0.306198    1.021481
   85.542467  237.741336    0.343142    1.369117
   85.541774  237.723496    0.234427    0.505808
   85.541079  237.705666    0.281258    0.787131
   85.539687  237.670041    0.128654    0.277588
   85.538290  237.634475    0.335452    1.297308
   85.537590  237.616710    0.379506    1.711830
   85.536890  237.598944    0.375812    1.677170
   85.536190  237.581174    0.294715    0.914350
   85.535492  237.563378    0.292965    0.897974
   85.534795  237.545576    0.300314    0.967201
   85.534097  237.527773    0.277976    0.757149
   85.533398  237.509970    0.359350    1.522748
   85.532696  237.492178    0.332677    1.271915
   85.531993  237.474389    0.376234    1.681767
   85.531289  237.456603    0.417528    2.070322
   85.530584  237.438823    0.060579    0.130707
   85.529173  237.403284    0.458518    2.456200
   85.528467  237.385515    0.312059    1.078498
   85.527760  237.367741    0.344279    1.381693
   85.527054  237.349957    0.385385    1.768482
   85.526347  237.332166    0.363524    1.562916
   85.525640  237.314372    0.298373    0.950101
   85.524932  237.296571    0.281902    0.795251
   85.524225  237.278749    0.345592    1.394492
   85.523517  237.260931    0.364002    1.567769
   85.522808  237.243125    0.490929    2.761905
   85.522099  237.225342    0.407443    1.976618
   85.521390  237.207609    0.357574    1.507569
   85.520681  237.189899    0.267384    0.659212
   85.519971  237.172210    0.511455    2.955353
   85.519262  237.154536    0.214262    0.462300
   85.518552  237.136873    0.300580    0.971763
   85.517842  237.119223    0.205402    0.443183
   85.517133  237.101585    0.300618    0.972306
   85.516424  237.083958    0.397043    1.879493
   85.515717  237.066334    0.276420    0.744847
   85.515010  237.048722    0.241632    0.521355
   85.514303  237.031125    0.295067    0.920452
   85.513595  237.013544    0.385844    1.774512
   85.512887  236.995999    0.364840    1.577014
   85.512178  236.978464    0.352860    1.464400
   85.511468  236.960935    0.288607    0.860041
   85.510755  236.943405    0.331020    1.259129
   85.510039  236.925861    0.317861    1.135432
   85.509321  236.908310    0.234185    0.505285
   85.507883  236.873171    0.226335    0.488348
   85.507166  236.855567    0.308239    1.045275
   85.506448  236.837950    0.225885    0.487378
   85.505729  236.820324    0.365821    1.587148
   85.505009  236.802690    0.375866    1.681739
   85.504288  236.785052    0.376907    1.691626
   85.503566  236.767412    0.534356    3.172893
   85.502843  236.749771    0.412231    2.024113
   85.502119  236.732133    0.372968    1.654845
   85.501394  236.714493    0.495730    2.809792
   85.500669  236.696864    0.243499    0.525383
   85.499943  236.679247    0.262656    0.617375
   85.499218  236.661650    0.184397    0.397861
   85.498493  236.644092    0.105278    0.227151
   85.497769  236.626550    0.128261    0.276740
   85.497046  236.609023    0.195653    0.422148
   85.496323  236.591503    0.241708    0.521518
   85.495602  236.573966    0.464753    2.519109
   85.494881  236.556443    0.330769    1.258772
   85.494160  236.538936    0.357029    1.505901
   85.493439  236.521457    0.321021    1.167245
   85.492716  236.504030    0.260391    0.596974
   85.491993  236.486626    0.365866    1.589299
   85.491268  236.469241    0.274910    0.733738
   85.490543  236.451867    0.303159    0.999578
   85.489817  236.434500    0.401400    1.923852
   85.489090  236.417135    0.366754    1.598016
   85.488363  236.399767    0.303293    1.001105
   85.487636  236.382390    0.244738    0.528055
   85.486910  236.364982    0.242501    0.523229
   85.486184  236.347566    0.250014    0.539440
   85.485457  236.330146    0.271945    0.706568
   85.484730  236.312724    0.329352    1.246699
   85.484001  236.295315    0.198045    0.427310
   85.483271  236.277906    0.180022    0.388421
   85.482540  236.260499    0.239501    0.516755
   85.481808  236.243090    0.144381    0.311522
   85.481071  236.225674    0.246557    0.531981
   85.480334  236.208258    0.260054    0.595336
   85.479596  236.190844    0.243039    0.524390
   85.478859  236.173435    0.301314    0.983657
   85.478125  236.156035    0.226389    0.488464
   85.477391  236.138639    0.189832    0.409589
   85.476658  236.121245    0.238532    0.514666
   85.475924  236.103851    0.274498    0.731757
   85.475189  236.086452    0.268372    0.674217
   85.474452  236.069056    0.371616    1.645561
   85.473716  236.051662    0.353996    1.479895
   85.472978  236.034274    0.198541    0.428380
   85.472238  236.016887    0.307333    1.041102
   85.471498  235.999511    0.227036    0.489862
   85.470758  235.982152    0.229824    0.495877
   85.470017  235.964812    0.243998    0.526460
   85.469277  235.947514    0.292455    0.901496
   85.468537  235.930234    0.119553    0.257952
   85.467797  235.912970    0.105500    0.227631
   85.467059  235.895716    0.113831    0.245605
   85.466322  235.878457    0.000000    0.000000
   85.465586  235.861208    0.000000    0.000000
   85.464850  235.843970    0.116739    0.251880
   85.461900  235.775151    0.263218    0.627355
   85.461160  235.757984    0.208715    0.450331
   85.452208  235.551473    0.395604    1.873924
   85.451457  235.534259    0.277019    0.758443
   85.441686  235.311217    0.225476    0.486494
   85.440937  235.294178    0.004192    0.009045
   85.436415  235.192122    0.332097    1.278382
   85.433402  235.124116    0.442442    2.316790
   85.430374  235.055992    0.179511    0.387319
   85.425031  234.936793    0.263270    0.632248
   85.424268  234.919732    0.301307    0.990158
   85.423504  234.902671    0.402105    1.938489
   85.422740  234.885621    0.311425    1.085528
   85.421975  234.868593    0.386644    1.793222
   85.421209  234.851624    0.275768    0.750265
   80.741210  199.396106    0.463606    2.832247
   80.739812  199.391854    0.354095    1.802106
   80.738413  199.387600    0.288134    1.181662
   80.737013  199.383341    0.364239    1.897676
   80.735613  199.379077    0.000000    0.000000
   80.734214  199.374810    0.137688    0.297081
   80.732814  199.370538    0.210874    0.455132
   80.731416  199.366257    0.288538    1.185817
   80.730018  199.361975    0.240267    0.731777
   80.727224  199.353419    0.203762    0.439644
   80.725828  199.349155    0.215500    0.499002
   80.724433  199.344899    0.185141    0.399467
   80.723039  199.340651    0.084889    0.183159
   80.721644  199.336410    0.212926    0.474996
   80.720249  199.332182    0.229784    0.633650
   80.718855  199.327960    0.087633    0.189080
   80.717462  199.323742    0.042553    0.091813
   80.716070  199.319526    0.323395    1.514494
   80.714682  199.315307    0.384213    2.086700
   80.713294  199.311090    0.413036    2.357919
   80.710518  199.302659    0.102664    0.221511
   80.709128  199.298446    0.134147    0.289440
   80.706343  199.290025    0.000000    0.000000
   80.703551  199.281621    0.093191    0.201071
   80.702152  199.277422    0.119367    0.257550
   80.700751  199.273221    0.043599    0.094071
   80.692333  199.247875    0.503595    3.210883
   80.690930  199.243656    0.459441    2.795581
   80.689527  199.239439    0.350243    1.768381
   80.688123  199.235224    0.369046    1.945345
   80.686719  199.231010    0.265572    0.971996
   80.676925  199.201538    0.064628    0.139443
   80.675529  199.197337    0.147234    0.317678
   80.668558  199.176392    0.341757    1.689598
   80.667165  199.172217    0.404189    2.276982
   80.665771  199.168047    0.211008    0.459736
   80.664378  199.163885    0.253726    0.861666
   80.662985  199.159726    0.166570    0.359399
   80.661591  199.155565    0.464052    2.840415
   80.658799  199.147215    0.298870    1.286628
   80.656004  199.138844    0.335923    1.635335
   80.654606  199.134662    0.513447    3.305440
   80.653209  199.130493    0.443048    2.643238
   80.651810  199.126329    0.479103    2.982490
   80.650411  199.122168    0.540639    3.561450
   80.649011  199.118009    0.289914    1.202858
   80.647608  199.113855    0.261091    0.931781
   80.644801  199.105542    0.303967    1.335267
   80.643398  199.101378    0.359762    1.860223
   80.641997  199.097198    0.385306    2.100598
   80.640596  199.093014    0.394843    2.190378
   80.639195  199.088829    0.339379    1.668686
   80.637795  199.084647    0.312924    1.419882
   80.636393  199.080478    0.264539    0.964779
   80.634992  199.076313    0.361470    1.876707
   80.633590  199.072149    0.313127    1.422000
   80.632189  199.067986    0.187774    0.405148
   80.630786  199.063818    0.289429    1.199198
   80.629384  199.059653    0.405198    2.288350
   80.627982  199.055490    0.317686    1.465164
   80.626582  199.051333    0.255134    0.876786
   80.625185  199.047187    0.233687    0.675096
   80.623788  199.043045    0.200987    0.433657
   80.622393  199.038906    0.342656    1.700343
   80.620999  199.034768    0.445642    2.669231
   80.619606  199.030624    0.369619    1.954125
   80.618213  199.026483    0.345519    1.727480
   80.616820  199.022345    0.385975    2.108134
   80.615426  199.018213    0.352721    1.795366
   80.614030  199.014090    0.402031    2.259310
   80.612632  199.009971    0.352178    1.790400
   80.611235  199.005856    0.477311    2.967640
   80.609836  199.001745    0.290400    1.209374
   80.608439  198.997639    0.371298    1.970477
   80.607042  198.993533    0.339054    1.667208
   80.605644  198.989423    0.275072    1.065381
   80.604245  198.985307    0.298178    1.282813
   80.602843  198.981174    0.279981    1.111698
   80.601441  198.977035    0.217627    0.525181
   80.600039  198.972892    0.330326    1.585452
   80.598636  198.968746    0.408253    2.318604
   80.597235  198.964600    0.368471    1.944428
   80.595834  198.960454    0.349422    1.765301
   80.594433  198.956310    0.193077    0.416591
   80.593031  198.952173    0.388049    2.128812
   80.591629  198.948050    0.297168    1.273940
   80.590227  198.943930    0.335108    1.630919
   80.588825  198.939812    0.250333    0.833483
   80.587423  198.935690    0.210367    0.457581
   80.586022  198.931556    0.311300    1.407153
   80.584621  198.927420    0.403993    2.279217
   80.583220  198.923284    0.166682    0.359640
   80.581820  198.919151    0.217944    0.529128
   80.580419  198.915024    0.248030    0.812232
   80.577617  198.906783    0.156059    0.336719
   80.576218  198.902672    0.443764    2.653774
   80.574821  198.898571    0.232736    0.668627
   80.573425  198.894475    0.285813    1.168007
   80.572029  198.890384    0.291447    1.221078
   80.570633  198.886298    0.425137    2.478814
   80.569235  198.882216    0.364431    1.907792
   80.567838  198.878137    0.246364    0.797163
   80.566441  198.874059    0.333172    1.613868
   80.565045  198.869980    0.289078    1.199123
   80.563653  198.865896    0.306538    1.363450
   80.562260  198.861811    0.424599    2.474155
   80.560867  198.857726    0.381082    2.064837
   80.559472  198.853644    0.431517    2.539362
   80.558074  198.849567    0.311489    1.410285
   80.556674  198.845490    0.388666    2.136383
   80.555272  198.841414    0.301158    1.313239
   80.553869  198.837337    0.230697    0.650455
   80.552466  198.833260    0.319897    1.489654
   80.551062  198.829180    0.283051    1.143097
   80.549657  198.825095    0.347859    1.752842
   80.548251  198.821003    0.193698    0.417930
   80.545437  198.812786    0.197295    0.425692
   80.544029  198.808670    0.163194    0.352113
   80.542620  198.804549    0.125962    0.271781
   80.541208  198.800422    0.327743    1.564010
   80.539796  198.796295    0.373027    1.990072
   80.538384  198.792172    0.227609    0.622145
   80.536972  198.788055    0.356344    1.833267
   80.535561  198.783956    0.216882    0.521371
   80.534150  198.779864    0.404085    2.282520
   80.532740  198.775779    0.336073    1.642778
   80.531332  198.771700    0.399161    2.236336
   80.529925  198.767624    0.411027    2.348026
   80.528519  198.763554    0.299624    1.300093
   80.527116  198.759487    0.284027    1.153437
   80.525715  198.755424    0.208673    0.450241
   80.524318  198.751362    0.301902    1.321725
   80.522924  198.747304    0.417833    2.412387
   80.521530  198.743252    0.317012    1.464003
   80.520138  198.739208    0.301355    1.316782
   80.518746  198.735178    0.291575    1.224845
   80.517354  198.731154    0.302348    1.326251
   80.515961  198.727132    0.296858    1.274671
   80.514566  198.723110    0.317119    1.465341
   80.513167  198.719083    0.291962    1.228750
   80.511767  198.715053    0.229707    0.643162
   80.507562  198.702946    0.034534    0.074512
   80.499139  198.678602    0.116436    0.251227
   80.490700  198.654324    0.247279    0.809478
   80.487890  198.646256    0.232511    0.670686
   80.486486  198.642215    0.266597    0.991421
   80.485082  198.638156    0.110103    0.237562
   80.483679  198.634095    0.148802    0.321061
   80.482276  198.630036    0.276150    1.081494
   80.480872  198.625984    0.469334    2.898911
   80.476659  198.613907    0.322962    1.522147
   80.471055  198.597916    0.574711    3.890710
   80.469654  198.593919    0.146055    0.315134
   80.468252  198.589905    0.199332    0.430086
   80.466850  198.585888    0.244531    0.784809
   80.465448  198.581870    0.239544    0.737958
   80.464046  198.577854    0.227267    0.622531
   80.461247  198.569838    0.197651    0.426458
   80.459847  198.565836    0.237993    0.723646
   80.458446  198.561838    0.157634    0.340116
   80.457042  198.557851    0.282397    1.141506
   80.455636  198.553865    0.192303    0.414919
   80.452822  198.545885    0.233838    0.684908
   80.419094  198.449927    0.243104    0.773729
   80.417695  198.445977    0.385059    2.109217
   80.416294  198.442028    0.393926    2.192702
   80.414892  198.438077    0.324143    1.536301
   80.413489  198.434122    0.338777    1.674039
   80.412084  198.430154    0.502981    3.218828
   80.410679  198.426181    0.425504    2.490040
   80.409272  198.422205    0.314485    1.445719
   80.407864  198.418226    0.355993    1.836269
   80.406455  198.414246    0.211262    0.474802
   80.405045  198.410265    0.279999    1.121510
   80.403634  198.406284    0.376430    2.028731
   80.402223  198.402302    0.292164    1.236085
   80.399397  198.394343    0.260752    0.940720
   80.397984  198.390365    0.375392    2.019250
   80.395158  198.382408    0.441454    2.640847
   80.393746  198.378431    0.443140    2.656785
   80.392335  198.374457    0.239376    0.739970
   80.390924  198.370484    0.237114    0.718766
   80.388104  198.362550    0.340356    1.690138
   80.386694  198.358590    0.473722    2.944826
   80.385285  198.354635    0.298769    1.299047
   80.383877  198.350688    0.319261    1.491894
   80.382469  198.346746    0.289104    1.208266
   80.381062  198.342808    0.266908    0.999527
   80.379655  198.338876    0.250019    0.840721
   80.378247  198.334951    0.309760    1.402786
   80.376841  198.331027    0.462160    2.836538
   80.375436  198.327103    0.365669    1.928879
   80.374032  198.323175    0.391241    2.169514
   80.372632  198.319236    0.556151    3.720944
   80.371232  198.315294    0.432086    2.553891
   80.369833  198.311350    0.432239    2.555396
   80.368434  198.307408    0.263428    0.967410
   80.367033  198.303468    0.316275    1.464627
   80.365631  198.299530    0.395952    2.214241
   80.364227  198.295596    0.317470    1.476005
   80.362822  198.291668    0.432950    2.562430
   80.360006  198.283838    0.246086    0.804672
   80.358597  198.279922    0.168123    0.362748
   80.357187  198.276000    0.190561    0.411160
   80.355779  198.272060    0.376785    2.034407
   80.354370  198.268114    0.248872    0.831155
   80.352960  198.264165    0.342388    1.710968
   80.351549  198.260214    0.308775    1.394825
   80.350135  198.256264    0.275836    1.085024
   80.348720  198.252315    0.444713    2.673774
   80.347304  198.248369    0.309386    1.400783
   80.344473  198.240491    0.298119    1.294921
   80.343057  198.236560    0.311419    1.420114
   80.341643  198.232636    0.291648    1.234190
   80.340230  198.228718    0.333479    1.627773
   80.338819  198.224815    0.354879    1.829162
   80.337410  198.220915    0.359414    1.871889
   80.336002  198.217016    0.354593    1.826609
   80.334596  198.213113    0.281504    1.139099
   80.333194  198.209193    0.357291    1.852128
   80.330391  198.201355    0.293752    1.254522
   80.327583  198.193556    0.264866    0.982926
   80.326177  198.189673    0.352503    1.807422
   80.324770  198.185794    0.274499    1.073684
   80.323364  198.181918    0.183539    0.396010
   80.321958  198.178044    0.211809    0.484074
   80.320553  198.174168    0.171093    0.369156
   80.319147  198.170288    0.309612    1.404269
   80.317741  198.166402    0.266866    1.002216
   80.316336  198.162501    0.248882    0.833105
   80.313522  198.154684    0.213376    0.499225
   80.312114  198.150773    0.218265    0.545278
   80.310704  198.146863    0.245558    0.802105
   80.309294  198.142955    0.292437    1.243174
   80.307882  198.139049    0.280267    1.128760
   80.306469  198.135147    0.244067    0.788281
   80.305055  198.131252    0.191929    0.414113
   80.303641  198.127359    0.268773    1.020826
   80.302226  198.123468    0.339722    1.688338
   80.299397  198.115678    0.183166    0.395207
   80.297984  198.111780    0.239907    0.749543
   80.296570  198.107881    0.331652    1.612685
   80.295156  198.103983    0.217277    0.536797
   80.293743  198.100083    0.424592    2.487142
   80.292331  198.096185    0.274480    1.075050
   80.290919  198.092292    0.312548    1.433242
   80.289507  198.088405    0.134782    0.290810
   80.288095  198.084532    0.309012    1.400114
   80.286684  198.080665    0.253516    0.878110
   80.285273  198.076804    0.225749    0.616960
   80.283863  198.072951    0.304427    1.357180
   80.282454  198.069109    0.240701    0.757757
   80.281045  198.065268    0.351760    1.802585
   80.279637  198.061427    0.281327    1.140065
   80.278229  198.057579    0.136310    0.294107
   80.276823  198.053711    0.281227    1.139259
   80.275417  198.049838    0.256266    0.904515
   80.274011  198.045966    0.166366    0.358957
   80.272605  198.042096    0.125101    0.269923
   80.271199  198.038239    0.214759    0.514244
   80.269793  198.034386    0.193124    0.416692
   80.268387  198.030537    0.134148    0.289442
   80.266980  198.026692    0.121378    0.261890
   80.265573  198.022854    0.026610    0.057415
   80.264165  198.019016    0.179094    0.386419
   80.262756  198.015177    0.186353    0.402081
   80.261347  198.011333    0.093139    0.200960
   80.259937  198.007477    0.175463    0.378585
   80.258526  198.003617    0.171615    0.370282
   80.257114  197.999753    0.188462    0.406632
   80.255701  197.995885    0.211476    0.484086
   80.254288  197.992011    0.222995    0.592524
   80.252873  197.988138    0.129737    0.279925
   80.251458  197.984266    0.247975    0.827647
   80.250041  197.980400    0.160923    0.347214
   80.248622  197.976549    0.171506    0.370048
   80.247203  197.972702    0.102260    0.220640
   80.245784  197.968859    0.105663    0.227982
   80.244366  197.965016    0.136674    0.294893
   80.242949  197.961171    0.123759    0.267027
   80.241534  197.957326    0.122076    0.263395
   80.238708  197.949638    0.190762    0.411596
   80.237297  197.945794    0.196715    0.424439
   80.235887  197.941951    0.331668    1.615711
   80.234478  197.938112    0.376620    2.038655
   80.233070  197.934277    0.173576    0.374513
   80.231662  197.930452    0.185041    0.399251
   80.228848  197.922815    0.061702    0.133131
   80.227441  197.919004    0.259165    0.934052
   80.226035  197.915199    0.158342    0.341645
   80.224630  197.911396    0.172313    0.371789
   80.223224  197.907592    0.289273    1.217485
   80.221818  197.903783    0.146307    0.315678
   80.220411  197.899962    0.162350    0.350293
   80.219004  197.896136    0.170399    0.367658
   80.217596  197.892307    0.344460    1.736913
   80.216187  197.888477    0.182530    0.393834
   80.213363  197.880817    0.220704    0.572892
   80.211950  197.876987    0.189806    0.409533
   80.210535  197.873158    0.261922    0.960784
   80.209120  197.869332    0.191047    0.412209
   80.207704  197.865508    0.334990    1.648284
   80.206287  197.861683    0.157656    0.340163
   80.204870  197.857858    0.108073    0.233183
   80.203453  197.854030    0.208531    0.458841
   80.202035  197.850203    0.331696    1.617565
   80.200618  197.846378    0.164935    0.355869
   80.199201  197.842557    0.233885    0.697563
   80.197784  197.838744    0.230510    0.665871
   80.196369  197.834935    0.271656    1.053011
   80.194954  197.831131    0.290988    1.234941
   80.193539  197.827330    0.210693    0.479645
   80.192126  197.823533    0.253696    0.884260
   80.190714  197.819740    0.233122    0.690782
   80.189302  197.815948    0.209182    0.465630
   80.187890  197.812158    0.267602    1.015276
   80.186478  197.808368    0.157779    0.340429
   80.185066  197.804579    0.180211    0.388830
   80.183654  197.800789    0.083344    0.179826
   80.182242  197.796998    0.143066    0.308684
   80.180832  197.793200    0.279805    1.130404
   80.179422  197.789403    0.384640    2.116685
   80.178012  197.785608    0.261472    0.958068
   80.176602  197.781818    0.319106    1.500318
   80.175191  197.778041    0.371984    1.997826
   80.173781  197.774268    0.413295    2.386516
   80.172371  197.770496    0.289434    1.221382
   80.170960  197.766725    0.305667    1.374155
   80.169550  197.762949    0.267838    1.018355
   80.168140  197.759170    0.107127    0.231141
   80.156847  197.728806    0.035071    0.075670
   80.155431  197.725012    0.172597    0.372402
   80.154014  197.721222    0.315858    1.470829
   80.152596  197.717437    0.213712    0.509968
   80.151178  197.713656    0.249334    0.845150
   80.149760  197.709877    0.106306    0.229370
   80.148342  197.706097    0.222901    0.596622
   80.146926  197.702314    0.291824    1.245077
   80.145511  197.698533    0.312992    1.444277
   80.144097  197.694755    0.248518    0.837816
   80.142683  197.690981    0.134330    0.289836
   80.141268  197.687216    0.230621    0.669587
   80.139854  197.683455    0.283292    1.165152
   80.138440  197.679699    0.247820    0.831525
   80.137026  197.675946    0.252197    0.872768
   80.135612  197.672197    0.349372    1.786991
   80.134198  197.668450    0.189790    0.409498
   80.131370  197.660957    0.312596    1.441237
   80.129958  197.657204    0.263687    0.981198
   80.128546  197.653451    0.451440    2.747528
   80.127133  197.649697    0.284680    1.178824
   80.125720  197.645946    0.322767    1.537189
   80.124306  197.642199    0.256249    0.911499
   80.122891  197.638453    0.185007    0.399178
   80.121476  197.634707    0.362767    1.913692
   80.120061  197.630958    0.375733    2.035730
   80.118644  197.627201    0.282486    1.158590
   80.117228  197.623443    0.255202    0.901992
   80.115813  197.619684    0.442435    2.663424
   80.114398  197.615927    0.215109    0.524958
   80.112984  197.612174    0.264221    0.987042
   80.111572  197.608423    0.356911    1.859077
   80.110160  197.604674    0.255060    0.900993
   80.108747  197.600927    0.184920    0.398989
   80.107334  197.597184    0.195525    0.421871
   80.105920  197.593443    0.273363    1.073389
   80.104506  197.589704    0.223817    0.607358
   80.103091  197.585968    0.146610    0.316331
   80.101674  197.582235    0.087377    0.188527
   80.100257  197.578503    0.244475    0.801899
   80.086079  197.541182    0.272077    1.062245
   80.084662  197.537472    0.272408    1.065425
   80.083245  197.533765    0.175220    0.378060
   80.081829  197.530059    0.137010    0.295618
   80.070516  197.500420    0.227875    0.647162
   80.069104  197.496714    0.278560    1.124039
   80.067692  197.492996    0.161608    0.348690
   80.066280  197.489274    0.298354    1.310386
   80.064867  197.485550    0.310604    1.425697
   80.063453  197.481826    0.234249    0.707463
   80.062036  197.478105    0.254858    0.901412
   80.060619  197.474384    0.181427    0.391454
   80.057781  197.466948    0.198812    0.428964
   80.052100  197.452096    0.214736    0.524444
   80.050681  197.448385    0.229833    0.666531
   80.049262  197.444676    0.340647    1.709064
   80.047843  197.440970    0.213562    0.513601
   80.046424  197.437268    0.234492    0.710570
   80.045005  197.433573    0.113604    0.245116
   80.043587  197.429882    0.128150    0.276500
   80.039337  197.418821    0.105719    0.228103
   80.032260  197.400406    0.214334    0.521599
   80.030844  197.396725    0.336693    1.672735
   80.029428  197.393045    0.147888    0.319088
   80.028012  197.389369    0.227110    0.641981
   80.019515  197.367333    0.111690    0.240987
   80.018098  197.363660    0.174457    0.376414
   80.016679  197.359984    0.108838    0.234833
   80.015259  197.356307    0.107882    0.232771
   80.013840  197.352628    0.172921    0.373100
   80.012421  197.348948    0.000000    0.000000
   80.011004  197.345262    0.000000    0.000000
   79.975559  197.253802    0.132023    0.284859
   79.974140  197.250161    0.162815    0.351295
   79.971303  197.242884    0.199404    0.430242
   79.964211  197.224679    0.088067    0.190016
   79.962792  197.221031    0.090395    0.195039
   79.961374  197.217380    0.127417    0.274920
   79.957116  197.206412    0.203855    0.439845
   79.955697  197.202758    0.155240    0.334951
   79.954279  197.199112    0.178024    0.384110
   79.952862  197.195469    0.166249    0.358706
   79.950027  197.188188    0.003343    0.007213
   79.944357  197.173646    0.054265    0.117085
   79.942940  197.170030    0.116612    0.251607
   79.941523  197.166417    0.013770    0.029710
   79.940105  197.162805    0.214243    0.525041
   79.938687  197.159189    0.187163    0.403830
   79.937266  197.155560    0.228376    0.658119
   79.935844  197.151929    0.354521    1.844876
   79.934422  197.148299    0.271613    1.064997
   79.933000  197.144672    0.141582    0.305482
   79.931579  197.141054    0.085892    0.185324
   79.928737  197.133832    0.198990    0.429349
   79.921640  197.115842    0.453471    2.776390
   79.920221  197.112231    0.036702    0.079189
   79.918801  197.108618    0.392306    2.201126
   79.917382  197.105003    0.314928    1.473267
   79.915962  197.101388    0.155631    0.335795
   79.914542  197.097774    0.310194    1.428864
   79.913121  197.094162    0.366975    1.963084
   79.910280  197.086947    0.289539    1.234751
   79.907441  197.079755    0.248890    0.852482
   79.906021  197.076160    0.195038    0.420822
   79.904602  197.072560    0.241723    0.785194
   79.903181  197.068946    0.306261    1.392387
   79.901760  197.065331    0.222708    0.606448
   79.898917  197.058102    0.228602    0.662024
   79.897495  197.054495    0.255472    0.914867
   79.896073  197.050894    0.345984    1.766406
   79.894651  197.047299    0.359140    1.890233
   79.893229  197.043714    0.447349    2.720112
   79.891808  197.040147    0.058951    0.127196
   79.890387  197.036585    0.397290    2.249321
   79.888966  197.033024    0.620113    4.345558
   79.887546  197.029460    0.271757    1.068519
   79.886125  197.025881    0.208218    0.470852
   79.884705  197.022298    0.280322    1.149228
   79.883286  197.018714    0.303767    1.369843
   79.881866  197.015130    0.254150    0.903141
   79.880448  197.011552    0.296580    1.302369
   79.879030  197.007974    0.277005    1.118277
   79.877611  197.004396    0.105566    0.227772
   79.876192  197.000818    0.252985    0.892452
   79.873351  196.993655    0.293998    1.278400
   79.871929  196.990074    0.237499    0.746957
   79.870508  196.986496    0.225579    0.634893
   79.869086  196.982925    0.123421    0.266298
   79.867665  196.979354    0.272082    1.072489
   79.866244  196.975783    0.268145    1.035517
   79.864822  196.972210    0.295217    1.290256
   79.863399  196.968630    0.274296    1.093517
   79.860553  196.961465    0.180746    0.389983
   79.859130  196.957883    0.232095    0.696710
   79.857708  196.954300    0.308865    1.418976
   79.856286  196.950719    0.193040    0.416510
   79.854864  196.947141    0.227148    0.650370
   79.853442  196.943567    0.222021    0.602206
   79.852019  196.940004    0.193355    0.417191
   79.850596  196.936444    0.042535    0.091775
   79.849173  196.932887    0.241295    0.783711
   79.847750  196.929330    0.375715    2.048319
   79.846328  196.925770    0.287735    1.220723
   79.844907  196.922210    0.208928    0.479421
   79.843485  196.918652    0.100751    0.217383
   79.842064  196.915098    0.290649    1.248328
   79.840643  196.911551    0.263851    0.996300
   79.839221  196.908006    0.319267    1.517680
   79.837800  196.904462    0.277598    1.125747
   79.836377  196.900917    0.346623    1.775162
   79.834954  196.897368    0.233550    0.711503
   79.833529  196.893819    0.204976    0.442767
   79.832105  196.890271    0.163518    0.352813
   79.830680  196.886726    0.304474    1.378910
   79.829255  196.883187    0.207972    0.471148
   79.827830  196.879651    0.303885    1.373493
   79.826405  196.876115    0.289823    1.241280
   79.824981  196.872582    0.268752    1.043118
   79.822133  196.865519    0.241069    0.782822
   79.820710  196.861984    0.294773    1.288106
   79.819287  196.858444    0.223226    0.615099
   79.817865  196.854890    0.262980    0.989147
   79.816443  196.851333    0.285992    1.205699
   79.815021  196.847777    0.279482    1.144525
   79.813599  196.844226    0.311222    1.443183
   79.812175  196.840691    0.288699    1.231368
   79.810751  196.837160    0.285101    1.197582
   79.809327  196.833631    0.271041    1.065385
   79.807904  196.830102    0.300495    1.342539
   79.806482  196.826567    0.260300    0.964476
   79.805061  196.823031    0.212323    0.513210
   79.803640  196.819493    0.333119    1.649642
   79.802219  196.815952    0.245292    0.823496
   79.800797  196.812405    0.227522    0.656388
   79.799375  196.808856    0.258657    0.949352
   79.797953  196.805308    0.400340    2.282279
   79.796531  196.801762    0.321232    1.538152
   79.795108  196.798223    0.322031    1.545739
   79.793684  196.794686    0.294999    1.291507
   79.792261  196.791155    0.249776    0.866149
   79.790837  196.787629    0.313832    1.468806
   79.789413  196.784111    0.196406    0.423772
   79.787990  196.780598    0.187732    0.405058
   79.786566  196.777088    0.301299    1.351105
   79.785142  196.773580    0.292698    1.270267
   79.783718  196.770073    0.181531    0.391677
   79.779445  196.759554    0.243420    0.806953
   79.778022  196.756044    0.256859    0.933447
   79.776600  196.752533    0.222472    0.610023
   79.773754  196.745511    0.318743    1.515807
   79.772330  196.742000    0.282225    1.172335
   79.770905  196.738490    0.247568    0.846377
   79.769479  196.734981    0.234661    0.725023
   79.768054  196.731474    0.145873    0.314741
   79.766629  196.727974    0.239098    0.766895
   79.765205  196.724474    0.188676    0.407093
   79.763780  196.720970    0.164606    0.355159
   79.762356  196.717459    0.130605    0.281798
   79.760932  196.713929    0.143828    0.310328
   79.759507  196.710395    0.217075    0.560039
   79.758083  196.706861    0.280283    1.154725
   79.756659  196.703330    0.212444    0.516610
   79.755234  196.699813    0.202533    0.436993
   79.753810  196.696301    0.205653    0.452856
   79.752385  196.692795    0.187716    0.405023
   79.750961  196.689294    0.188878    0.407530
   79.749537  196.685801    0.291319    1.258944
   79.748113  196.682311    0.197939    0.427080
   79.746689  196.678826    0.153858    0.331971
   79.743845  196.671862    0.235978    0.738598
   79.741003  196.664903    0.208211    0.477509
   79.739582  196.661423    0.205301    0.450203
   79.738159  196.657940    0.114894    0.247900
   79.736736  196.654457    0.155219    0.334906
   79.735313  196.650974    0.188670    0.407082
   79.733890  196.647494    0.200119    0.431784
   79.732466  196.644017    0.242774    0.803050
   79.731043  196.640543    0.198015    0.427245
   79.729619  196.637068    0.200394    0.432377
   79.728194  196.633595    0.160364    0.346007
   79.726768  196.630121    0.167391    0.361168
   79.725343  196.626646    0.181035    0.390607
   79.723917  196.623170    0.148489    0.320386
   79.721065  196.616204    0.145712    0.314393
   79.718215  196.609228    0.183903    0.396796
   79.715363  196.602261    0.207636    0.473280
   79.713936  196.598784    0.158145    0.341220
   79.712509  196.595308    0.124215    0.268010
   79.711082  196.591835    0.260505    0.970840
   79.709655  196.588366    0.174755    0.377058
   79.708228  196.584898    0.159337    0.343791
   79.706801  196.581429    0.054801    0.118240
   79.703948  196.574471    0.086448    0.186523
   79.684023  196.526160    0.060206    0.129903
   79.675480  196.505497    0.257049    0.939957
   79.671189  196.495170    0.109287    0.235801
   79.668329  196.488255    0.052164    0.112551
   79.664039  196.477863    0.210430    0.501920
   79.661179  196.470936    0.333389    1.658767
   79.659750  196.467480    0.213174    0.527926
   79.658322  196.464036    0.190441    0.410903
   79.656895  196.460598    0.078814    0.170051
   79.646929  196.436633    0.188448    0.406602
   79.645507  196.433219    0.191716    0.413654
   79.644086  196.429807    0.309125    1.431288
   79.641239  196.422983    0.106592    0.229986
   79.639814  196.419571    0.239287    0.774491
   79.638389  196.416159    0.083877    0.180975
   79.636963  196.412748    0.130249    0.281031
   79.635538  196.409337    0.139070    0.300063
   79.634113  196.405925    0.227635    0.665144
   79.629832  196.395670    0.298070    1.327939
   79.628404  196.392244    0.308995    1.430783
   79.626975  196.388818    0.261859    0.987424
   79.625546  196.385392    0.272618    1.088700
   79.622690  196.378552    0.318797    1.523249
   79.621262  196.375135    0.251895    0.893949
   79.619834  196.371720    0.240498    0.786792
   79.616977  196.364898    0.237247    0.756345
   79.615548  196.361488    0.145125    0.313127
   79.614119  196.358077    0.144579    0.311950
   79.612690  196.354663    0.137418    0.296498
   79.609831  196.347833    0.214171    0.539584
   79.608401  196.344420    0.184677    0.398465
   79.606972  196.341011    0.191123    0.412374
   79.604114  196.334196    0.180624    0.389721
   79.601259  196.327375    0.163378    0.352511
   79.599832  196.323964    0.196070    0.423048
   79.598406  196.320557    0.227974    0.669955
   79.596979  196.317158    0.245343    0.833408
   79.595552  196.313777    0.138510    0.298855
   79.594124  196.310402    0.239253    0.776253
   79.592697  196.307030    0.169997    0.366791
   79.591271  196.303656    0.243483    0.816175
   79.589847  196.300274    0.148226    0.319818
   79.588423  196.296890    0.215094    0.549234
   79.586999  196.293504    0.205808    0.461949
   79.585574  196.290116    0.083142    0.179390
   79.584149  196.286726    0.181025    0.390585
   79.582723  196.283335    0.146390    0.315856
   79.581296  196.279946    0.166194    0.358586
   79.579869  196.276558    0.133165    0.287322
   79.578440  196.273177    0.175005    0.377598
   79.577010  196.269797    0.190640    0.411331
   79.575580  196.266415    0.190561    0.411162
   79.574149  196.263028    0.242995    0.812359
   79.572717  196.259629    0.192349    0.415019
   79.569853  196.252823    0.134752    0.290746
   79.568421  196.249419    0.153963    0.332195
   79.566988  196.246016    0.125809    0.271449
   79.564123  196.239217    0.196082    0.423073
   79.562691  196.235822    0.154255    0.332827
   79.561260  196.232431    0.167500    0.361403
   79.559830  196.229044    0.109678    0.236646
   79.558400  196.225662    0.163283    0.352306
   79.556970  196.222285    0.190646    0.411345
   79.555539  196.218916    0.241135    0.795704
   79.554109  196.215553    0.211991    0.521596
   79.552680  196.212193    0.203875    0.445314
   79.551252  196.208836    0.118862    0.256461
   79.549826  196.205481    0.259214    0.966029
   79.548401  196.202128    0.239926    0.784644
   79.546977  196.198778    0.118192    0.255016
   79.545553  196.195430    0.139186    0.300314
   79.544129  196.192086    0.174578    0.376676
   79.542705  196.188743    0.186019    0.401361
   79.541281  196.185401    0.195419    0.421644
   79.539856  196.182057    0.181910    0.392495
   79.538429  196.178710    0.190893    0.411877
   79.537001  196.175362    0.160950    0.347272
   79.535573  196.172013    0.231382    0.704850
   79.534144  196.168664    0.198889    0.429130
   79.532715  196.165317    0.171173    0.369330
   79.531286  196.161969    0.181189    0.390939
   79.529857  196.158617    0.248631    0.867374
   79.528426  196.155260    0.195171    0.421109
   79.526994  196.151889    0.192249    0.414803
   79.525560  196.148516    0.206631    0.472454
   79.524126  196.145142    0.315675    1.498333
   79.522692  196.141770    0.180638    0.389751
   79.521256  196.138406    0.187218    0.403949
   79.519820  196.135047    0.151486    0.326852
   79.518385  196.131691    0.106795    0.230424
   79.516950  196.128340    0.211284    0.516621
   79.515516  196.124996    0.197900    0.426996
   79.512650  196.118313    0.121107    0.261304
   79.511219  196.114970    0.169394    0.365491
   79.509789  196.111619    0.183869    0.396722
   79.508359  196.108268    0.154916    0.334252
   79.506930  196.104919    0.094791    0.204525
   79.505502  196.101572    0.125800    0.271431
   79.504073  196.098233    0.184089    0.397198
   79.502645  196.094897    0.136364    0.294223
   79.501217  196.091566    0.141770    0.305889
   79.499789  196.088239    0.155348    0.335184
   79.498361  196.084919    0.258450    0.961142
   79.495507  196.078285    0.209448    0.500289
   79.494079  196.074968    0.355904    1.878117
   79.492652  196.071645    0.245313    0.837813
   79.491225  196.068320    0.133542    0.288136
   79.489797  196.064996    0.167097    0.360534
   79.488370  196.061672    0.119217    0.257228
   79.484084  196.051708    0.256029    0.938995
   79.482652  196.048386    0.212666    0.531128
   79.479782  196.041736    0.102978    0.222188
   79.478346  196.038410    0.184653    0.398413
   79.476910  196.035083    0.227248    0.668558
   79.475476  196.031755    0.239728    0.786023
   79.474041  196.028426    0.166220    0.358643
   79.472607  196.025098    0.117710    0.253976
   79.468300  196.015109    0.231625    0.710122
   79.466864  196.011781    0.161131    0.347663
   79.465428  196.008453    0.173653    0.374679
   79.462556  196.001803    0.297212    1.327389
   79.461122  195.998484    0.194723    0.420142
   79.456831  195.988584    0.110792    0.239050
   79.455404  195.985293    0.123080    0.265562
   79.453977  195.982000    0.034782    0.075047
   79.451123  195.975392    0.151574    0.327041
   79.449696  195.972085    0.091329    0.197055
   79.448269  195.968777    0.243172    0.819662
   79.446842  195.965467    0.129971    0.280430
   79.445414  195.962159    0.131418    0.283552
   79.443985  195.958853    0.112344    0.242397
   79.442556  195.955552    0.029229    0.063065
   79.441127  195.952262    0.135659    0.292702
   79.438266  195.945688    0.110809    0.239086
   79.436834  195.942400    0.138267    0.298329
   79.435400  195.939107    0.166230    0.358664
   79.433965  195.935811    0.222233    0.623334
   79.432530  195.932515    0.166721    0.359724
   79.431094  195.929216    0.227797    0.675801
   79.429660  195.925916    0.244039    0.828665
   79.426792  195.919315    0.191754    0.413735
   79.425358  195.916018    0.165766    0.357663
   79.423925  195.912726    0.185070    0.399313
   79.422491  195.909436    0.210025    0.509010
   79.421057  195.906150    0.177878    0.383797
   79.419622  195.902866    0.198443    0.428168
   79.418184  195.899587    0.159688    0.344548
   79.416746  195.896309    0.254432    0.927021
   79.415308  195.893031    0.146675    0.316472
   79.413871  195.889750    0.206152    0.472962
   79.396703  195.850379    0.155785    0.336127
   79.395274  195.847113    0.118561    0.255811
   79.393846  195.843847    0.133343    0.287706
   79.392418  195.840581    0.195913    0.422709
   79.390990  195.837315    0.083581    0.180338
   79.389562  195.834049    0.199929    0.431374
   79.388133  195.830784    0.127645    0.275412
   79.386704  195.827519    0.123070    0.265540
   79.385274  195.824256    0.172457    0.372100
   79.383843  195.820997    0.158699    0.342415
   79.382411  195.817738    0.259234    0.973748
   79.380978  195.814480    0.073857    0.159357
   79.379544  195.811220    0.154324    0.332975
   79.378109  195.807957    0.183024    0.394899
   79.376673  195.804693    0.201537    0.434845
   79.375236  195.801428    0.092371    0.199302
   79.373797  195.798160    0.184694    0.398502
   79.372357  195.794887    0.131588    0.283920
   79.370917  195.791614    0.197919    0.427038
   79.369476  195.788341    0.093038    0.200743
   79.368036  195.785069    0.130700    0.282003
   79.366598  195.781802    0.180154    0.388707
   79.365161  195.778537    0.143203    0.308980
   79.363725  195.775273    0.143921    0.310529
   79.362290  195.772011    0.142200    0.306817
   79.360856  195.768748    0.140563    0.303284
   79.359422  195.765487    0.132933    0.286821
   79.357990  195.762229    0.139542    0.301081
   79.356558  195.758973    0.134194    0.289543
   79.355127  195.755723    0.199197    0.429796
   79.353697  195.752475    0.160529    0.346363
   79.352268  195.749230    0.205666    0.471170
   79.350839  195.745987    0.201117    0.433937
   79.349411  195.742747    0.136612    0.294760
   79.347982  195.739509    0.205406    0.468915
   79.346554  195.736270    0.157267    0.339324
   79.345125  195.733028    0.364123    1.962144
   79.342264  195.726527    0.192745    0.415874
   79.340832  195.723277    0.128253    0.276723
   79.339400  195.720031    0.035422    0.076429
   79.336535  195.713562    0.242054    0.814185
   79.335101  195.710329    0.337372    1.710943
   79.333666  195.707093    0.233372    0.732639
   79.332228  195.703847    0.075272    0.162409
   79.330789  195.700599    0.147635    0.318542
   79.329350  195.697352    0.124671    0.268995
   79.326472  195.690872    0.136109    0.293673
   79.323595  195.684409    0.283902    1.208443
   79.322157  195.681180    0.249039    0.880543
   79.320718  195.677952    0.160722    0.346780
   79.319280  195.674726    0.244965    0.842342
   79.317841  195.671500    0.201623    0.435029
   79.316403  195.668275    0.214249    0.553516
   79.314964  195.665051    0.148329    0.320040
   79.312087  195.658603    0.222864    0.634755
   79.310650  195.655377    0.173647    0.374668
   79.309216  195.652148    0.245494    0.847775
   79.306349  195.645691    0.119706    0.258282
   79.300631  195.632811    0.338403    1.722184
   79.299202  195.629597    0.265760    1.038870
   79.297770  195.626383    0.092248    0.199039
   79.296337  195.623170    0.154650    0.333678
   79.294905  195.619960    0.131004    0.282658
   79.293473  195.616753    0.195533    0.421889
   79.292043  195.613553    0.271822    1.096213
   79.290612  195.610355    0.208566    0.501207
   79.289182  195.607157    0.186517    0.402436
   79.287750  195.603956    0.192748    0.415881
   79.286315  195.600745    0.166764    0.359817
   79.284880  195.597534    0.153850    0.331952
   79.283443  195.594322    0.217392    0.584550
   79.244659  195.507944    0.103012    0.222263
   79.243228  195.504763    0.091651    0.197749
   79.227459  195.469808    0.155136    0.334728
   79.226024  195.466626    0.144614    0.312024
   79.224588  195.463446    0.151582    0.327060
   79.223146  195.460269    0.114204    0.246410
   79.221703  195.457094    0.054936    0.118532
   79.220260  195.453921    0.166354    0.358931
   79.217374  195.447582    0.060582    0.130714
   79.215933  195.444415    0.145634    0.314226
   79.214492  195.441246    0.117995    0.254590
   79.213051  195.438075    0.179453    0.387194
   79.211610  195.434894    0.142426    0.307303
   79.210169  195.431713    0.103003    0.222242
   79.208729  195.428532    0.187160    0.403822
   79.207291  195.425355    0.112541    0.242823
   79.205854  195.422187    0.127880    0.275919
   79.204419  195.419023    0.046131    0.099535
   79.202984  195.415864    0.210726    0.525374
   79.201551  195.412710    0.075820    0.163591
   79.200118  195.409563    0.193503    0.417509
   79.198686  195.406418    0.244554    0.843786
   79.197255  195.403276    0.049866    0.107594
   79.195824  195.400133    0.068802    0.148449
   79.194393  195.396987    0.069233    0.149379
   79.192962  195.393839    0.155086    0.334620
   79.191531  195.390690    0.077457    0.167124
   79.190099  195.387539    0.041749    0.090079
   79.188669  195.384382    0.039014    0.084178
   79.187237  195.381224    0.120332    0.259632
   79.185804  195.378067    0.114866    0.247838
   79.184370  195.374912    0.047117    0.101661
   79.182933  195.371764    0.112476    0.242682
   79.181494  195.368617    0.076681    0.165450
   79.180054  195.365471    0.054006    0.116525
   79.178613  195.362325    0.071331    0.153906
   79.177173  195.359178    0.093968    0.202748
   79.175731  195.356029    0.079590    0.171726
   79.172848  195.349721    0.063508    0.137027
   79.171408  195.346553    0.147600    0.318468
   79.169967  195.343383    0.123085    0.265573
   79.168526  195.340214    0.145299    0.313504
   79.164200  195.330741    0.088686    0.191352
   79.162758  195.327596    0.140020    0.302112
   79.161316  195.324459    0.114840    0.247782
   79.159876  195.321336    0.117503    0.253528
   79.158437  195.318217    0.093533    0.201811
   79.156999  195.315100    0.025219    0.054414
   79.155563  195.311981    0.143545    0.309718
   79.154128  195.308851    0.068690    0.148209
   79.152695  195.305719    0.058484    0.126186
   79.151262  195.302584    0.083570    0.180314
   79.149830  195.299448    0.197570    0.426284
   79.148397  195.296311    0.014592    0.031483
   79.141225  195.280683    0.097912    0.211258
   79.139788  195.277571    0.009220    0.019894
   79.138351  195.274458    0.112481    0.242693
   79.136916  195.271339    0.179831    0.388010
   79.135481  195.268218    0.105116    0.226802
   79.132611  195.261968    0.108959    0.235095
   79.131175  195.258835    0.057153    0.123315
   79.129738  195.255702    0.077803    0.167871
   79.128301  195.252569    0.052958    0.114265
   79.126862  195.249439    0.078640    0.169676
   79.125422  195.246318    0.194664    0.420013
   79.123980  195.243199    0.076553    0.165173
   79.122539  195.240083    0.070989    0.153169
   79.121096  195.236969    0.176943    0.381779
   79.118210  195.230748    0.146437    0.315958
   79.113881  195.221380    0.249902    0.897784
   79.112439  195.218243    0.138457    0.298739
   79.109557  195.211974    0.067494    0.145628
   79.108117  195.208852    0.176754    0.381370
   79.106679  195.205737    0.079108    0.170685
   79.103802  195.199526    0.105011    0.226577
   79.102361  195.196438    0.204232    0.468658
   79.100921  195.193353    0.187260    0.404039
   79.099481  195.190268    0.103503    0.223322
   79.096609  195.184076    0.065675    0.141703
   79.095176  195.180969    0.190608    0.411264
   79.093744  195.177859    0.196474    0.423920
   79.092312  195.174749    0.236615    0.773749
   79.090880  195.171639    0.139312    0.300585
   79.089447  195.168531    0.129860    0.280191
   79.088013  195.165426    0.127529    0.275162
   79.086577  195.162327    0.241181    0.816953
   79.085139  195.159239    0.169883    0.366546
   79.083700  195.156155    0.200325    0.432737
   79.082259  195.153072    0.156921    0.338579
   79.080819  195.149989    0.144971    0.312795
   79.079378  195.146903    0.208441    0.509278
   79.077938  195.143814    0.188173    0.406009
   79.076497  195.140720    0.217221    0.591996
   79.075056  195.137618    0.216647    0.586662
   79.070731  195.128250    0.222207    0.639159
   79.069288  195.125131    0.216155    0.582291
   79.067844  195.122026    0.134043    0.289216
   79.066400  195.118928    0.210257    0.526939
   79.062067  195.109673    0.200603    0.436307
   79.060624  195.106599    0.267712    1.067690
   79.059182  195.103525    0.213796    0.560543
   79.057740  195.100446    0.307705    1.444040
   79.056299  195.097353    0.211411    0.538233
   79.054858  195.094258    0.217238    0.593120
   79.053418  195.091162    0.169682    0.366113
   79.049104  195.081901    0.236084    0.770661
   79.047667  195.078824    0.259602    0.991971
   79.044790  195.072692    0.245821    0.862455
   79.043351  195.069634    0.240762    0.814925
   79.041912  195.066578    0.270128    1.091239
   79.040474  195.063519    0.235191    0.762639
   79.037602  195.057387    0.063311    0.136602
   79.036166  195.054317    0.245061    0.855688
   79.034731  195.051244    0.213724    0.560950
   79.033296  195.048166    0.250988    0.911570
   79.030425  195.042010    0.135158    0.291623
   79.028989  195.038937    0.160914    0.347194
   79.020340  195.020560    0.186392    0.402166
   79.018893  195.017491    0.090674    0.195641
   79.017446  195.014418    0.137820    0.297366
   79.013110  195.005174    0.197567    0.426277
   79.011664  195.002095    0.357360    1.913199
   79.010218  194.999021    0.162763    0.351184
   79.008773  194.995953    0.181803    0.392265
   79.007328  194.992890    0.259902    0.996569
   79.005884  194.989834    0.219078    0.612582
   79.004442  194.986792    0.315657    1.521204
   79.001561  194.980722    0.254652    0.947430
   78.994378  194.965531    0.163045    0.351791
   78.992943  194.962480    0.227874    0.695898
   78.988635  194.953335    0.228505    0.702022
   78.987197  194.950306    0.175327    0.378291
   78.984320  194.944254    0.200295    0.436829
   78.982881  194.941225    0.222453    0.645341
   78.978560  194.932096    0.120585    0.260178
   78.977119  194.929045    0.268121    1.075212
   78.974237  194.922932    0.255286    0.954591
   78.972795  194.919875    0.261570    1.013767
   78.971352  194.916823    0.248601    0.891822
   78.969908  194.913780    0.202348    0.456768
   78.968464  194.910740    0.260908    1.007726
   78.965574  194.904665    0.267249    1.067500
   78.964130  194.901624    0.262697    1.024743
   78.962686  194.898584    0.223073    0.652050
   78.961243  194.895544    0.205658    0.488279
   78.959800  194.892504    0.269121    1.085357
   78.956918  194.886425    0.232049    0.736730
   78.955477  194.883386    0.311477    1.483998
   78.954035  194.880349    0.223456    0.656021
   78.952592  194.877311    0.118214    0.255063
   78.951148  194.874275    0.271993    1.112745
   78.949705  194.871244    0.248886    0.895436
   78.946821  194.865209    0.277761    1.167194
   78.945380  194.862202    0.203695    0.470493
   78.943941  194.859196    0.255160    0.954704
   78.942501  194.856188    0.279077    1.179755
   78.941062  194.853168    0.233701    0.752954
   78.939624  194.850146    0.255295    0.956155
   78.938185  194.847120    0.307295    1.445397
   78.936747  194.844091    0.330100    1.659997
   78.935308  194.841058    0.304681    1.420930
   78.933869  194.838024    0.372395    2.057998
   78.932430  194.834992    0.330608    1.664958
   78.930990  194.831964    0.331132    1.669947
   78.929549  194.828946    0.242190    0.833300
   78.928108  194.825932    0.307453    1.447315
   78.926666  194.822921    0.270583    1.100529
   78.925224  194.819910    0.224126    0.663552
   78.923782  194.816900    0.263432    1.033385
   78.922339  194.813888    0.307824    1.451056
   78.920896  194.810875    0.243492    0.845925
   78.919453  194.807857    0.303610    1.411536
   78.918009  194.804830    0.329531    1.655444
   78.916565  194.801800    0.370649    2.042316
   78.915121  194.798771    0.327555    1.636976
   78.913676  194.795745    0.178691    0.385550
   78.912230  194.792726    0.274584    1.138780
   78.910784  194.789712    0.356871    1.912949
   78.909338  194.786701    0.294513    1.326389
   78.903554  194.774693    0.200297    0.440306
   78.900668  194.768705    0.208901    0.521375
   78.899227  194.765714    0.335283    1.710354
   78.897787  194.762723    0.284080    1.228733
   78.896348  194.759732    0.299271    1.371698
   78.894909  194.756738    0.292027    1.303614
   78.893470  194.753744    0.348997    1.839611
   78.892031  194.750750    0.377639    2.109118
   78.890592  194.747757    0.280582    1.196124
   78.889153  194.744765    0.308264    1.456604
   78.886274  194.738783    0.259761    1.000438
   78.884833  194.735793    0.254772    0.953573
   78.883392  194.732807    0.219705    0.623748
   78.881950  194.729820    0.323247    1.597861
   78.879065  194.723838    0.285348    1.241451
   78.877620  194.720833    0.248254    0.892561
   78.876174  194.717826    0.260176    1.004774
   78.871836  194.708815    0.242151    0.835388
   78.867498  194.699835    0.295419    1.336685
   78.866051  194.696848    0.288988    1.276245
   78.864603  194.693862    0.355943    1.906178
   78.863156  194.690878    0.330949    1.671110
   78.841517  194.646322    0.282673    1.217880
   78.840077  194.643352    0.308606    1.461898
   78.838638  194.640380    0.278549    1.179198
   78.837201  194.637404    0.351539    1.865904
   78.835764  194.634428    0.283923    1.229875
   78.830002  194.622545    0.365602    1.998505
   78.828556  194.619579    0.268776    1.087686
   78.827110  194.616613    0.341957    1.776190
   78.821319  194.604732    0.335825    1.718742
   78.818428  194.598764    0.260393    1.009254
   78.816982  194.595782    0.341488    1.772207
   78.815535  194.592806    0.368427    2.025688
   78.814086  194.589846    0.293332    1.319304
   78.812637  194.586893    0.348744    1.840642
   78.811188  194.583944    0.323369    1.601993
   78.808293  194.578059    0.394670    2.272866
   78.806847  194.575119    0.266941    1.071337
   78.805403  194.572181    0.350290    1.855496
   78.801074  194.563361    0.277715    1.172941
   78.799632  194.560419    0.289815    1.286829
   78.795311  194.551603    0.364033    1.985205
   78.792429  194.545722    0.302535    1.406793
   78.790988  194.542774    0.318080    1.553091
   78.788102  194.536869    0.342613    1.784001
   78.785212  194.530952    0.259070    0.998212
   78.783767  194.527991    0.292078    1.308787
   78.782320  194.525030    0.358183    1.930727
   78.780874  194.522071    0.336307    1.724996
   78.779428  194.519116    0.273448    1.133722
   78.777981  194.516164    0.364612    1.991399
   78.776535  194.513216    0.358222    1.931341
   78.775088  194.510271    0.338430    1.745220
   78.773641  194.507333    0.295732    1.343608
   78.772194  194.504399    0.299049    1.374870
   78.770746  194.501466    0.295799    1.344366
   78.769299  194.498536    0.404028    2.362576
   78.767852  194.495607    0.304841    1.429548
   78.766405  194.492678    0.363798    1.984244
   78.764958  194.489749    0.380891    2.145108
   78.763513  194.486819    0.343239    1.790960
   78.762068  194.483884    0.429084    2.598602
   78.760624  194.480949    0.330376    1.670080
   78.759180  194.478014    0.364039    1.986826
   78.757736  194.475080    0.350777    1.862124
   78.756291  194.472149    0.352404    1.877494
   78.754845  194.469220    0.407656    2.397330
   78.753400  194.466293    0.297354    1.359744
   78.751953  194.463368    0.336135    1.724632
   78.750505  194.460445    0.370650    2.049395
   78.749057  194.457524    0.382974    2.165392
   78.747609  194.454604    0.332206    1.687861
   78.746161  194.451685    0.329927    1.666487
   78.744715  194.448767    0.407331    2.394718
   78.743270  194.445849    0.358563    1.936000
   78.741824  194.442928    0.414307    2.460465
   78.740380  194.440005    0.341252    1.773272
   78.738935  194.437072    0.311900    1.497216
   78.737491  194.434138    0.276349    1.162833
   78.736047  194.431205    0.301359    1.398175
   78.734604  194.428277    0.318741    1.561757
   78.733160  194.425362    0.319890    1.572634
   78.728829  194.416629    0.291806    1.308618
   78.727383  194.413713    0.372619    2.068922
   78.724490  194.407874    0.319757    1.571759
   78.723044  194.404951    0.260896    1.018093
   78.721597  194.402023    0.291313    1.304296
   78.720150  194.399095    0.264117    1.048515
   78.718703  194.396167    0.306733    1.449484
   78.717256  194.393241    0.304881    1.432127
   78.715807  194.390319    0.313715    1.515296
   78.712908  194.384488    0.328935    1.658598
   78.710011  194.378680    0.352759    1.882846
   78.708563  194.375785    0.292262    1.313793
   78.707116  194.372894    0.221573    0.648855
   78.705669  194.370007    0.285992    1.254929
   78.704221  194.367124    0.327758    1.647897
   78.702775  194.364243    0.294070    1.331041
   78.701328  194.361362    0.260560    1.015862
   78.699882  194.358479    0.286018    1.255418
   78.698438  194.355588    0.269849    1.103375
   78.696994  194.352695    0.385002    2.186711
   78.695550  194.349801    0.457419    2.868025
   78.694106  194.346907    0.343947    1.800617
   78.692660  194.344017    0.291195    1.304427
   78.691213  194.341126    0.270157    1.106576
   78.689767  194.338235    0.381738    2.156320
   78.686874  194.332445    0.361983    1.970593
   78.685428  194.329545    0.342387    1.786314
   78.683981  194.326644    0.328760    1.658183
   78.682534  194.323740    0.445248    2.754080
   78.681086  194.320831    0.355491    1.909766
   78.679638  194.317921    0.335035    1.717398
   78.678189  194.315012    0.319658    1.572798
   78.676740  194.312103    0.314312    1.522571
   78.675290  194.309198    0.273673    1.140326
   78.672391  194.303398    0.258618    0.998818
   78.669494  194.297623    0.307631    1.460023
   78.662256  194.283214    0.336831    1.735020
   78.657911  194.274557    0.202798    0.474313
   78.652121  194.263065    0.458985    2.884598
   78.650674  194.260207    0.274520    1.149329
   78.649226  194.257351    0.006067    0.013090
   78.647779  194.254494    0.163614    0.353021
   78.646331  194.251634    0.261505    1.027072
   78.641989  194.243041    0.196501    0.423977
   78.640543  194.240170    0.222108    0.656699
   78.639097  194.237296    0.000000    0.000000
   78.637651  194.234419    0.234380    0.772268
   78.624616  194.208559    0.174188    0.375834
   78.618826  194.197129    0.171415    0.369852
   78.576786  194.114373    0.213163    0.575222
   78.575341  194.111532    0.136263    0.294007
   78.573896  194.108694    0.191194    0.412526
   78.572451  194.105855    0.111187    0.239901
   78.557988  194.077507    0.262023    1.035646
   78.556540  194.074664    0.289428    1.293514
   78.555090  194.071825    0.289818    1.297240
   78.553639  194.068996    0.171986    0.371082
   78.552187  194.066170    0.220994    0.649909
   78.550734  194.063347    0.394967    2.286600
   78.544924  194.052085    0.242329    0.850920
   78.543472  194.049266    0.052295    0.112834
   78.537666  194.037940    0.199074    0.444306
   78.536219  194.035121    0.294526    1.342314
   78.534772  194.032304    0.234266    0.775488
   78.533325  194.029490    0.160411    0.346108
   78.531878  194.026676    0.212842    0.574072
   78.530430  194.023863    0.227381    0.710906
   78.528981  194.021049    0.135345    0.292024
   78.527532  194.018235    0.000000    0.000000
   78.526083  194.015419    0.146886    0.316927
   78.521732  194.006961    0.105943    0.228586
   78.520282  194.004144    0.227595    0.713335
   78.518830  194.001333    0.408905    2.419039
   78.517379  193.998524    0.424380    2.564675
   78.515928  193.995716    0.253814    0.960162
   78.514478  193.992908    0.247370    0.899608
   78.513030  193.990096    0.197480    0.430333
   78.511582  193.987286    0.254557    0.967332
   78.510135  193.984476    0.263226    1.048948
   78.508687  193.981667    0.271596    1.127749
   78.507237  193.978864    0.296333    1.360516
   78.505787  193.976061    0.242900    0.857916
   78.504337  193.973259    0.215772    0.602771
   78.502887  193.970455    0.178419    0.384962
   78.501438  193.967646    0.144822    0.312474
   78.499989  193.964836    0.213592    0.582439
   78.498540  193.962028    0.159042    0.343155
   78.497091  193.959225    0.169286    0.365259
   78.495641  193.956431    0.170417    0.367697
   78.494190  193.953640    0.143671    0.309989
   78.492740  193.950852    0.187928    0.405481
   78.491289  193.948064    0.027971    0.060351
   78.489838  193.945276    0.199696    0.452134
   78.486936  193.939695    0.269769    1.111460
   78.485485  193.936900    0.291652    1.317375
   78.484032  193.934096    0.131354    0.283415
   78.482579  193.931290    0.162871    0.351416
   78.481125  193.928482    0.134510    0.290223
   78.479672  193.925672    0.217715    0.622067
   78.478219  193.922863    0.205560    0.507782
   78.476766  193.920055    0.283074    1.237043
   78.475313  193.917248    0.229655    0.734575
   78.473862  193.914444    0.220727    0.650640
   78.472410  193.911643    0.279204    1.200817
   78.470960  193.908845    0.238270    0.815796
   78.469510  193.906049    0.303863    1.432907
   78.468061  193.903257    0.419713    2.522807
   78.466612  193.900470    0.318374    1.569536
   78.465164  193.897684    0.222833    0.670811
   78.463716  193.894899    0.206123    0.513677
   78.459374  193.886518    0.273388    1.146633
   78.457926  193.883722    0.196577    0.424141
   78.456477  193.880928    0.240200    0.834543
   78.455027  193.878141    0.258260    1.004506
   78.453576  193.875358    0.328902    1.669118
   78.452125  193.872578    0.270491    1.119682
   78.450674  193.869802    0.385590    2.202513
   78.449222  193.867032    0.243624    0.867057
   78.447771  193.864264    0.307054    1.463825
   78.446319  193.861497    0.257548    0.998160
   78.444867  193.858726    0.230554    0.744282
   78.443416  193.855948    0.169573    0.365877
   78.441965  193.853168    0.247575    0.904526
   78.440514  193.850385    0.302431    1.420632
   78.439062  193.847599    0.264631    1.065096
   78.437608  193.844809    0.265117    1.069731
   78.436154  193.842020    0.243867    0.869890
   78.434699  193.839233    0.331815    1.697301
   78.427444  193.825403    0.346807    1.838645
   78.425994  193.822629    0.263839    1.058196
   78.424542  193.819853    0.394904    2.291229
   78.423091  193.817075    0.277343    1.185356
   78.418730  193.808730    0.374983    2.104069
   78.417276  193.805949    0.331813    1.698012
   78.415823  193.803173    0.413649    2.467929
   78.412923  193.797640    0.400328    2.342737
   78.411474  193.794877    0.376171    2.115548
   78.410024  193.792116    0.392339    2.267708
   78.405670  193.783834    0.398347    2.324404
   78.404219  193.781074    0.392664    2.271001
   78.401317  193.775557    0.427567    2.599465
   78.399867  193.772798    0.393687    2.280811
   78.398416  193.770040    0.338312    1.759936
   78.392614  193.759010    0.395330    2.296567
   78.391160  193.756268    0.386133    2.210107
   78.389706  193.753527    0.367028    2.030442
   78.388250  193.750786    0.398924    2.330555
   78.386795  193.748042    0.326835    1.652455
   78.383885  193.742529    0.352500    1.894018
   78.382431  193.739770    0.361032    1.974342
   78.379524  193.734248    0.285674    1.265542
   78.378072  193.731488    0.416458    2.495928
   78.376620  193.728730    0.445354    2.767826
   78.375168  193.725975    0.363662    1.999381
   78.370810  193.717737    0.455031    2.859106
   78.366454  193.709533    0.364887    2.011269
   78.365003  193.706798    0.323134    1.618548
   78.363552  193.704057    0.388360    2.232212
   78.362103  193.701298    0.357565    1.942570
   78.360653  193.698536    0.308081    1.477115
   78.359204  193.695776    0.311418    1.508572
   78.356303  193.690286    0.362797    1.992026
   78.350497  193.679377    0.503792    3.318655
