Converting ICESat/GLAS binary freeboard vector data to ASCII
Wed Feb 12 09:56:56 2014

write_fb:
  file_in:       laser3k0042002.dat
  laser_period:  3k
  track:         0042
  cycle:         002
  file_out:      laser3k0042002.txt
  non_zero_only:        0
  nan_replace:       -999

read_fb:
  Year:                  2008
  Month:                   10
  Day:                     12
  Hour:                     4
  Minute:                   4
  Doy:                    286
  record_count:           302
  non_zero_count:         300
  nan_count:                0

    Latitude   Longitude   Freeboard   Thickness
   82.089888   52.347710    0.315681    2.229656
   82.091224   52.341895    0.316233    2.234552
   82.092561   52.336076    0.254282    1.651464
   82.093899   52.330261    0.210898    1.243038
   82.095237   52.324454    0.234502    1.464786
   82.096575   52.318652    0.220093    1.328942
   82.099252   52.307073    0.127986    0.461861
   82.100589   52.301306    0.211221    1.244585
   82.101926   52.295542    0.290894    1.993805
   82.103262   52.289776    0.164339    0.802968
   82.104597   52.284001    0.132348    0.501722
   82.111261   52.255035    0.259065    1.692329
   82.112592   52.249247    0.327385    2.334741
   82.113924   52.243465    0.267176    1.768046
   82.115257   52.237698    0.251408    1.619416
   82.116591   52.231949    0.231317    1.430129
   82.124604   52.197262    0.000000    0.000000
   82.125938   52.191422    0.103769    0.228184
   82.127271   52.185560    0.000000    0.000000
   82.129936   52.173829    0.147517    0.638858
   82.136605   52.144720    0.305640    2.124910
   82.137942   52.138886    0.230461    1.417383
   82.139278   52.133044    0.150057    0.660705
   82.140613   52.127195    0.189068    1.027396
   82.141945   52.121336    0.205786    1.184383
   82.143274   52.115465    0.277222    1.856110
   82.144602   52.109591    0.336549    2.413924
   82.145931   52.103714    0.303577    2.103456
   82.147261   52.097839    0.239851    1.503667
   82.148593   52.091969    0.184257    0.980386
   82.149927   52.086101    0.260771    1.699890
   82.151261   52.080236    0.076674    0.161859
   82.152596   52.074379    0.127203    0.442784
   82.155265   52.062682    0.166694    0.813698
   82.156599   52.056834    0.159128    0.742235
   82.157932   52.050980    0.131542    0.482429
   82.159264   52.045118    0.101934    0.215183
   82.160596   52.039253    0.270303    1.787214
   82.163259   52.027504    0.384975    2.865391
   82.164592   52.021616    0.259277    1.682612
   82.165924   52.015730    0.246560    1.562681
   82.167256   52.009848    0.241821    1.517809
   82.169918   51.998150    0.249316    1.587731
   82.171248   51.992318    0.255298    1.643718
   82.172578   51.986482    0.239189    1.491887
   82.173908   51.980631    0.283149    1.905137
   82.175237   51.974758    0.264495    1.729358
   82.176567   51.968874    0.225587    1.363050
   82.177897   51.962979    0.295599    2.021380
   82.179228   51.957071    0.307852    2.136362
   82.180559   51.951151    0.187526    1.004122
   82.181891   51.945226    0.264998    1.732627
   82.183222   51.939299    0.262367    1.707586
   82.184553   51.933380    0.316375    2.215366
   82.185883   51.927473    0.332845    2.370011
   82.187213   51.921568    0.330915    2.351566
   82.188544   51.915660    0.176754    0.901022
   82.189875   51.909745    0.270722    1.784726
   82.191208   51.903820    0.187652    1.002962
   82.192542   51.897891    0.187049    0.996992
   82.193874   51.891960    0.221698    1.322654
   82.195204   51.886028    0.237836    1.474182
   82.196531   51.880096    0.277751    1.849381
   82.197857   51.874163    0.118884    0.354578
   82.199183   51.868228    0.196702    1.086345
   82.200507   51.862289    0.235987    1.455617
   82.201831   51.856343    0.224808    1.350160
   82.203155   51.850399    0.332257    2.360676
   82.221770   51.767310    0.158142    0.718628
   82.223098   51.761359    0.026033    0.054956
   82.224426   51.755410    0.182390    0.946153
   82.225753   51.749460    0.237767    1.466805
   82.227082   51.743508    0.309056    2.137155
   82.228411   51.737551    0.319473    2.234860
   82.229740   51.731589    0.299910    2.050534
   82.231069   51.725620    0.243563    1.520165
   82.232398   51.719639    0.393577    2.931105
   82.233725   51.713645    0.341604    2.441881
   82.235052   51.707644    0.338872    2.415888
   82.236379   51.701639    0.328571    2.318689
   82.237705   51.695631    0.349022    2.510789
   82.239029   51.689622    0.309414    2.137890
   82.240354   51.683614    0.685486    5.675433
   82.241678   51.677607    0.419659    3.174416
   82.243004   51.671608    0.361354    2.625621
   82.244331   51.665618    0.381539    2.815217
   82.245658   51.659630    0.300249    2.050204
   82.246986   51.653643    0.380242    2.802435
   82.248314   51.647652    0.363862    2.648046
   82.249641   51.641657    0.361895    2.629251
   82.250968   51.635659    0.377388    2.774705
   82.252295   51.629659    0.342277    2.444111
   82.253622   51.623655    0.358617    2.597536
   82.254947   51.617647    0.319457    2.228855
   82.256271   51.611639    0.363653    2.644328
   82.257596   51.605632    0.321308    2.245682
   82.258922   51.599629    0.386930    2.862721
   82.260249   51.593634    0.204365    1.144974
   82.261576   51.587640    0.355677    2.568120
   82.262903   51.581647    0.451097    3.465477
   82.264230   51.575653    0.397046    2.956707
   82.265557   51.569657    0.343236    2.450208
   82.266884   51.563658    0.422074    3.191575
   82.268210   51.557651    0.381048    2.805340
   82.269534   51.551631    0.249343    1.566052
   82.270856   51.545594    0.325327    2.280562
   82.272178   51.539550    0.356659    2.575023
   82.273500   51.533502    0.347024    2.484090
   82.274823   51.527455    0.314743    2.180124
   82.276148   51.521411    0.278183    1.835893
   82.277473   51.515367    0.362254    2.626483
   82.278798   51.509322    0.334954    2.369373
   82.281448   51.497237    0.351374    2.523255
   82.282773   51.491194    0.275925    1.813192
   82.284098   51.485149    0.222578    1.311050
   82.289390   51.460924    0.200508    1.102256
   82.290713   51.454852    0.292046    1.963090
   82.292034   51.448769    0.199436    1.091591
   82.298663   51.418400    0.320105    2.225304
   82.299993   51.412337    0.332156    2.338371
   82.301322   51.406264    0.402508    2.999909
   82.302650   51.400178    0.408691    3.057779
   82.303977   51.394086    0.311328    2.141554
   82.305303   51.387988    0.282182    1.867079
   82.306627   51.381886    0.483526    3.760894
   82.309270   51.369669    0.531810    4.214535
   82.310591   51.363563    0.337452    2.385857
   82.311913   51.357466    0.293080    1.968144
   82.313236   51.351381    0.380603    2.791203
   82.314559   51.345300    0.304278    2.072899
   82.315882   51.339219    0.375480    2.742425
   82.319850   51.320953    0.290623    1.943276
   82.321172   51.314855    0.505032    3.960004
   82.322491   51.308748    0.399394    2.965932
   82.323808   51.302632    0.406039    3.028157
   82.325124   51.296510    0.371458    2.702546
   82.326440   51.290384    0.362239    2.615535
   82.327758   51.284256    0.448656    3.428198
   82.333043   51.259737    0.276102    1.803750
   82.334368   51.253615    0.338228    2.387897
   82.335694   51.247487    0.243889    1.500125
   82.337018   51.241351    0.217467    1.251275
   82.338340   51.235191    0.266282    1.710203
   82.339659   51.229004    0.391018    2.883341
   82.340976   51.222809    0.249001    1.547049
   82.342293   51.216610    0.311641    2.136029
   82.343612   51.210417    0.340057    2.403056
   82.344932   51.204236    0.407986    3.041803
   82.346253   51.198062    0.361349    2.602781
   82.347574   51.191897    0.337960    2.382457
   82.348895   51.185749    0.319238    2.206038
   82.350215   51.179622    0.232844    1.393016
   82.351536   51.173501    0.280572    1.841719
   82.352856   51.167381    0.260389    1.651561
   82.354176   51.161258    0.184040    0.933030
   82.370001   51.087256    0.334340    2.343489
   82.371324   51.081082    0.349341    2.484324
   82.372646   51.074903    0.329001    2.292688
   82.373969   51.068719    0.236905    1.426024
   82.375289   51.062526    0.287109    1.898023
   82.376607   51.056322    0.299370    2.013074
   82.377923   51.050112    0.238548    1.440613
   82.379239   51.043895    0.363126    2.612274
   82.380554   51.037669    0.177490    0.865641
   82.381870   51.031435    0.194611    1.026421
   82.383186   51.025200    0.272378    1.757708
   82.384502   51.018966    0.163000    0.728471
   82.385820   51.012740    0.249707    1.543858
   82.387140   51.006527    0.286747    1.892015
   82.388461   51.000318    0.195219    1.030694
   82.389781   50.994109    0.196136    1.039038
   82.391101   50.987900    0.079632    0.168104
   82.392419   50.981689    0.247688    1.523427
   82.393736   50.975475    0.125845    0.376917
   82.395052   50.969256    0.171906    0.809937
   82.396368   50.963026    0.111800    0.244218
   82.397684   50.956785    0.180226    0.887632
   82.399000   50.950541    0.300119    2.015220
   82.400315   50.944296    0.149902    0.601787
   82.401631   50.938055    0.205989    1.129128
   82.402948   50.931822    0.227071    1.327173
   82.404265   50.925593    0.256050    1.599497
   82.405581   50.919369    0.283401    1.856507
   82.406898   50.913155    0.300960    2.021402
   82.408215   50.906953    0.253906    1.578461
   82.409531   50.900749    0.372470    2.693543
   82.410846   50.894540    0.377902    2.744357
   82.412159   50.888312    0.313721    2.140301
   82.413470   50.882061    0.331978    2.311760
   82.414780   50.875799    0.189989    0.975738
   82.416090   50.869531    0.039602    0.083600
   82.417402   50.863259    0.128035    0.392345
   82.418716   50.856987    0.119210    0.309037
   82.420031   50.850715    0.206285    1.127887
   82.421347   50.844441    0.251861    1.556348
   82.422663   50.838174    0.211546    1.176806
   82.423980   50.831915    0.160945    0.700492
   82.425297   50.825652    0.103152    0.217754
   82.426615   50.819383    0.071976    0.151941
   82.427933   50.813096    0.144096    0.541126
   82.429252   50.806788    0.130217    0.410274
   82.430571   50.800472    0.089014    0.187908
   82.431890   50.794150    0.053060    0.112010
   82.438474   50.762577    0.098242    0.207390
   82.439790   50.756270    0.117742    0.290608
   82.441106   50.749965    0.116020    0.274117
   82.442421   50.743665    0.130401    0.409116
   82.443736   50.737373    0.129778    0.402971
   82.446364   50.724809    0.062337    0.131595
   82.447676   50.718524    0.165563    0.738748
   82.448986   50.712232    0.061738    0.130330
   82.451597   50.699615    0.159750    0.683206
   82.452902   50.693299    0.038197    0.080634
   82.454211   50.686976    0.118960    0.298906
   82.456837   50.674317    0.152138    0.610450
   82.458152   50.667988    0.111418    0.235203
   82.459466   50.661669    0.070267    0.148333
   82.460779   50.655362    0.266871    1.688921
   82.462092   50.649055    0.351321    2.483077
   82.463405   50.642745    0.282643    1.836711
   82.464717   50.636426    0.292735    1.931365
   82.466029   50.630093    0.268919    1.707036
   82.467341   50.623753    0.588096    4.709357
   82.468653   50.617405    0.305704    2.052506
   82.469966   50.611048    0.323304    2.217792
   82.471279   50.604682    0.296177    1.962307
   82.472593   50.598311    0.166843    0.745331
   82.473907   50.591934    0.292341    1.925643
   82.475221   50.585556    0.208141    1.133264
   82.476534   50.579177    0.203856    1.092661
   82.477846   50.572796    0.333476    2.311751
   82.479159   50.566413    0.254920    1.572464
   82.480473   50.560030    0.239550    1.427586
   82.481788   50.553646    0.286847    1.872230
   82.483103   50.547263    0.239896    1.430262
   82.484417   50.540881    0.259219    1.611755
   82.485730   50.534502    0.271511    1.727096
   82.487042   50.528126    0.232775    1.362413
   82.489662   50.515381    0.295795    1.954687
   82.490972   50.509009    0.205563    1.105551
   82.492281   50.502638    0.292708    1.925070
   82.493590   50.496267    0.270821    1.718884
   82.494899   50.489895    0.200903    1.060858
   82.496208   50.483522    0.323955    2.218161
   82.497519   50.477148    0.446073    3.366676
   82.498829   50.470773    0.226194    1.297919
   82.500139   50.464396    0.143306    0.517874
   82.501447   50.458019    0.147483    0.556881
   82.502754   50.451642    0.064290    0.135717
   82.504061   50.445262    0.082009    0.173122
   82.510596   50.413267    0.107472    0.226873
   82.513218   50.400393    0.110132    0.232488
   82.514530   50.393942    0.174663    0.809697
   82.515842   50.387487    0.112877    0.238284
   82.517153   50.381037    0.151134    0.587785
   82.518463   50.374597    0.307416    2.057688
   82.519772   50.368154    0.319684    2.172814
   82.521081   50.361709    0.252533    1.540811
   82.522391   50.355253    0.016862    0.035595
   82.523702   50.348783    0.049666    0.104844
   82.525014   50.342313    0.213578    1.173489
   82.527637   50.329388    0.145401    0.531551
   82.528947   50.322949    0.106026    0.223821
   82.530258   50.316515    0.076692    0.161898
   82.531567   50.310085    0.099453    0.209945
   82.532876   50.303656    0.202894    1.071257
   82.534184   50.297227    0.258929    1.598108
   82.535491   50.290797    0.368862    2.631997
   82.536798   50.284364    0.308040    2.059536
   82.538105   50.277929    0.287825    1.869077
   82.539413   50.271488    0.186972    0.920037
   82.540720   50.265042    0.131432    0.397265
   82.542027   50.258592    0.310782    2.084180
   82.543332   50.252134    0.419356    3.105288
   82.544636   50.245668    0.294822    1.933465
   82.545939   50.239198    0.324240    2.209920
   82.547242   50.232725    0.321606    2.184860
   82.548547   50.226252    0.127378    0.357401
   82.549853   50.219781    0.167227    0.731989
   82.551159   50.213309    0.099004    0.208997
   82.552465   50.206835    0.192431    0.968513
   82.553770   50.200360    0.301387    1.993215
   82.556377   50.187405    0.443379    3.328406
   82.557681   50.180922    0.289422    1.879792
   82.558984   50.174435    0.172483    0.779416
   82.560287   50.167942    0.227575    1.297403
   82.561591   50.161443    0.148697    0.555083
   82.562896   50.154937    0.188844    0.932468
   82.565510   50.141896    0.130231    0.380500
   82.568127   50.128825    0.277972    1.769780
   82.569436   50.122283    0.349584    2.443168
   82.570744   50.115737    0.335128    2.306887
   82.572053   50.109188    0.274243    1.733833
   82.573361   50.102641    0.322640    2.188829
   82.574670   50.096096    0.412131    3.030409
   82.575979   50.089558    0.324349    2.204333
   82.577288   50.083021    0.256236    1.563277
   82.578597   50.076485    0.390280    2.823987
   82.581212   50.063409    0.316013    2.124762
   82.582518   50.056872    0.311049    2.077769
