Converting ICESat/GLAS binary freeboard vector data to ASCII
Wed Feb 12 09:57:06 2014

write_fb:
  file_in:       laser3k0053002.dat
  laser_period:  3k
  track:         0053
  cycle:         002
  file_out:      laser3k0053002.txt
  non_zero_only:        0
  nan_replace:       -999

read_fb:
  Year:                  2008
  Month:                   10
  Day:                     12
  Hour:                    21
  Minute:                  48
  Doy:                    286
  record_count:          1394
  non_zero_count:        1387
  nan_count:                0

    Latitude   Longitude   Freeboard   Thickness
   79.038558  155.397189    0.201977    0.693306
   79.039998  155.394104    0.357495    2.156328
   79.042883  155.387926    0.371851    2.291425
   79.044326  155.384837    0.354297    2.126302
   79.045769  155.381747    0.346244    2.050568
   79.047213  155.378657    0.336234    1.956420
   79.048657  155.375569    0.303219    1.645850
   79.050101  155.372483    0.144811    0.305696
   79.051543  155.369403    0.080094    0.169079
   79.052983  155.366335    0.357418    2.155782
   79.057299  155.357138    0.210935    0.777819
   79.058740  155.354063    0.362959    2.207975
   79.060181  155.350985    0.451600    3.041870
   79.061622  155.347907    0.271381    1.346508
   79.063063  155.344828    0.282112    1.447479
   79.064502  155.341753    0.326837    1.868238
   79.067378  155.335601    0.234532    0.999932
   79.068815  155.332523    0.220148    0.864635
   79.070253  155.329440    0.250846    1.153440
   79.071690  155.326356    0.302327    1.637760
   79.073127  155.323269    0.367175    2.247828
   79.074565  155.320181    0.103875    0.219281
   79.076003  155.317092    0.273604    1.367604
   79.077442  155.314002    0.348582    2.072971
   79.078880  155.310909    0.297996    1.597108
   79.080318  155.307812    0.389706    2.459876
   79.081756  155.304708    0.266279    1.298777
   79.083193  155.301602    0.247923    1.126113
   79.084630  155.298495    0.319340    1.797977
   79.086066  155.295388    0.261743    1.256162
   79.087501  155.292287    0.408471    2.636493
   79.088936  155.289187    0.347964    2.067309
   79.090372  155.286085    0.335317    1.948352
   79.091808  155.282982    0.343635    2.026618
   79.093247  155.279873    0.314460    1.752179
   79.094686  155.276763    0.269018    1.324709
   79.096126  155.273651    0.245540    1.103858
   79.099007  155.267429    0.424476    2.787213
   79.100448  155.264319    0.152096    0.321074
   79.101890  155.261208    0.150051    0.316757
   79.103332  155.258094    0.332221    1.919386
   79.104775  155.254971    0.291974    1.540791
   79.106218  155.251849    0.324096    1.842995
   79.107662  155.248728    0.141226    0.298128
   79.109105  155.245612    0.214881    0.815609
   79.110547  155.242509    0.187063    0.553936
   79.111988  155.239411    0.326950    1.869909
   79.114869  155.233217    0.282315    1.450051
   79.116309  155.230117    0.179611    0.483902
   79.119186  155.223909    0.155007    0.327220
   79.120623  155.220799    0.169333    0.387262
   79.122060  155.217680    0.247656    1.124096
   79.124932  155.211432    0.144255    0.304523
   79.126367  155.208305    0.122288    0.258150
   79.127800  155.205179    0.318480    1.790433
   79.132100  155.195794    0.122510    0.258620
   79.133537  155.192662    0.203982    0.713383
   79.134975  155.189527    0.210483    0.774560
   79.136414  155.186391    0.387712    2.441829
   79.137853  155.183252    0.290963    1.531698
   79.139291  155.180105    0.259216    1.233061
   79.140728  155.176958    0.334366    1.940045
   79.142166  155.173812    0.296828    1.586931
   79.143605  155.170669    0.203238    0.706511
   79.145045  155.167535    0.276580    1.396484
   79.146486  155.164404    0.263995    1.278113
   79.147927  155.161275    0.284588    1.471858
   79.149368  155.158149    0.290923    1.531466
   79.150810  155.155023    0.259267    1.233683
   79.152251  155.151898    0.243563    1.085975
   79.153692  155.148774    0.321790    1.821896
   79.155132  155.145652    0.231079    0.968566
   79.156572  155.142531    0.208467    0.755867
   79.159449  155.136286    0.138364    0.292086
   79.160886  155.133161    0.306789    1.680863
   79.162320  155.130029    0.232170    0.978916
   79.163753  155.126895    0.317376    1.780498
   79.165187  155.123761    0.213671    0.804924
   79.166621  155.120628    0.033761    0.071270
   79.168060  155.117502    0.219912    0.863675
   79.169499  155.114377    0.212173    0.790893
   79.170938  155.111250    0.199409    0.670830
   79.172377  155.108120    0.174689    0.438302
   79.173812  155.104983    0.251872    1.164402
   79.178117  155.095546    0.165614    0.352995
   79.179555  155.092387    0.313142    1.740859
   79.183868  155.082898    0.188005    0.563711
   79.185302  155.079742    0.266688    1.303929
   79.186736  155.076587    0.227079    0.931328
   79.188170  155.073433    0.137566    0.290403
   79.189605  155.070277    0.221260    0.876617
   79.191040  155.067121    0.218069    0.846621
   79.192477  155.063962    0.159216    0.336106
   79.193914  155.060800    0.314760    1.756257
   79.196791  155.054456    0.013111    0.027678
   79.203991  155.038587    0.204612    0.720180
   79.206869  155.032267    0.230055    0.959571
   79.208307  155.029113    0.266493    1.302374
   79.209745  155.025958    0.279597    1.425661
   79.211182  155.022803    0.108969    0.230034
   79.212620  155.019646    0.264945    1.287860
   79.214058  155.016479    0.248780    1.135810
   79.216932  155.010141    0.143020    0.301916
   79.218368  155.006972    0.184183    0.528176
   79.222666  154.997483    0.217561    0.842226
   79.224098  154.994321    0.304042    1.655801
   79.226965  154.987991    0.286525    1.491049
   79.228398  154.984824    0.210295    0.773941
   79.229831  154.981654    0.216170    0.829229
   79.231261  154.978479    0.194802    0.628235
   79.232691  154.975301    0.207212    0.745001
   79.234122  154.972122    0.171524    0.409286
   79.235553  154.968943    0.208842    0.760366
   79.236986  154.965769    0.234029    0.997332
   79.239856  154.959411    0.179864    0.487824
   79.241293  154.956223    0.000875    0.001847
   79.242733  154.953016    0.208928    0.761276
   79.244174  154.949805    0.332278    1.921684
   79.245616  154.946593    0.211494    0.785453
   79.247057  154.943383    0.182803    0.515566
   79.249938  154.936997    0.212377    0.793815
   79.252818  154.930619    0.195819    0.638091
   79.254257  154.927429    0.254039    1.185805
   79.255696  154.924239    0.219346    0.859450
   79.257135  154.921049    0.169506    0.390609
   79.258572  154.917858    0.160731    0.339304
   79.262879  154.908285    0.221458    0.879416
   79.265747  154.901913    0.134018    0.282912
   79.267181  154.898731    0.183413    0.521565
   79.268615  154.895549    0.172261    0.416679
   79.270049  154.892367    0.171382    0.408427
   79.271482  154.889182    0.197024    0.649664
   79.272915  154.885996    0.213554    0.805190
   79.274348  154.882807    0.160923    0.339710
   79.277214  154.876415    0.199072    0.669012
   79.278648  154.873212    0.205957    0.733793
   79.280081  154.870007    0.206074    0.734916
   79.281515  154.866800    0.204178    0.717096
   79.282949  154.863597    0.164638    0.347551
   79.285818  154.857180    0.205805    0.732461
   79.287255  154.853961    0.241077    1.064295
   79.288693  154.850724    0.178835    0.478781
   79.290132  154.847481    0.202509    0.701513
   79.291572  154.844237    0.195826    0.638664
   79.293012  154.840994    0.151785    0.320418
   79.294451  154.837763    0.248139    1.130822
   79.295891  154.834534    0.196282    0.643007
   79.298771  154.828080    0.206871    0.742660
   79.300214  154.824848    0.245869    1.109546
   79.301657  154.821616    0.247643    1.126255
   79.303099  154.818385    0.189447    0.578806
   79.304541  154.815155    0.230033    0.960623
   79.307421  154.808703    0.211735    0.788533
   79.308859  154.805480    0.188850    0.573262
   79.310296  154.802258    0.202270    0.699524
   79.313164  154.795818    0.202934    0.705810
   79.314596  154.792602    0.226770    0.930059
   79.316027  154.789390    0.186548    0.551698
   79.317456  154.786187    0.123167    0.260006
   79.318884  154.782986    0.180725    0.496950
   79.320312  154.779785    0.069844    0.147441
   79.321738  154.776583    0.198931    0.668257
   79.324591  154.770164    0.109606    0.231378
   79.327445  154.763723    0.226475    0.927447
   79.330308  154.757243    0.152302    0.321509
   79.331741  154.753996    0.161255    0.340410
   79.333175  154.750747    0.188395    0.569296
   79.334609  154.747497    0.183538    0.523624
   79.336044  154.744246    0.167147    0.369445
   79.337480  154.740994    0.170801    0.403835
   79.338917  154.737743    0.182949    0.518134
   79.340356  154.734498    0.179833    0.488839
   79.341797  154.731251    0.225343    0.916985
   79.343237  154.728001    0.195591    0.637112
   79.344678  154.724745    0.184694    0.534622
   79.346117  154.721472    0.172128    0.416424
   79.347556  154.718195    0.148760    0.314033
   79.348995  154.714918    0.144167    0.304336
   79.350433  154.711644    0.138807    0.293021
   79.351872  154.708381    0.195491    0.636286
   79.353311  154.705123    0.192814    0.611117
   79.354748  154.701870    0.195175    0.633355
   79.356184  154.698622    0.218188    0.849855
   79.357618  154.695384    0.155639    0.328555
   79.359050  154.692149    0.167881    0.376639
   79.360481  154.688916    0.182837    0.517354
   79.361912  154.685682    0.168959    0.386816
   79.363342  154.682442    0.133364    0.281533
   79.367632  154.672716    0.201137    0.689597
   79.369061  154.669476    0.218260    0.850703
   79.370490  154.666235    0.207900    0.753256
   79.374777  154.656498    0.170169    0.398359
   79.377635  154.649996    0.199545    0.674753
   79.379065  154.646744    0.239623    1.051797
   79.380495  154.643497    0.156364    0.330085
   79.381925  154.640248    0.156023    0.329365
   79.383356  154.636994    0.197811    0.658508
   79.384787  154.633735    0.160202    0.338188
   79.386219  154.630460    0.169665    0.393761
   79.387652  154.627180    0.164976    0.349674
   79.389085  154.623895    0.192046    0.604351
   79.390519  154.620609    0.193668    0.619624
   79.391955  154.617327    0.160390    0.338584
   79.393391  154.614043    0.210996    0.782672
   79.394827  154.610759    0.132097    0.278857
   79.396264  154.607473    0.235185    1.010256
   79.400577  154.597608    0.221938    0.885699
   79.402014  154.594316    0.205690    0.732860
   79.403452  154.591021    0.122115    0.257786
   79.404890  154.587725    0.190368    0.588757
   79.406327  154.584430    0.230761    0.968768
   79.407762  154.581137    0.144142    0.304283
   79.412063  154.571282    0.237918    1.036165
   79.414922  154.564735    0.162208    0.342422
   79.416350  154.561467    0.265476    1.295469
   79.417777  154.558200    0.244440    1.097589
   79.419203  154.554932    0.170689    0.403804
   79.422052  154.548381    0.216308    0.832999
   79.423476  154.545103    0.279848    1.430760
   79.424900  154.541825    0.222614    0.892353
   79.426326  154.538548    0.241470    1.069760
   79.427752  154.535270    0.266637    1.306532
   79.429179  154.531990    0.307501    1.690971
   79.430607  154.528708    0.247273    1.124404
   79.432035  154.525424    0.206059    0.736701
   79.433464  154.522136    0.258227    1.227488
   79.434895  154.518844    0.296471    1.587278
   79.436327  154.515548    0.243204    1.086190
   79.437764  154.512244    0.161192    0.340276
   79.439201  154.508935    0.250745    1.157167
   79.440639  154.505622    0.235427    1.013089
   79.442078  154.502304    0.240268    1.058640
   79.443514  154.498979    0.248237    1.133628
   79.444951  154.495652    0.284627    1.475975
   79.446387  154.492324    0.215992    0.830321
   79.447823  154.488996    0.224377    0.909225
   79.449260  154.485676    0.192941    0.613511
   79.450696  154.482356    0.223994    0.905652
   79.452132  154.479037    0.193398    0.617848
   79.453568  154.475717    0.281644    1.448023
   79.455003  154.472392    0.188039    0.567464
   79.456438  154.469068    0.257284    1.218892
   79.457871  154.465746    0.253674    1.184948
   79.460730  154.459124    0.228758    0.950590
   79.462156  154.455822    0.213167    0.803945
   79.463582  154.452522    0.245594    1.109005
   79.465007  154.449223    0.212249    0.795336
   79.466433  154.445917    0.268658    1.326014
   79.467860  154.442612    0.251389    1.163577
   79.469286  154.439308    0.198979    0.670559
   79.470713  154.436008    0.210683    0.780680
   79.472140  154.432719    0.219330    0.862041
   79.473567  154.429431    0.292694    1.552212
   79.476422  154.422838    0.263159    1.274402
   79.477849  154.419515    0.246171    1.114613
   79.479277  154.416185    0.242361    1.078782
   79.480705  154.412851    0.241561    1.071272
   79.482134  154.409517    0.172318    0.419904
   79.483565  154.406192    0.257196    1.218396
   79.484997  154.402867    0.216114    0.831940
   79.486430  154.399542    0.234736    1.007139
   79.487862  154.396218    0.270267    1.341408
   79.489294  154.392895    0.278287    1.416869
   79.493589  154.382909    0.230191    0.964471
   79.495023  154.379567    0.188929    0.576316
   79.496456  154.376220    0.243825    1.092762
   79.497891  154.372870    0.263543    1.278274
   79.499325  154.369517    0.254257    1.190934
   79.500759  154.366159    0.254357    1.191887
   79.502192  154.362802    0.236120    1.020346
   79.503626  154.359445    0.170068    0.398988
   79.505059  154.356093    0.259881    1.243914
   79.506492  154.352754    0.250712    1.157666
   79.509356  154.346082    0.170870    0.406606
   79.516506  154.329354    0.306716    1.684633
   79.517935  154.325999    0.246769    1.120705
   79.519364  154.322643    0.205341    0.731002
   79.520792  154.319289    0.233975    1.000387
   79.522219  154.315939    0.275627    1.392236
   79.523645  154.312599    0.286367    1.493283
   79.525070  154.309263    0.172052    0.417899
   79.526496  154.305928    0.252691    1.176511
   79.527922  154.302593    0.279549    1.429195
   79.529350  154.299257    0.264932    1.291698
   79.530778  154.295919    0.210843    0.782885
   79.532207  154.292578    0.229501    0.958422
   79.533636  154.289234    0.245555    1.109458
   79.535065  154.285883    0.292824    1.554157
   79.536494  154.282528    0.263897    1.282040
   79.537924  154.279171    0.282180    1.454055
   79.539354  154.275811    0.261719    1.261587
   79.542216  154.269090    0.276878    1.404228
   79.543646  154.265727    0.238133    1.039757
   79.546505  154.259000    0.313467    1.748491
   79.549361  154.252268    0.239675    1.054338
   79.550789  154.248896    0.271500    1.353749
   79.552217  154.245517    0.279312    1.427256
   79.553645  154.242135    0.240137    1.058740
   79.555074  154.238749    0.244000    1.095095
   79.557934  154.231977    0.219656    0.866121
   79.559364  154.228589    0.215785    0.829726
   79.560795  154.225202    0.333861    1.940527
   79.562226  154.221816    0.295871    1.583158
   79.563655  154.218430    0.222262    0.890711
   79.565085  154.215045    0.254808    1.196899
   79.566514  154.211662    0.259637    1.242354
   79.567943  154.208282    0.300433    1.626147
   79.569373  154.204910    0.219446    0.864300
   79.570802  154.201538    0.278474    1.419613
   79.572231  154.198166    0.248132    1.134191
   79.573659  154.194791    0.266023    1.302514
   79.575087  154.191404    0.246878    1.122432
   79.576513  154.188017    0.282523    1.457772
   79.577940  154.184630    0.203006    0.709749
   79.579366  154.181246    0.242494    1.081247
   79.580792  154.177873    0.227582    0.940984
   79.582218  154.174504    0.311598    1.731369
   79.583643  154.171136    0.266421    1.306390
   79.585069  154.167768    0.219985    0.869565
   79.586495  154.164400    0.211687    0.791523
   79.587921  154.161029    0.211726    0.791912
   79.590774  154.154270    0.210251    0.778066
   79.592202  154.150872    0.274432    1.381855
   79.593631  154.147466    0.322332    1.832489
   79.595061  154.144053    0.245453    1.109278
   79.597921  154.137214    0.194498    0.629970
   79.599352  154.133790    0.233409    0.996035
   79.600783  154.130366    0.211401    0.789013
   79.602215  154.126945    0.237444    1.034026
   79.603646  154.123534    0.273604    1.374212
   79.605077  154.120126    0.217832    0.849572
   79.606507  154.116720    0.219903    0.869071
   79.607936  154.113314    0.250866    1.160364
   79.609363  154.109908    0.267176    1.313819
   79.610789  154.106502    0.171235    0.411286
   79.612214  154.103094    0.231495    0.978188
   79.613639  154.099685    0.177126    0.466739
   79.615064  154.096272    0.225107    0.918135
   79.617913  154.089443    0.206270    0.740963
   79.619337  154.086030    0.162114    0.342223
   79.620759  154.082618    0.213182    0.806021
   79.622181  154.079209    0.206361    0.741877
   79.623604  154.075806    0.211048    0.785985
   79.625028  154.072411    0.183113    0.523205
   79.627890  154.065671    0.178180    0.476838
   79.629322  154.062298    0.198482    0.667837
   79.630752  154.058913    0.196245    0.646812
   79.632178  154.055491    0.226668    0.933027
   79.635026  154.048621    0.207481    0.752568
   79.636451  154.045182    0.217103    0.843106
   79.637879  154.041754    0.257927    1.227169
   79.639308  154.038328    0.231976    0.983057
   79.640738  154.034902    0.216776    0.840084
   79.642168  154.031479    0.215765    0.830587
   79.643600  154.028058    0.190689    0.594707
   79.645031  154.024637    0.201610    0.697467
   79.646463  154.021215    0.225937    0.926330
   79.647893  154.017790    0.238506    1.044594
   79.649321  154.014363    0.255252    1.202147
   79.650747  154.010930    0.226121    0.928120
   79.653599  154.004047    0.195008    0.635458
   79.655024  154.000584    0.258592    1.233639
   79.656450  153.997117    0.178095    0.476393
   79.659301  153.990189    0.222072    0.890131
   79.660728  153.986747    0.228690    0.952408
   79.662156  153.983309    0.195612    0.641250
   79.665010  153.976436    0.245093    1.106775
   79.666436  153.972990    0.187116    0.561384
   79.667862  153.969544    0.246998    1.124724
   79.669287  153.966098    0.226240    0.929468
   79.670711  153.962654    0.167760    0.379342
   79.672134  153.959219    0.197493    0.659066
   79.673557  153.955785    0.177398    0.470046
   79.674980  153.952350    0.182694    0.519889
   79.676403  153.948912    0.212456    0.799886
   79.677828  153.945463    0.185409    0.545464
   79.679253  153.942012    0.227243    0.939028
   79.680679  153.938562    0.232008    0.983869
   79.682105  153.935118    0.221884    0.888648
   79.683532  153.931691    0.182460    0.517790
   79.684959  153.928266    0.217778    0.850057
   79.686385  153.924840    0.205234    0.732065
   79.687812  153.921406    0.248614    1.140176
   79.689237  153.917953    0.202274    0.704258
   79.690661  153.914492    0.211812    0.794003
   79.692086  153.911026    0.197168    0.656257
   79.693512  153.907556    0.161545    0.341021
   79.694941  153.904083    0.186939    0.560061
   79.696370  153.900608    0.167247    0.374835
   79.697799  153.897134    0.183402    0.526820
   79.699229  153.893661    0.159662    0.337047
   79.700658  153.890197    0.233458    0.997749
   79.702086  153.886734    0.279604    1.431883
   79.703515  153.883269    0.166237    0.365421
   79.704943  153.879799    0.151066    0.318902
   79.706369  153.876320    0.208357    0.761687
   79.709221  153.869349    0.221593    0.886238
   79.710646  153.865858    0.174892    0.446929
   79.712070  153.862363    0.218492    0.857105
   79.713494  153.858867    0.177553    0.471991
   79.714918  153.855374    0.180051    0.495510
   79.716341  153.851887    0.199517    0.678655
   79.717764  153.848413    0.184881    0.540985
   79.720610  153.841480    0.169332    0.394742
   79.722033  153.838018    0.139673    0.294849
   79.723455  153.834558    0.263094    1.276827
   79.724877  153.831099    0.191019    0.598813
   79.726299  153.827637    0.226375    0.931430
   79.729145  153.820697    0.203668    0.717854
   79.730570  153.817218    0.248570    1.140275
   79.731994  153.813737    0.140643    0.296897
   79.733418  153.810253    0.206498    0.744532
   79.734840  153.806768    0.228204    0.948739
   79.736262  153.803282    0.268082    1.323902
   79.737684  153.799796    0.193185    0.619334
   79.739108  153.796311    0.182445    0.518322
   79.740535  153.792836    0.207407    0.753165
   79.741962  153.789358    0.209855    0.776208
   79.743390  153.785875    0.274282    1.382310
   79.746242  153.778859    0.182726    0.521050
   79.747666  153.775330    0.276719    1.405292
   79.749090  153.771798    0.276695    1.405078
   79.750514  153.768269    0.217030    0.843815
   79.751941  153.764756    0.289312    1.523813
   79.753368  153.761247    0.289455    1.525169
   79.754795  153.757740    0.306729    1.687687
   79.756222  153.754235    0.206880    0.748392
   79.757650  153.750730    0.260070    1.248785
   79.760503  153.743717    0.352729    2.120491
   79.761928  153.740207    0.230713    0.972670
   79.763348  153.736689    0.228287    0.949863
   79.764767  153.733170    0.288756    1.518735
   79.766185  153.729650    0.243361    1.091702
   79.767603  153.726132    0.239975    1.059866
   79.769023  153.722616    0.238762    1.048471
   79.770443  153.719104    0.308633    1.705792
   79.771862  153.715598    0.215080    0.825718
   79.777529  153.701685    0.302187    1.645233
   79.778946  153.698209    0.254476    1.196413
   79.781789  153.691210    0.231640    0.981621
   79.786063  153.680668    0.290989    1.539983
   79.788917  153.673617    0.194467    0.632007
   79.790344  153.670086    0.266939    1.313793
   79.791770  153.666549    0.296708    1.593851
   79.793197  153.663010    0.263861    1.284864
   79.794624  153.659471    0.249478    1.149576
   79.796051  153.655934    0.272346    1.364720
   79.797482  153.652408    0.255519    1.206438
   79.798912  153.648883    0.344116    2.039916
   79.800343  153.645355    0.299986    1.624784
   79.801773  153.641823    0.281653    1.452334
   79.806053  153.631174    0.254059    1.192803
   79.807477  153.627621    0.258296    1.232675
   79.808900  153.624071    0.245826    1.115379
   79.810322  153.620524    0.254406    1.196112
   79.811743  153.616978    0.246316    1.120019
   79.813163  153.613437    0.269200    1.335315
   79.814583  153.609902    0.214186    0.817789
   79.816002  153.606370    0.213383    0.810255
   79.818839  153.599313    0.191472    0.604160
   79.820256  153.595789    0.229052    0.957709
   79.821673  153.592264    0.220718    0.879318
   79.823091  153.588737    0.176425    0.462657
   79.824510  153.585205    0.160361    0.338523
   79.825932  153.581660    0.205892    0.739889
   79.827355  153.578112    0.143710    0.303373
   79.828778  153.574564    0.047651    0.100591
   79.830202  153.571019    0.173002    0.430532
   79.831624  153.567489    0.266163    1.306940
   79.835892  153.556897    0.181825    0.513588
   79.837315  153.553347    0.000000    0.000000
   79.838739  153.549793    0.001989    0.004198
   79.845863  153.532022    0.108569    0.229189
   79.847288  153.528465    0.153597    0.324243
   79.850136  153.521333    0.058129    0.122711
   79.855831  153.507036    0.149887    0.316412
   79.858678  153.499873    0.000000    0.000000
   79.860102  153.496286    0.043472    0.091769
   79.875722  153.456952    0.039264    0.082887
   79.882804  153.439169    0.194171    0.630290
   79.884222  153.435592    0.267881    1.323730
   79.885642  153.432013    0.208424    0.764413
   79.887064  153.428432    0.241281    1.073527
   79.888488  153.424858    0.183401    0.529046
   79.889914  153.421281    0.251563    1.170285
   79.891340  153.417702    0.190162    0.592685
   79.892766  153.414117    0.251731    1.171903
   79.894191  153.410519    0.235525    1.019462
   79.895616  153.406917    0.286704    1.500942
   79.897040  153.403313    0.195815    0.645937
   79.898464  153.399710    0.211688    0.795276
   79.899887  153.396118    0.185744    0.551224
   79.905578  153.381689    0.214438    0.821233
   79.907000  153.378055    0.190243    0.593642
   79.908421  153.374421    0.178897    0.486925
   79.909840  153.370792    0.193739    0.626564
   79.911258  153.367186    0.157565    0.332620
   79.912674  153.363585    0.214497    0.821875
   79.914089  153.359988    0.040362    0.085204
   79.915504  153.356392    0.210141    0.780933
   79.916918  153.352792    0.125110    0.264107
   79.918333  153.349191    0.081579    0.172214
   79.924006  153.334805    0.212200    0.800405
   79.925428  153.331209    0.187817    0.571044
   79.926849  153.327607    0.091644    0.193461
   79.953824  153.258838    0.199545    0.681718
   79.955239  153.255194    0.165604    0.362441
   79.956657  153.251565    0.190708    0.598622
   79.958076  153.247936    0.184225    0.537645
   79.959496  153.244307    0.182515    0.521577
   79.960916  153.240672    0.214559    0.823049
   79.962333  153.237019    0.228091    0.950367
   79.963751  153.233363    0.189283    0.585302
   79.965169  153.229707    0.170558    0.409166
   79.966587  153.226057    0.214980    0.827076
   79.968006  153.222427    0.160473    0.338759
   79.969426  153.218800    0.189092    0.583573
   79.970845  153.215176    0.182939    0.525706
   79.972264  153.211549    0.223863    0.910708
   79.973681  153.207911    0.219643    0.871022
   79.975098  153.204271    0.236586    1.030427
   79.976514  153.200630    0.272771    1.370848
   79.977931  153.196988    0.264655    1.294523
   79.979348  153.193352    0.259459    1.245652
   79.980765  153.189715    0.259975    1.250524
   79.982183  153.186075    0.179715    0.495507
   79.983602  153.182430    0.386384    2.439735
   79.985024  153.178774    0.270512    1.349698
   79.986447  153.175112    0.288700    1.520820
   79.987869  153.171449    0.297585    1.604419
   79.989291  153.167783    0.332415    1.932096
   79.990711  153.164121    0.268018    1.326308
   79.992130  153.160458    0.238430    1.047977
   79.993549  153.156796    0.276540    1.406510
   79.994968  153.153134    0.354326    2.138284
   79.996387  153.149475    0.333302    1.940526
   79.997805  153.145817    0.348243    2.081098
   79.999223  153.142158    0.233970    1.006108
   80.000641  153.138499    0.163536    0.345225
   80.002058  153.134838    0.348943    2.087729
   80.003474  153.131176    0.269936    1.344506
   80.004890  153.127512    0.299110    1.618968
   80.006306  153.123847    0.200468    0.691030
   80.007721  153.120178    0.141640    0.299002
   80.009136  153.116509    0.211523    0.795061
   80.010551  153.112836    0.322384    1.837986
   80.011966  153.109162    0.197350    0.661760
   80.013382  153.105486    0.106090    0.223956
   80.014799  153.101807    0.164311    0.350988
   80.017634  153.094445    0.282494    1.462807
   80.019053  153.090761    0.253573    1.190754
   80.020472  153.087076    0.159854    0.337451
   80.021892  153.083392    0.160083    0.337936
   80.023312  153.079708    0.087048    0.183758
   80.024731  153.076028    0.266025    1.307958
   80.026150  153.072348    0.236967    1.034615
   80.027569  153.068669    0.272027    1.364457
   80.028988  153.064988    0.218807    0.863811
   80.030406  153.061305    0.241579    1.078052
   80.031824  153.057620    0.176179    0.462826
   80.033242  153.053936    0.188834    0.581899
   80.034659  153.050252    0.189685    0.589917
   80.036077  153.046573    0.229499    0.964475
   80.037494  153.042893    0.210070    0.781720
   80.040327  153.035522    0.240295    1.066086
   80.041742  153.031821    0.173913    0.441628
   80.043157  153.028116    0.145103    0.306312
   80.044571  153.024410    0.221986    0.893898
   80.045985  153.020705    0.186396    0.559114
   80.047396  153.017008    0.160343    0.338485
   80.048808  153.013312    0.235308    1.019276
   80.050220  153.009616    0.162293    0.342601
   80.051633  153.005920    0.166064    0.367903
   80.053050  153.002220    0.145073    0.306250
   80.054468  152.998518    0.166109    0.368359
   80.055886  152.994814    0.090157    0.190322
   80.057304  152.991108    0.140216    0.295997
   80.058720  152.987398    0.173288    0.435943
   80.060135  152.983686    0.199939    0.686681
   80.061550  152.979972    0.321855    1.833595
   80.751870  151.028107    0.488444    3.408293
   80.753268  151.023851    0.410109    2.671388
   80.754666  151.019596    0.372988    2.322190
   80.756061  151.015346    0.433239    2.889007
   80.757457  151.011093    0.384460    2.430140
   80.758852  151.006835    0.518142    3.687744
   80.761643  150.998274    0.141576    0.298867
   80.770025  150.972588    0.480749    3.336077
   80.771422  150.968324    0.301775    1.652421
   80.772818  150.964054    0.444407    2.994224
   80.774214  150.959779    0.408922    2.660417
   80.777000  150.951213    0.287460    1.517806
   80.778388  150.946913    0.354675    2.150135
   80.779775  150.942610    0.482166    3.349502
   80.781162  150.938305    0.438426    2.938047
   80.782548  150.934003    0.358996    2.190839
   80.783938  150.929708    0.569453    4.170694
   80.785328  150.925418    0.662858    5.049396
   80.786719  150.921133    0.537351    3.868726
   80.788111  150.916854    0.620905    4.654767
   80.789504  150.912588    0.256501    1.226709
   80.790898  150.908326    0.477291    3.303773
   80.792292  150.904065    0.484468    3.371307
   80.793686  150.899801    0.452935    3.074673
   80.795080  150.895534    0.443754    2.988318
   80.796474  150.891259    0.635042    4.787847
   80.797868  150.886974    0.348144    2.088916
   80.799263  150.882674    0.307070    1.702534
   80.800658  150.878341    0.392713    2.508223
   80.802053  150.873998    0.486995    3.395188
   80.803448  150.869651    0.705606    5.451747
   80.804844  150.865307    0.473642    3.269600
   80.806240  150.860987    0.414376    2.712086
   80.807636  150.856670    0.384616    2.432132
   80.809032  150.852357    0.392800    2.509143
   80.810428  150.848043    0.408690    2.658639
   80.811823  150.843725    0.691202    5.316341
   80.813218  150.839405    0.464964    3.188054
   80.814612  150.835084    0.506860    3.582201
   80.816006  150.830761    0.465464    3.192789
   80.817398  150.826434    0.415831    2.725892
   80.818790  150.822105    0.408984    2.661501
   80.820182  150.817776    0.321888    1.842175
   80.821574  150.813446    0.511424    3.625218
   80.822966  150.809118    0.425457    2.816510
   80.824359  150.804791    0.406805    2.641061
   80.827143  150.796139    0.000000    0.000000
   80.835481  150.770199    0.000000    0.000000
   80.836872  150.765874    0.212587    0.814130
   80.843830  150.744194    0.446458    3.014305
   80.845223  150.739867    0.199002    0.686424
   80.846616  150.735538    0.547290    3.962897
   80.848008  150.731207    0.301134    1.647245
   80.896712  150.578077    0.266399    1.321006
   80.898101  150.573694    0.210570    0.795823
   80.899489  150.569312    0.162519    0.343806
   80.900877  150.564930    0.125770    0.265500
   80.902265  150.560547    0.163578    0.353798
   80.903653  150.556162    0.133828    0.282512
   80.905040  150.551773    0.245175    1.121441
   80.906427  150.547379    0.272199    1.375682
   80.907814  150.542979    0.265824    1.315723
   80.909201  150.538573    0.364076    2.240022
   80.910589  150.534158    0.193852    0.638683
   80.911979  150.529723    0.230452    0.983011
   80.913370  150.525283    0.230089    0.979614
   80.914761  150.520843    0.233498    1.011697
   80.916153  150.516406    0.145807    0.307800
   80.918935  150.507572    0.249244    1.159865
   80.920326  150.503159    0.279147    1.441187
   80.921717  150.498746    0.334777    1.964530
   80.924499  150.489907    0.243596    1.106790
   80.925889  150.485487    0.241906    1.090908
   80.927278  150.481067    0.264353    1.302083
   80.928667  150.476647    0.267632    1.332941
   80.930055  150.472228    0.251721    1.183278
   80.931443  150.467809    0.295841    1.598339
   80.934221  150.458975    0.226099    0.942279
   80.935610  150.454559    0.227429    0.954810
   80.936999  150.450143    0.383870    2.426514
   80.938388  150.445727    0.255209    1.216171
   80.939774  150.441310    0.290440    1.547613
   80.941160  150.436892    0.267063    1.327715
   80.946708  150.419170    0.242928    1.100723
   80.948097  150.414727    0.246444    1.133808
   80.949487  150.410281    0.278135    1.431956
   80.950876  150.405831    0.234759    1.023912
   80.952265  150.401380    0.219929    0.884415
   80.953654  150.396929    0.233480    1.011904
   80.955043  150.392482    0.219189    0.877480
   80.956432  150.388046    0.253795    1.203048
   80.957821  150.383610    0.228619    0.966222
   80.959210  150.379174    0.216392    0.851213
   80.961987  150.370287    0.247346    1.142430
   80.963376  150.365834    0.209834    0.789560
   80.967537  150.352432    0.280728    1.456517
   80.970308  150.343468    0.206028    0.753817
   80.971693  150.338992    0.247720    1.146043
   80.973080  150.334536    0.240091    1.074285
   80.974467  150.330084    0.214484    0.833407
   80.975853  150.325632    0.269843    1.354207
   80.977240  150.321178    0.316969    1.797543
   80.980010  150.312239    0.334871    1.965981
   80.981395  150.307764    0.393683    2.519257
   80.982780  150.303287    0.408533    2.658969
   80.984166  150.298809    0.502836    3.546123
   80.985553  150.294329    0.383523    2.423727
   80.986939  150.289849    0.446087    3.012298
   80.989714  150.280891    0.384473    2.432700
   80.991101  150.276413    0.337099    1.987049
   80.993873  150.267454    0.204124    0.736131
   80.996640  150.258492    0.353432    2.140755
   80.998023  150.254008    0.180391    0.512914
   80.999408  150.249520    0.318840    1.815363
   81.000796  150.245026    0.570197    4.179977
   81.002185  150.240530    0.490661    3.431768
   81.003573  150.236031    0.435611    2.913902
   81.004961  150.231531    0.573906    4.214903
   81.006346  150.227030    0.452158    3.069589
   81.007729  150.222529    0.427480    2.837450
   81.009113  150.218028    0.464574    3.186422
   81.010497  150.213527    0.375685    2.350226
   81.011883  150.209029    0.322336    1.848369
   81.013270  150.204531    0.428944    2.851279
   81.014657  150.200032    0.488597    3.412467
   81.016044  150.195532    0.415605    2.725816
   81.017431  150.191031    0.247658    1.145899
   81.018818  150.186527    0.300081    1.639074
   81.021591  150.177513    0.690388    5.310845
   81.022977  150.172999    0.487423    3.401497
   81.024362  150.168482    0.543776    3.931648
   81.025747  150.163962    0.220705    0.892423
   81.027133  150.159438    0.259438    1.256804
   81.028521  150.154908    0.305889    1.693796
   81.031298  150.145846    0.470765    3.244872
   81.032684  150.141319    0.602273    4.482025
   81.034068  150.136805    0.564725    4.128804
   81.035450  150.132294    0.553919    4.027167
   81.038213  150.123268    0.425736    2.821329
   81.039594  150.118743    0.838981    6.708878
   81.040975  150.114217    0.276240    1.414999
   81.042357  150.109691    0.474148    3.276799
   81.043739  150.105169    0.292705    1.569913
   81.045124  150.100660    0.425873    2.822684
   81.046509  150.096151    0.413841    2.709504
   81.047894  150.091641    0.369420    2.291638
   81.049279  150.087124    0.401007    2.588795
   81.050664  150.082590    0.396604    2.547390
   81.052049  150.078051    0.322194    1.847404
   81.053433  150.073508    0.740249    5.780199
   81.054818  150.068961    0.645198    4.886039
   81.056203  150.064417    0.362755    2.229011
   81.057588  150.059871    0.375193    2.346036
   81.058972  150.055324    0.432840    2.888350
   81.060355  150.050774    0.411501    2.687623
   81.061735  150.046219    0.576179    4.236813
   81.063115  150.041664    0.309865    1.731523
   81.064494  150.037110    0.338566    2.001529
   81.065875  150.032558    0.386274    2.450352
   81.067259  150.028015    0.485985    3.388382
   81.068644  150.023474    0.375709    2.350984
   81.070029  150.018933    0.467443    3.213969
   81.071414  150.014390    0.207188    0.765677
   81.072798  150.009844    0.389944    2.484940
   81.074181  150.005293    0.393716    2.520439
   81.075563  150.000737    0.355500    2.160936
   81.076944  149.996174    0.357299    2.177869
   81.078324  149.991595    0.410109    2.674686
   81.079704  149.987010    0.291934    1.562986
   81.081084  149.982423    0.395770    2.539825
   81.082465  149.977836    0.426616    2.830012
   81.083849  149.973258    0.197535    0.674979
   81.085235  149.968681    0.212439    0.815205
   81.086620  149.964106    0.319328    1.820759
   81.088006  149.959532    0.302202    1.659661
   81.089390  149.954964    0.220063    0.886971
   81.090773  149.950395    0.264910    1.308878
   81.092156  149.945823    0.296744    1.608361
   81.093538  149.941246    0.475568    3.290640
   81.094920  149.936655    0.522381    3.731035
   81.096302  149.932060    0.718177    5.572973
   81.097684  149.927463    0.428961    2.852233
   81.099066  149.922866    0.400731    2.586686
   81.100451  149.918278    0.497482    3.496866
   81.101835  149.913689    0.359189    2.195916
   81.103220  149.909098    0.540863    3.904992
   81.104604  149.904502    0.398526    2.565998
   81.105986  149.899894    0.335849    1.976390
   81.107368  149.895283    0.351897    2.127371
   83.383898  139.259520    0.249946    1.186342
   83.385132  139.251326    0.314408    1.792756
   83.386366  139.243131    0.176262    0.493175
   83.387600  139.234937    0.220852    0.912656
   83.388833  139.226747    0.196601    0.684524
   83.390063  139.218566    0.198901    0.706167
   83.391292  139.210386    0.358533    2.207891
   83.392521  139.202206    0.317264    1.819662
   83.393750  139.194024    0.354258    2.167681
   83.394979  139.185832    0.204536    0.759208
   83.396208  139.177639    0.258454    1.266435
   83.397438  139.169443    0.440422    2.978278
   83.398669  139.161247    0.330724    1.946312
   83.399903  139.153060    0.187705    0.600890
   83.401139  139.144869    0.300374    1.660812
   83.402375  139.136669    0.600784    4.486879
   83.403611  139.128455    0.580852    4.299373
   83.404846  139.120212    0.350090    2.128526
   83.406080  139.111956    0.287229    1.537176
   83.407314  139.103687    0.268312    1.359222
   83.408549  139.095408    0.325438    1.896633
   83.409785  139.087121    0.240612    1.098654
   83.411022  139.078828    0.322639    1.870312
   83.412258  139.070529    0.373531    2.349075
   83.413493  139.062227    0.409210    2.684728
   83.414728  139.053922    0.247839    1.166656
   83.415961  139.045619    0.258796    1.269739
   83.417194  139.037320    0.316594    1.813476
   83.418426  139.029032    0.323354    1.877072
   83.419656  139.020772    0.316140    1.809217
   83.420885  139.012516    0.292908    1.590670
   83.422113  139.004259    0.364721    2.266245
   83.423341  138.995994    0.479502    3.346043
   83.424568  138.987699    0.389874    2.502886
   83.425795  138.979398    0.261776    1.297830
   83.427021  138.971094    0.264905    1.327281
   83.428247  138.962793    0.299199    1.649905
   83.429472  138.954509    0.437330    2.949355
   83.430698  138.946227    0.491593    3.459830
   83.431923  138.937945    0.488226    3.428167
   83.433149  138.929661    0.391386    2.517166
   83.434377  138.921369    0.513377    3.664785
   83.435604  138.913074    0.306045    1.714351
   83.438061  138.896470    0.264648    1.324934
   83.439290  138.888164    0.258090    1.263248
   83.440520  138.879850    0.177677    0.506790
   83.441749  138.871531    0.269444    1.370075
   83.442978  138.863204    0.283332    1.500731
   83.444207  138.854866    0.339896    2.032856
   83.445436  138.846520    0.219090    0.896400
   83.446666  138.838165    0.175223    0.483740
   83.449126  138.821428    0.213935    0.847933
   83.450357  138.813049    0.149675    0.315963
   83.451589  138.804664    0.201886    0.734599
   83.452821  138.796277    0.203667    0.751367
   83.454053  138.787892    0.243913    1.129975
   83.455285  138.779506    0.327738    1.918559
   83.456516  138.771119    0.384462    2.452187
   83.457745  138.762733    0.511597    3.648197
   83.458970  138.754348    0.196779    0.686610
   83.460194  138.745963    0.503895    3.575758
   83.461417  138.737577    0.287446    1.539556
   83.467536  138.695620    0.347676    2.106197
   83.468755  138.687229    0.394284    2.544663
   83.473627  138.653684    0.357605    2.199652
   83.474847  138.645303    0.382417    2.433072
   83.476067  138.636914    0.455960    3.124926
   83.477289  138.628509    0.264495    1.323754
   83.478512  138.620068    0.255710    1.241122
   83.479736  138.611615    0.296694    1.626673
   83.480961  138.603159    0.417358    2.761814
   83.482187  138.594704    0.218803    0.893950
   83.483416  138.586274    0.252497    1.210921
   83.484644  138.577845    0.335349    1.990349
   83.485873  138.569412    0.339130    2.025923
   83.487102  138.560971    0.317889    1.826107
   83.488330  138.552510    0.404683    2.642618
   83.489557  138.544038    0.251474    1.201338
   83.490784  138.535559    0.146262    0.308759
   83.492010  138.527070    0.155045    0.327301
   83.493236  138.518569    0.313822    1.787888
   83.494461  138.510064    0.250595    1.193100
   83.495686  138.501560    0.343365    2.065831
   83.496909  138.493061    0.407780    2.671809
   83.498132  138.484580    0.216622    0.873526
   83.499354  138.476104    0.365936    2.278179
   83.503014  138.450677    0.342948    2.061954
   83.504232  138.442195    0.181901    0.546938
   83.505450  138.433709    0.095109    0.200775
   83.506667  138.425215    0.187860    0.603011
   83.507884  138.416703    0.183883    0.565600
   83.509100  138.408187    0.084995    0.179426
   83.511532  138.391155    0.206409    0.777540
   83.516404  138.357158    0.258496    1.267569
   83.517625  138.348654    0.236298    1.058750
   83.534710  138.228924    0.048626    0.102649
   83.537152  138.211781    0.140399    0.296383
   83.538373  138.203194    0.169168    0.427358
   83.539594  138.194602    0.234925    1.045956
   83.540813  138.186005    0.671056    5.148796
   83.542030  138.177404    0.329390    1.934637
   83.545677  138.151592    0.106332    0.224466
   83.546891  138.142993    0.175145    0.483624
   83.548105  138.134396    0.163336    0.372546
   83.549318  138.125798    0.130873    0.276273
   83.550531  138.117199    0.142846    0.301548
   83.555380  138.082786    0.072691    0.153452
   83.556592  138.074167    0.000000    0.000000
   83.557804  138.065545    0.096521    0.203757
   83.559017  138.056918    0.103311    0.218089
   83.560229  138.048289    0.105116    0.221900
   83.561440  138.039661    0.050624    0.106868
   83.562652  138.031028    0.007906    0.016690
   83.563864  138.022392    0.000000    0.000000
   83.565078  138.013751    0.139082    0.293602
   83.573605  137.953110    0.226851    0.970177
   83.574824  137.944418    0.147743    0.311885
   83.576041  137.935703    0.367786    2.296009
   83.577258  137.926981    0.062639    0.132230
   83.583329  137.883482    0.238194    1.076935
   83.584540  137.874801    0.201472    0.731478
   83.585749  137.866120    0.066608    0.140610
   83.586958  137.857434    0.288555    1.550709
   83.596609  137.787638    0.118979    0.251166
   83.597818  137.778905    0.228952    0.990058
   83.599027  137.770170    0.275751    1.430316
   83.603863  137.735183    0.133409    0.281627
   83.605074  137.726404    0.104761    0.221151
   83.606285  137.717617    0.085078    0.179600
   83.655777  137.355573    0.002401    0.005069
   83.656986  137.346630    0.152320    0.321548
   83.664224  137.293101    0.075631    0.159658
   83.728857  136.807076    0.371783    2.334357
   83.730053  136.797984    0.215074    0.860150
   83.731250  136.788883    0.276742    1.440288
   83.732448  136.779774    0.333258    1.971967
   83.733647  136.770652    0.329762    1.939082
   83.734848  136.761511    0.337198    2.009046
   83.736050  136.752358    0.329007    1.931991
   83.737251  136.743196    0.393172    2.535619
   83.738451  136.734026    0.364758    2.268327
   83.739649  136.724845    0.408115    2.676211
   83.740846  136.715661    0.327606    1.918842
   83.742042  136.706479    0.292515    1.588742
   83.743238  136.697301    0.285300    1.520868
   83.744435  136.688143    0.368754    2.305959
   83.745631  136.678989    0.252201    1.209511
   83.746826  136.669839    0.165722    0.395983
   83.748019  136.660690    0.232796    1.026973
   83.749208  136.651533    0.193817    0.660297
   83.750395  136.642378    0.183304    0.561405
   83.751581  136.633225    0.263225    1.313253
   83.752765  136.624077    0.118957    0.251119
   83.753949  136.614943    0.373810    2.353576
   83.755132  136.605811    0.310382    1.756902
   83.756315  136.596678    0.300630    1.665161
   83.757499  136.587540    0.291584    1.580071
   83.758684  136.578394    0.451927    3.088481
   83.759869  136.569240    0.347571    2.106776
   83.761054  136.560079    0.186727    0.593671
   83.762241  136.550910    0.170407    0.440145
   83.763427  136.541731    0.493112    3.475947
   83.764615  136.532542    0.388540    2.492212
   83.765803  136.523342    0.223248    0.937264
   83.766992  136.514128    0.104202    0.219970
   83.768183  136.504892    0.114795    0.242332
   83.769375  136.495647    0.416326    2.753627
   83.770568  136.486396    0.161077    0.352422
   83.771761  136.477143    0.179943    0.529907
   83.772955  136.467899    0.275949    1.433074
   83.774149  136.458653    0.205032    0.765940
   83.775343  136.449404    0.259208    1.275604
   83.778925  136.421629    0.372625    2.342568
   83.780119  136.412358    0.189985    0.624421
   83.781311  136.403077    0.276393    1.437298
   83.782503  136.393775    0.282370    1.493524
   83.783693  136.384469    0.398713    2.588009
   83.784882  136.375165    0.304553    1.702219
   83.786069  136.365869    0.233407    1.032938
   83.787255  136.356601    0.226484    0.967813
   83.788439  136.347340    0.290039    1.565703
   83.789622  136.338083    0.082163    0.173446
   83.790805  136.328827    0.126392    0.266814
   83.791989  136.319563    0.330186    1.943397
   83.793172  136.310298    0.172689    0.461770
   83.794354  136.301035    0.284165    1.510472
   83.795535  136.291775    0.129372    0.273105
   83.796715  136.282525    0.306421    1.719854
   83.797893  136.273275    0.312866    1.780485
   83.799071  136.264022    0.284478    1.513440
   83.800249  136.254765    0.124419    0.262649
   83.801427  136.245500    0.104492    0.220584
   83.802605  136.236225    0.116269    0.245444
   83.803784  136.226941    0.291795    1.582291
   83.804965  136.217644    0.251134    1.199786
   83.806148  136.208327    0.332781    1.967876
   83.807334  136.198999    0.220194    0.908735
   83.808520  136.189660    0.364570    2.266935
   83.809707  136.180313    0.255032    1.236475
   83.810894  136.170963    0.214341    0.853688
   83.812082  136.161604    0.182049    0.549917
   83.813269  136.152232    0.203575    0.752421
   83.814457  136.142845    0.235383    1.051651
   83.815644  136.133429    0.127898    0.269993
   83.816831  136.124003    0.322148    1.867894
   83.818018  136.114573    0.368018    2.299417
   83.819206  136.105144    0.146853    0.310007
   83.820395  136.095729    0.210157    0.814369
   83.821584  136.086321    0.164028    0.380426
   83.822771  136.076922    0.331320    1.954206
   83.823957  136.067534    0.242415    1.117850
   83.825140  136.058172    0.245640    1.148194
   83.826322  136.048815    0.168205    0.419744
   83.827501  136.039460    0.243072    1.124043
   83.828679  136.030100    0.225382    0.957638
   83.829856  136.020718    0.213737    0.848095
   83.831031  136.011331    0.160134    0.343836
   83.832206  136.001943    0.102633    0.216658
   83.833381  135.992556    0.292467    1.588750
   83.834556  135.983182    0.148614    0.313724
   83.835731  135.973808    0.265869    1.338546
   83.836906  135.964433    0.237808    1.074570
   83.838081  135.955054    0.316442    1.814314
   83.839257  135.945669    0.342864    2.062876
   83.840434  135.936275    0.219574    0.903048
   83.841610  135.926872    0.273323    1.408693
   83.842788  135.917457    0.392109    2.526156
   83.843967  135.908018    0.289014    1.556311
   83.845146  135.898569    0.268952    1.367588
   83.846325  135.889111    0.375928    2.373951
   83.847504  135.879645    0.339943    2.035436
   83.848682  135.870178    0.383998    2.449877
   83.849860  135.860705    0.452089    3.090444
   85.715875  107.606187    0.000000    0.000000
   85.716446  107.586922    0.094969    0.200479
   85.717583  107.548352    0.277306    1.448604
   85.718151  107.529039    0.340293    2.041148
   85.718719  107.509699    0.274480    1.422018
   85.719289  107.490323    0.202097    0.741084
   85.719860  107.470923    0.234916    1.049819
   85.720430  107.451500    0.135538    0.286121
   85.721571  107.412606    0.268049    1.361497
   85.722140  107.393136    0.366166    2.284517
   85.722709  107.373649    0.348896    2.122049
   85.723277  107.354141    0.391441    2.522281
   85.723843  107.334606    0.234935    1.049969
   85.724408  107.315058    0.228416    0.988643
   85.724972  107.295505    0.322641    1.875046
   85.725536  107.275951    0.579504    4.291434
   85.726099  107.256403    0.450219    3.075211
   85.726662  107.236863    0.342348    2.060424
   85.727224  107.217335    0.300633    1.667993
   85.727784  107.197825    0.396972    2.574285
   85.728344  107.178344    0.330653    1.950400
   85.728904  107.158881    0.308411    1.741153
   85.729462  107.139440    0.382304    2.436287
   85.730019  107.120018    0.301075    1.672134
   85.730575  107.100627    0.393071    2.537568
   85.731685  107.061880    0.303848    1.698214
   85.732238  107.042513    0.243825    1.133553
   85.732788  107.023141    0.205180    0.770002
   85.733338  107.003764    0.247710    1.170092
   85.733888  106.984378    0.293752    1.603223
   85.734437  106.964978    0.258060    1.267449
   85.734987  106.945558    0.300304    1.664853
   85.735538  106.926121    0.422436    2.813787
   85.736089  106.906664    0.024715    0.052174
   85.736642  106.887185    0.105720    0.223175
   85.737198  106.867681    0.364131    2.265282
   85.737755  106.848153    0.412366    2.719037
   85.738312  106.828600    0.435048    2.932405
   85.738869  106.809022    0.208688    0.802958
   85.739423  106.789412    0.372767    2.346498
   85.739976  106.769778    0.343942    2.075333
   85.740529  106.750126    0.270179    1.381412
   85.741081  106.730457    0.519086    3.722963
   85.741631  106.710772    0.239120    1.089225
   85.742182  106.691079    0.356414    2.192641
   85.743282  106.651678    0.403456    2.635181
   85.743835  106.631986    0.280470    1.478201
   85.744388  106.612297    0.293673    1.602406
   85.744939  106.592611    0.601526    4.498473
   85.745488  106.572926    0.361466    2.240148
   85.746033  106.553244    0.145873    0.307938
   85.746575  106.533567    0.126941    0.267973
   85.747117  106.513898    0.100116    0.211346
   85.748197  106.474585    0.117824    0.248726
   85.748737  106.454948    0.155404    0.328058
   85.749276  106.435326    0.182367    0.555276
   85.749814  106.415728    0.256006    1.248020
   85.750352  106.396170    0.406482    2.663594
   85.750888  106.376626    0.263049    1.314265
   85.751424  106.357093    0.318053    1.831704
   85.753030  106.298488    0.459627    3.163525
   85.753565  106.278933    0.348605    2.119098
   85.754101  106.259357    0.302692    1.687178
   85.754637  106.239745    0.402556    2.626622
   85.755174  106.220111    0.615832    4.632976
   85.755712  106.200451    0.514736    3.681932
   85.756249  106.180766    0.329740    1.941605
   85.756787  106.161056    0.203318    0.752305
   85.757325  106.141320    0.421735    2.807024
   85.757864  106.121559    0.421297    2.802901
   85.760553  106.022340    0.367563    2.297379
   85.761088  106.002446    0.385126    2.462605
   85.761622  105.982547    0.353176    2.162031
   85.762155  105.962651    0.315348    1.806171
   85.762686  105.942763    0.343696    2.072845
   85.763215  105.922895    0.378993    2.404884
   85.763743  105.903043    0.427551    2.861690
   85.764270  105.883206    0.271637    1.394945
   85.764796  105.863392    0.140640    0.296891
   85.765323  105.843610    0.281172    1.484640
   85.766374  105.804096    0.265825    1.340256
   85.766898  105.784355    0.341158    2.048928
   85.767420  105.764617    0.322861    1.876806
   85.768459  105.725157    0.314397    1.797170
   85.768977  105.705434    0.293119    1.596997
   85.769494  105.685716    0.330743    1.950935
   85.770011  105.665997    0.326926    1.915020
   85.770527  105.646271    0.281277    1.485582
   85.771044  105.626535    0.416608    2.758681
   85.771563  105.606781    0.380183    2.416013
   85.772603  105.567223    0.359003    2.216756
   85.773124  105.547416    0.381930    2.432429
   85.773647  105.527590    0.427754    2.863513
   85.774170  105.507740    0.296500    1.628758
   85.774693  105.487864    0.324537    1.892509
   85.775215  105.467959    0.334287    1.984222
   85.775735  105.448009    0.338839    2.027046
   85.776254  105.428035    0.250467    1.195693
   85.776773  105.408042    0.137318    0.289878
   85.777292  105.388035    0.284098    1.512068
   85.777812  105.368021    0.215668    0.868317
   85.778332  105.348001    0.056520    0.119315
   85.778851  105.327980    0.184770    0.577644
   85.779369  105.307964    0.080476    0.169885
   85.779887  105.287969    0.208599    0.801810
   85.780403  105.267977    0.474577    3.303946
   85.780918  105.247983    0.165288    0.394355
   85.781431  105.227982    0.275780    1.433790
   85.781941  105.207953    0.329232    1.936633
   85.782450  105.187922    0.264808    1.330566
   85.782957  105.167898    0.366683    2.288942
   85.783463  105.147888    0.344989    2.084855
   85.783968  105.127914    0.300202    1.663520
   85.784473  105.107955    0.316807    1.819733
   85.784978  105.088008    0.357083    2.198620
   85.785986  105.048151    0.356885    2.196749
   85.786490  105.028236    0.418230    2.773839
   85.786993  105.008324    0.330658    1.950016
   85.787496  104.988415    0.322911    1.877138
   85.787997  104.968503    0.335019    1.991037
   85.788497  104.948589    0.299290    1.654921
   85.788997  104.928669    0.290901    1.576001
   85.789497  104.908742    0.298460    1.647105
   85.789998  104.888808    0.472184    3.281383
   85.790499  104.868861    0.364844    2.271598
   85.792004  104.808903    0.693725    5.365476
   85.793011  104.768816    0.279693    1.470530
   85.793516  104.748745    0.453860    3.108974
   85.794022  104.728662    0.463026    3.195203
   85.794528  104.708560    0.391189    2.519403
   85.795033  104.688437    0.246164    1.155097
   85.795537  104.668291    0.104746    0.221120
   85.796534  104.627914    0.255951    1.247156
   85.797527  104.587485    0.282138    1.493501
   85.798023  104.567263    0.381494    2.428169
   85.798518  104.547042    0.356895    2.196754
   85.799013  104.526826    0.319221    1.842343
   85.799507  104.506621    0.165369    0.395007
   85.800493  104.466266    0.343031    2.066322
   85.800985  104.446114    0.257653    1.263138
   85.801475  104.425985    0.254172    1.230392
   85.801963  104.405893    0.308332    1.739885
   85.802449  104.385816    0.210352    0.818153
   85.802935  104.365748    0.376866    2.384601
   85.803418  104.345680    0.236236    1.061641
   85.803899  104.325598    0.128010    0.270230
   85.804379  104.305514    0.180697    0.539167
   85.804859  104.285429    0.171377    0.451486
   85.805340  104.265347    0.208066    0.796633
   85.805825  104.245273    0.324774    1.894532
   85.806310  104.225194    0.315646    1.808659
   85.806797  104.205109    0.415276    2.745910
   85.807283  104.185010    0.404776    2.647127
   85.807769  104.164893    0.384175    2.453330
   85.808255  104.144758    0.404717    2.646565
   85.808741  104.124607    0.370582    2.325444
   85.809227  104.104438    0.329627    1.940161
   85.809711  104.084247    0.609446    4.572512
   85.810196  104.064037    0.380079    2.414776
   85.810681  104.043808    0.478642    3.341981
   85.811165  104.023561    0.450863    3.080652
   85.811649  104.003292    0.368146    2.302500
   85.812134  103.983004    0.161310    0.356724
   85.812618  103.962699    0.167828    0.418032
   85.813102  103.942378    0.347695    2.110105
   85.814070  103.901694    0.378578    2.400617
   85.814553  103.881329    0.307473    1.731703
   85.815034  103.860950    0.335930    1.999412
   85.815512  103.840542    0.089690    0.189337
   85.815988  103.820132    0.260957    1.294108
   85.816463  103.799726    0.354245    2.171688
   85.816935  103.779334    0.336165    2.001608
   85.817875  103.738641    0.347047    2.103970
   85.818813  103.698022    0.277839    1.452901
   85.820693  103.616986    0.290323    1.570324
   85.821160  103.596760    0.174539    0.481102
   85.821625  103.576535    0.345993    2.094021
   85.822090  103.556310    0.450633    3.078401
   85.822554  103.536076    0.332469    1.966792
   85.823017  103.515824    0.312246    1.776543
   85.823943  103.475285    0.409684    2.693171
   85.824408  103.454999    0.386479    2.474865
   85.825347  103.414397    0.382507    2.437487
   85.825818  103.394070    0.407885    2.676223
   85.826289  103.373718    0.396883    2.572722
   85.827230  103.332919    0.528759    3.813317
   85.827701  103.312488    0.437726    2.956927
   85.828170  103.292037    0.476776    3.324278
   85.828638  103.271566    0.722235    5.633391
   85.829104  103.251082    0.682645    5.260955
   85.829570  103.230586    0.562006    4.126052
   85.830034  103.210081    0.482371    3.376897
   85.830496  103.189567    0.366572    2.287537
   85.830957  103.169053    0.544364    3.960080
   85.831416  103.148546    0.438444    2.963648
   85.831875  103.128053    0.472746    3.286337
   85.832334  103.107597    0.447340    3.047327
   85.832791  103.087154    0.486197    3.412868
   85.833247  103.066719    0.371333    2.332294
   85.833701  103.046289    0.370426    2.323757
   85.834151  103.025848    0.563976    4.144541
   85.834600  103.005414    0.644100    4.898297
   85.835047  102.984987    0.279685    1.470121
   85.835493  102.964573    0.387218    2.481716
   85.835938  102.944187    0.571356    4.213961
   85.836383  102.923807    0.335310    1.993391
   85.836828  102.903428    0.350191    2.133380
   85.837276  102.883044    0.525138    3.779154
   85.837728  102.862638    0.429192    2.876552
   85.838180  102.842223    0.451504    3.086448
   85.838633  102.821796    0.345437    2.088638
   85.839085  102.801356    0.400797    2.609416
   85.839535  102.780900    0.389374    2.501951
   85.839983  102.760430    0.400699    2.608490
   85.840431  102.739950    0.324436    1.891054
   85.840878  102.719461    0.431190    2.895322
   85.841324  102.698969    0.386458    2.474505
   85.841770  102.678466    0.373419    2.351842
   85.842217  102.657950    0.357293    2.200132
   85.842665  102.637420    0.447938    3.052856
   85.843118  102.616862    0.404363    2.642923
   85.843572  102.596294    0.402311    2.623615
   85.844478  102.555137    0.473782    3.295959
   85.844927  102.534568    0.402294    2.623437
   85.845375  102.513994    0.414756    2.740665
   85.845821  102.493416    0.438703    2.965943
   85.846264  102.472827    0.458773    3.154745
   85.846704  102.452222    0.393356    2.539337
   85.847142  102.431609    0.460982    3.175511
   85.847579  102.410987    0.276345    1.438568
   85.848015  102.390355    0.259008    1.275464
   85.848451  102.369704    0.454056    3.110347
   85.848887  102.349053    0.489189    3.440852
   85.849321  102.328410    0.541135    3.929515
   85.849755  102.307785    0.242741    1.122423
   85.850189  102.287210    0.386182    2.471815
   85.850621  102.266646    0.279100    1.464455
   85.851053  102.246083    0.180489    0.536786
   85.851484  102.225511    0.215927    0.870152
   85.851913  102.204897    0.283211    1.503113
   85.852342  102.184276    0.363120    2.254839
   85.852770  102.163656    0.372052    2.338862
   85.853198  102.143046    0.344774    2.082248
   85.853625  102.122470    0.273234    1.409243
   85.854053  102.101900    0.415249    2.745217
   85.854482  102.081331    0.443298    3.009081
   85.854911  102.060756    0.350351    2.134694
   85.855343  102.040167    0.434282    2.924250
   85.855776  102.019567    0.433170    2.913791
   85.856209  101.998949    0.386875    2.478268
   85.856642  101.978311    0.428012    2.865252
   85.857074  101.957640    0.410476    2.700280
   85.857505  101.936948    0.456099    3.129467
   85.857936  101.916240    0.495989    3.504724
   85.858366  101.895517    0.457982    3.147174
   85.858796  101.874781    0.410043    2.696184
   85.859226  101.854035    0.487065    3.420753
   85.859655  101.833278    0.482573    3.378490
   85.860084  101.812514    0.501047    3.552275
   85.860514  101.791741    0.421546    2.804381
   85.860943  101.770964    0.245600    1.149190
   85.861371  101.750186    0.333441    1.975531
   85.861798  101.729411    0.183956    0.569271
   85.863899  101.625626    0.664182    5.086890
   85.864310  101.604882    0.475282    3.309840
   85.864718  101.584139    0.582521    4.318667
   85.865127  101.563396    0.465705    3.219731
   85.865537  101.542651    0.512270    3.657780
   85.865947  101.521904    0.425208    2.838755
   85.866358  101.501157    0.531585    3.839473
   85.866770  101.480409    0.515997    3.692825
   85.867184  101.459662    0.568659    4.188229
   85.867598  101.438914    0.496991    3.514014
   85.868012  101.418163    0.524270    3.770631
   85.868426  101.397410    0.424247    2.829673
   85.868839  101.376658    0.523068    3.759312
   85.869251  101.355899    0.475258    3.309547
   85.869663  101.335134    0.444629    3.021400
   85.870074  101.314356    0.468111    3.242292
   85.870485  101.293558    0.378535    2.399616
   85.870896  101.272751    0.530180    3.826185
   85.871307  101.251938    0.415827    2.750427
   85.871719  101.231126    0.531700    3.840475
   85.872131  101.210326    0.521874    3.748025
   85.872545  101.189522    0.389361    2.501425
   85.872958  101.168707    0.552600    4.037061
   85.873373  101.147875    0.491681    3.463968
   85.873788  101.127007    0.385287    2.463082
   85.874203  101.106123    0.355592    2.183720
   85.874617  101.085231    0.360717    2.231930
   85.875029  101.064335    0.101958    0.215233
   85.875437  101.043444    0.321847    1.866254
   85.876246  101.001660    0.390528    2.512345
   85.876648  100.980769    0.414662    2.739373
   85.877049  100.959879    0.372872    2.346240
   85.877450  100.938992    0.425332    2.839745
   85.877849  100.918109    0.450674    3.078140
   85.878248  100.897230    0.257929    1.264920
   85.878645  100.876362    0.403452    2.633904
   85.879041  100.855499    0.347597    2.108453
   85.879436  100.834642    0.414080    2.733870
   85.879830  100.813791    0.378402    2.398231
   85.880223  100.792950    0.443396    3.009652
   85.880616  100.772111    0.281062    1.482517
   85.881007  100.751269    0.515566    3.688577
   85.881398  100.730422    0.666031    5.104046
   85.881788  100.709561    0.433122    2.912989
   85.882178  100.688690    0.425572    2.841956
   85.882569  100.667809    0.221951    0.926427
   85.882961  100.646916    0.316425    1.815172
   85.890424  100.248078    0.279909    1.471564
   85.890807  100.227109    0.377065    2.385543
   85.891185  100.206131    0.438927    2.967495
   85.891561  100.185154    0.414426    2.737003
   85.891936  100.164176    0.144092    0.304179
   85.892310  100.143204    0.045773    0.096627
   85.892685  100.122249    0.294305    1.606971
   85.894180  100.038303    0.387289    2.481694
   85.894553  100.017258    0.454591    3.114816
   85.894927   99.996199    0.597981    4.463734
   85.895301   99.975131    0.530290    3.826940
   85.895676   99.954057    0.419786    2.787388
   85.896052   99.932976    0.429811    2.881691
   85.896428   99.911888    0.308871    1.743960
   85.896805   99.890795    0.414858    2.741009
   85.897181   99.869700    0.295222    1.615554
   85.897557   99.848599    0.578011    4.275837
   85.897933   99.827493    0.387290    2.481657
   85.898310   99.806380    0.395401    2.557954
   85.898688   99.785257    0.419487    2.784532
   85.899066   99.764130    0.423656    2.823749
   85.899444   99.742998    0.441594    2.992492
   85.899822   99.721865    0.445066    3.025151
   85.900198   99.700730    0.393661    2.541555
   85.900574   99.679597    0.431801    2.900347
   85.900949   99.658466    0.467212    3.233469
   85.901322   99.637340    0.438596    2.964262
   85.901694   99.616231    0.421056    2.799254
   85.902064   99.595123    0.411184    2.706375
   85.902432   99.574015    0.328826    1.931604
   85.902800   99.552901    0.362278    2.246289
   85.903166   99.531767    0.369683    2.315950
   85.903531   99.510631    0.472035    3.278806
   85.903895   99.489495    0.272835    1.404860
   85.904257   99.468367    0.356451    2.191456
   85.904616   99.447262    0.396080    2.564253
   85.904974   99.426159    0.477433    3.329567
   85.905331   99.405056    0.416348    2.754922
   85.905687   99.383946    0.469865    3.258364
   85.906042   99.362817    0.370458    2.323209
   85.906397   99.341681    0.389185    2.499374
   85.906752   99.320537    0.388032    2.488523
   85.907106   99.299389    0.407576    2.672376
   85.907461   99.278236    0.474473    3.301692
   85.907815   99.257079    0.364368    2.265892
   85.908170   99.235916    0.434987    2.930230
   85.908525   99.214746    0.302570    1.684536
   85.908881   99.193577    0.501351    3.554522
   85.909237   99.172396    0.266417    1.344414
   85.909593   99.151201    0.151977    0.320825
   85.909950   99.129984    0.418279    2.773027
   85.910309   99.108729    0.446040    3.034175
   85.910667   99.087456    0.540304    3.920942
   85.911026   99.066168    0.330430    1.946589
   85.911385   99.044869    0.377620    2.390507
   85.911745   99.023561    0.485250    3.403014
   85.912105   99.002247    0.337946    2.017269
   85.912463   98.980936    0.345518    2.088501
   85.912821   98.959630    0.306731    1.723607
   85.913176   98.938345    0.280724    1.478948
   85.913531   98.917067    0.251889    1.207681
   85.913884   98.895796    0.302641    1.685116
   85.914236   98.874532    0.355872    2.185876
   85.914588   98.853267    0.412117    2.714984
   85.914938   98.832012    0.296133    1.623884
   85.915288   98.810768    0.274396    1.419391
   85.915635   98.789539    0.406584    2.662923
   85.915981   98.768346    0.319060    1.839546
   85.916324   98.747159    0.257766    1.262930
   85.916666   98.725973    0.473173    3.289335
   85.917005   98.704779    0.483333    3.384907
   85.917341   98.683555    0.373958    2.355976
   85.917675   98.662320    0.307583    1.731558
   85.918009   98.641073    0.203340    0.750905
   85.918342   98.619818    0.318654    1.835697
