Converting ICESat/GLAS binary freeboard vector data to ASCII
Wed Feb 12 09:56:45 2014

write_fb:
  file_in:       laser3k0031002.dat
  laser_period:  3k
  track:         0031
  cycle:         002
  file_out:      laser3k0031002.txt
  non_zero_only:        0
  nan_replace:       -999

read_fb:
  Year:                  2008
  Month:                   10
  Day:                     11
  Hour:                    10
  Minute:                  21
  Doy:                    285
  record_count:          1297
  non_zero_count:        1289
  nan_count:                0

    Latitude   Longitude   Freeboard   Thickness
   80.431784  191.838161    0.364685    2.005168
   80.430377  191.834160    0.349817    1.865366
   80.428970  191.830160    0.453988    2.845393
   80.427562  191.826161    0.414716    2.476001
   80.426155  191.822166    0.154962    0.325674
   80.424748  191.818173    0.393545    2.276955
   80.419127  191.802234    0.341824    1.790628
   80.417723  191.798257    0.323870    1.621795
   80.416320  191.794282    0.330774    1.686798
   80.414915  191.790310    0.347661    1.845713
   80.413510  191.786340    0.407622    2.409845
   80.412106  191.782372    0.340969    1.782879
   80.410701  191.778407    0.378565    2.136618
   80.409298  191.774449    0.346701    1.836918
   80.407896  191.770493    0.477257    3.065157
   80.406493  191.766537    0.316095    1.549109
   80.405090  191.762579    0.270683    1.121962
   80.403685  191.758610    0.336719    1.743246
   80.402280  191.754637    0.315393    1.542682
   80.400874  191.750660    0.454086    2.847465
   80.399467  191.746683    0.222114    0.665291
   80.398059  191.742705    0.381173    2.161670
   80.396650  191.738729    0.396898    2.309658
   80.395241  191.734754    0.219735    0.643082
   80.393831  191.730782    0.119420    0.250978
   80.392421  191.726819    0.113505    0.238547
   80.388189  191.714941    0.192209    0.403954
   80.386778  191.710971    0.293090    1.333501
   80.385368  191.706996    0.354192    1.908369
   80.383959  191.703022    0.475338    3.048090
   80.382551  191.699049    0.386578    2.213150
   80.381145  191.695084    0.371202    2.068557
   80.379740  191.691125    0.495175    3.234877
   80.378336  191.687170    0.449986    2.809825
   80.375528  191.679279    0.281451    1.224470
   80.374123  191.675343    0.325857    1.642273
   80.372718  191.671410    0.374460    2.099556
   80.371313  191.667479    0.474718    3.042768
   80.369908  191.663546    0.403505    2.372900
   80.368503  191.659612    0.369469    2.052769
   80.367098  191.655678    0.290978    1.314437
   80.365694  191.651743    0.289207    1.297831
   80.364291  191.647803    0.601058    4.231584
   80.361488  191.639922    0.261240    1.034913
   80.360085  191.635983    0.343893    1.812511
   80.358681  191.632049    0.341582    1.790825
   80.357276  191.628118    0.278405    1.196558
   80.355869  191.624190    0.306168    1.457790
   80.354462  191.620266    0.368905    2.048036
   80.353052  191.616351    0.334725    1.726544
   80.351642  191.612440    0.329580    1.678196
   80.350231  191.608529    0.290071    1.306584
   80.348820  191.604615    0.268692    1.105524
   80.347411  191.600690    0.218729    0.635557
   80.346002  191.596757    0.268200    1.101003
   80.340361  191.581009    0.245765    0.890186
   80.338949  191.577075    0.497799    3.261210
   80.337538  191.573145    0.366544    2.026511
   80.333304  191.561403    0.325970    1.644990
   80.331893  191.557497    0.364139    2.004118
   80.330483  191.553593    0.435232    2.672977
   80.329073  191.549691    0.237564    0.813507
   80.327664  191.545792    0.242621    0.861138
   80.326255  191.541895    0.245072    0.884248
   80.324848  191.538005    0.082171    0.172695
   80.323441  191.534119    0.198481    0.446064
   80.322035  191.530233    0.155784    0.327403
   80.320630  191.526347    0.284388    1.254342
   80.319228  191.522454    0.393467    2.280546
   80.317826  191.518558    0.448543    2.798715
   80.316424  191.514661    0.447269    2.786796
   80.315022  191.510764    0.344209    1.817330
   80.313617  191.506870    0.360291    1.968679
   80.312211  191.502977    0.381533    2.168564
   80.310803  191.499084    0.367244    2.034202
   80.307988  191.491295    0.390569    2.253747
   80.306581  191.487399    0.342140    1.798218
   80.305174  191.483501    0.325665    1.643287
   80.303766  191.479600    0.560448    3.852030
   80.302357  191.475692    0.370219    2.062532
   80.300947  191.471780    0.358483    1.952188
   80.299536  191.467869    0.345958    1.834419
   80.298124  191.463961    0.415786    2.491374
   80.296709  191.460064    0.339596    1.774689
   80.295293  191.456174    0.422159    2.551443
   80.293876  191.452289    0.367496    2.037274
   80.292459  191.448408    0.394848    2.294638
   80.291045  191.444533    0.345440    1.829896
   80.289632  191.440661    0.338414    1.763861
   80.288220  191.436791    0.357195    1.940602
   80.286809  191.432921    0.434993    2.672530
   80.285399  191.429048    0.352566    1.897169
   80.283990  191.425172    0.344059    1.817196
   80.282581  191.421297    0.335684    1.738467
   80.281172  191.417422    0.332324    1.706920
   80.279764  191.413550    0.285482    1.266317
   80.278356  191.409681    0.456452    2.874749
   80.275539  191.401943    0.459029    2.899104
   80.274132  191.398072    0.334075    1.723677
   80.272724  191.394201    0.357100    1.940344
   80.271316  191.390331    0.336433    1.745976
   80.269907  191.386462    0.352075    1.893186
   80.268499  191.382596    0.313972    1.534794
   80.267091  191.378733    0.362826    1.994435
   80.265682  191.374872    0.407105    2.411047
   80.262866  191.367157    0.302741    1.429377
   80.261459  191.363303    0.279531    1.211085
   80.260052  191.359450    0.374183    2.101570
   80.255829  191.347891    0.314048    1.536026
   80.253012  191.340186    0.402601    2.369191
   80.251603  191.336334    0.310372    1.501626
   80.250194  191.332483    0.363462    2.001118
   80.248784  191.328632    0.452029    2.834352
   80.247373  191.324781    0.323275    1.623175
   80.244546  191.317074    0.364462    2.010756
   80.243132  191.313220    0.413495    2.472082
   80.241717  191.309368    0.224634    0.695464
   80.240302  191.305518    0.373550    2.096419
   80.238887  191.301670    0.236659    0.808704
   80.237472  191.297825    0.312995    1.526877
   80.236057  191.293983    0.370214    2.065208
   80.234642  191.290148    0.330498    1.691644
   80.233228  191.286318    0.296055    1.367690
   80.231814  191.282490    0.332990    1.715208
   80.230401  191.278664    0.298786    1.393496
   80.228990  191.274835    0.347674    1.853461
   80.226171  191.267178    0.330348    1.690585
   80.224762  191.263354    0.287263    1.285322
   80.223353  191.259538    0.228843    0.735802
   80.221944  191.255728    0.316165    1.557328
   80.220536  191.251919    0.272802    1.149459
   80.219128  191.248112    0.311501    1.513574
   80.217721  191.244304    0.306031    1.462164
   80.216315  191.240495    0.384725    2.202524
   80.214908  191.236684    0.297008    1.377400
   80.213501  191.232872    0.378535    2.144412
   80.212092  191.229056    0.222124    0.673060
   80.210682  191.225236    0.303579    1.439386
   80.209271  191.221416    0.398767    2.334912
   80.207859  191.217594    0.581010    4.049390
   80.205035  191.209956    0.503526    3.320583
   80.203622  191.206136    0.330569    1.693584
   80.202210  191.202315    0.287843    1.291699
   80.200797  191.198488    0.393431    2.285056
   80.199384  191.194660    0.349677    1.873507
   80.197972  191.190832    0.251982    0.954511
   80.196558  191.187006    0.360196    1.972580
   80.195143  191.183185    0.122378    0.257195
   80.193727  191.179368    0.355701    1.930407
   80.192310  191.175555    0.459682    2.908648
   80.190895  191.171745    0.340652    1.788955
   80.189481  191.167938    0.338869    1.772233
   80.185246  191.156533    0.363026    1.999662
   80.183835  191.152734    0.344332    1.823860
   80.182425  191.148937    0.374941    2.111862
   80.179604  191.141354    0.389093    2.245108
   80.178193  191.137576    0.297145    1.380179
   80.176782  191.133804    0.325375    1.645806
   80.175370  191.130035    0.343969    1.820781
   80.173959  191.126266    0.301792    1.424072
   80.172549  191.122494    0.293849    1.349407
   80.171139  191.118718    0.477743    3.079417
   80.169729  191.114940    0.203213    0.496878
   80.168319  191.111158    0.335458    1.741000
   80.166908  191.107368    0.370119    2.067131
   80.165496  191.103575    0.290155    1.314941
   80.164083  191.099780    0.250381    0.940831
   80.161259  191.092201    0.291354    1.326385
   80.159847  191.088420    0.363455    2.004726
   80.158436  191.084640    0.463697    2.947788
   80.157023  191.080861    0.430298    2.633655
   80.155610  191.077079    0.318544    1.582404
   80.154196  191.073296    0.336291    1.749413
   80.152782  191.069512    0.239505    0.838968
   80.151367  191.065728    0.246590    0.905682
   80.149952  191.061941    0.365268    2.022184
   80.147122  191.054371    0.515950    3.439808
   80.145706  191.050591    0.281304    1.232473
   80.144291  191.046819    0.300031    1.408698
   80.142876  191.043052    0.312121    1.522490
   80.138629  191.031775    0.170029    0.357340
   80.137212  191.028021    0.365446    2.024366
   80.135795  191.024267    0.281867    1.238173
   80.134379  191.020513    0.174746    0.367253
   80.132963  191.016751    0.227478    0.726628
   80.131549  191.012986    0.302789    1.435163
   80.130135  191.009221    0.384101    2.200147
   80.128722  191.005459    0.230573    0.755914
   80.127310  191.001704    0.285735    1.274895
   80.125899  190.997954    0.355273    1.929127
   80.124488  190.994207    0.316654    1.565873
   80.123077  190.990464    0.312561    1.527429
   80.121663  190.986728    0.419241    2.531060
   80.120248  190.982995    0.275281    1.176836
   80.118833  190.979262    0.297243    1.383500
   80.117419  190.975527    0.245619    0.897909
   80.116005  190.971783    0.313172    1.533460
   80.114592  190.968033    0.212123    0.582912
   80.113179  190.964281    0.298473    1.395292
   80.111767  190.960528    0.252501    0.962874
   80.110354  190.956775    0.258004    1.014698
   80.108940  190.953022    0.189564    0.398396
   80.107527  190.949269    0.318362    1.582620
   80.106113  190.945517    0.324136    1.636985
   80.104698  190.941763    0.391618    2.271868
   80.103283  190.938011    0.328809    1.681060
   80.101868  190.934264    0.297403    1.385671
   80.100453  190.930521    0.262439    1.056805
   80.099041  190.926796    0.395315    2.306875
   80.097629  190.923078    0.291072    1.326282
   80.096218  190.919363    0.288253    1.299817
   80.094806  190.915647    0.193377    0.407338
   80.091975  190.908176    0.324662    1.642493
   80.090559  190.904437    0.300198    1.412403
   80.087727  190.896975    0.317621    1.576424
   80.086311  190.893257    0.189954    0.399216
   80.084896  190.889543    0.342445    1.810059
   80.083479  190.885831    0.337252    1.761263
   80.079225  190.874691    0.244745    0.891183
   80.077806  190.870977    0.282802    1.249259
   80.076387  190.867259    0.230920    0.761245
   80.074969  190.863539    0.229552    0.748425
   80.073551  190.859819    0.289335    1.310883
   80.072134  190.856099    0.312735    1.531070
   80.070718  190.852380    0.282927    1.250708
   80.069303  190.848663    0.294311    1.357863
   80.067889  190.844947    0.300466    1.415820
   80.063644  190.833816    0.291585    1.332438
   80.062229  190.830112    0.244980    0.894064
   80.060814  190.826409    0.254477    0.983456
   80.059399  190.822709    0.180608    0.379573
   80.057985  190.819011    0.360898    1.984713
   80.056572  190.815313    0.300352    1.415192
   80.055158  190.811613    0.266226    1.094213
   80.053745  190.807904    0.210831    0.573139
   80.052332  190.804192    0.411237    2.458487
   80.050919  190.800480    0.279840    1.222447
   80.048090  190.793067    0.150779    0.316885
   80.045257  190.785674    0.112017    0.235420
   80.043840  190.781981    0.167445    0.351911
   80.042422  190.778286    0.100038    0.210245
   80.038165  190.767205    0.104924    0.220513
   80.036745  190.763511    0.105400    0.221514
   80.035325  190.759818    0.069219    0.145475
   80.033905  190.756126    0.124577    0.261815
   80.032485  190.752435    0.243978    0.885797
   80.031067  190.748746    0.317558    1.578047
   80.029649  190.745058    0.206174    0.530274
   80.028232  190.741373    0.267336    1.105699
   80.026815  190.737692    0.156036    0.327931
   80.025398  190.734020    0.254223    0.982454
   80.023980  190.730353    0.243266    0.879432
   80.022563  190.726686    0.252046    0.962079
   80.021145  190.723019    0.183441    0.385527
   80.019728  190.719344    0.166662    0.350265
   80.018310  190.715663    0.206742    0.536062
   80.016892  190.711981    0.253699    0.977851
   80.015475  190.708297    0.203928    0.509693
   80.014057  190.704611    0.236043    0.811865
   80.012640  190.700924    0.207100    0.539645
   80.011224  190.697240    0.254827    0.988682
   80.009807  190.693558    0.231501    0.769302
   80.008391  190.689888    0.157435    0.330872
   80.006975  190.686223    0.240184    0.851100
   80.005559  190.682559    0.425257    2.592199
   80.004143  190.678895    0.230286    0.758090
   80.002727  190.675221    0.307986    1.489098
   80.001310  190.671543    0.000000    0.000000
   79.998475  190.664188    0.228555    0.742027
   79.997058  190.660517    0.306249    1.472979
   79.995641  190.656850    0.342848    1.817333
   79.994224  190.653188    0.242140    0.869990
   79.992807  190.649532    0.324822    1.647867
   79.991389  190.645889    0.218035    0.643341
   79.989970  190.642252    0.180514    0.379377
   79.988551  190.638619    0.164575    0.345878
   79.987131  190.634987    0.194975    0.426572
   79.984292  190.627707    0.222843    0.688842
   79.982872  190.624064    0.369307    2.066739
   79.981452  190.620419    0.176216    0.370343
   79.980031  190.616772    0.228693    0.744040
   79.978610  190.613123    0.304693    1.459056
   79.975767  190.605824    0.162821    0.342191
   79.974346  190.602174    0.287578    1.298216
   79.972924  190.598524    0.340871    1.799614
   79.971503  190.594876    0.197286    0.448913
   79.970082  190.591231    0.206396    0.534668
   79.968660  190.587593    0.139852    0.293919
   79.967239  190.583959    0.086692    0.182196
   79.965818  190.580326    0.226069    0.719909
   79.964398  190.576693    0.180934    0.380259
   79.962981  190.573053    0.191350    0.402149
   79.961565  190.569411    0.233717    0.792017
   79.960150  190.565768    0.236451    0.817789
   79.958736  190.562127    0.138359    0.290782
   79.957321  190.558492    0.175071    0.367937
   79.954492  190.551231    0.244350    0.892320
   79.953077  190.547603    0.370274    2.076985
   79.951662  190.543974    0.224924    0.709679
   79.950247  190.540346    0.268048    1.115418
   79.947415  190.533094    0.293573    1.355648
   79.945998  190.529471    0.360768    1.987829
   79.944578  190.525850    0.226332    0.723201
   79.943158  190.522229    0.303472    1.448946
   79.941738  190.518609    0.360696    1.987320
   79.940315  190.514987    0.240244    0.854248
   79.938892  190.511365    0.325046    1.652069
   79.937469  190.507743    0.184986    0.388774
   79.936046  190.504123    0.263260    1.070933
   79.934624  190.500505    0.203297    0.506902
   79.933202  190.496890    0.276468    1.195306
   79.931781  190.493276    0.382987    2.197423
   79.930360  190.489665    0.319636    1.601510
   79.928938  190.486055    0.246405    0.912658
   79.927516  190.482447    0.213185    0.600203
   79.926095  190.478842    0.203946    0.513349
   79.924674  190.475241    0.231702    0.774518
   79.923253  190.471646    0.214726    0.614877
   79.921834  190.468055    0.311669    1.526908
   79.920415  190.464465    0.138484    0.291044
   79.918997  190.460874    0.337671    1.771628
   79.917579  190.457276    0.342209    1.814370
   79.916162  190.453673    0.303731    1.452455
   79.914744  190.450069    0.282900    1.256548
   79.913326  190.446464    0.435962    2.696514
   79.911907  190.442858    0.377576    2.147306
   79.910486  190.439252    0.273996    1.172950
   79.909066  190.435648    0.344268    1.834085
   79.907644  190.432045    0.249885    0.946245
   79.906223  190.428448    0.311630    1.527162
   79.904802  190.424853    0.272462    1.158746
   79.903380  190.421261    0.298630    1.404975
   79.900539  190.414072    0.095028    0.199714
   79.899119  190.410475    0.280104    1.230868
   79.897699  190.406878    0.000868    0.001824
   79.896279  190.403281    0.214778    0.616434
   79.894858  190.399681    0.266313    1.101298
   79.893437  190.396082    0.277281    1.204536
   79.892015  190.392485    0.417348    2.522247
   79.889171  190.385302    0.298671    1.405930
   79.887748  190.381718    0.204026    0.515628
   79.886325  190.378137    0.272879    1.163406
   79.884902  190.374559    0.298240    1.402044
   79.883477  190.370984    0.182274    0.383075
   79.882052  190.367411    0.247229    0.922273
   79.880628  190.363839    0.202365    0.500280
   79.877781  190.356691    0.085319    0.179310
   79.876360  190.353113    0.193158    0.413836
   79.874939  190.349536    0.323203    1.637273
   79.873519  190.345960    0.216834    0.636679
   79.870682  190.338827    0.369650    2.074376
   79.869263  190.335264    0.259890    1.041885
   79.867845  190.331703    0.229061    0.751922
   79.866426  190.328145    0.285960    1.287245
   79.865007  190.324587    0.342567    1.819815
   79.863588  190.321028    0.062711    0.131796
   79.862168  190.317466    0.219706    0.664132
   79.860746  190.313897    0.265105    1.091278
   79.859323  190.310322    0.261416    1.056630
   79.857900  190.306747    0.285002    1.278558
   79.856476  190.303171    0.228805    0.749950
   79.855052  190.299598    0.289892    1.324673
   79.853628  190.296028    0.232908    0.788665
   79.852204  190.292458    0.280623    1.237592
   79.850780  190.288888    0.284500    1.274118
   79.849355  190.285315    0.382094    2.192271
   79.847930  190.281742    0.232712    0.787035
   79.846506  190.278169    0.088153    0.185266
   79.845081  190.274596    0.294142    1.365037
   79.843656  190.271022    0.268159    1.120669
   79.842231  190.267449    0.389752    2.264586
   79.840806  190.263880    0.246209    0.914284
   79.839382  190.260315    0.076877    0.161567
   79.837960  190.256760    0.275521    1.190144
   79.836539  190.253213    0.297131    1.393493
   79.832279  190.242593    0.265320    1.094399
   79.830859  190.239058    0.285237    1.281815
   79.829438  190.235524    0.226594    0.730195
   79.828018  190.231991    0.264820    1.089858
   79.826597  190.228457    0.294853    1.372443
   79.825177  190.224922    0.000000    0.000000
   79.816650  190.203707    0.038392    0.080686
   79.810956  190.189540    0.098550    0.207117
   79.809532  190.186005    0.108639    0.228320
   79.808109  190.182474    0.169188    0.355573
   79.806685  190.178942    0.183957    0.386612
   79.805261  190.175409    0.143485    0.301554
   79.803838  190.171869    0.265311    1.095405
   79.802415  190.168326    0.246373    0.917306
   79.800993  190.164781    0.261070    1.055620
   79.799571  190.161237    0.281571    1.248541
   79.798149  190.157691    0.327115    1.677043
   79.796728  190.154146    0.287872    1.307919
   79.795306  190.150605    0.307565    1.493239
   79.793884  190.147070    0.317002    1.582067
   79.792461  190.143549    0.273128    1.169379
   79.791037  190.140037    0.286490    1.295141
   79.789613  190.136528    0.189449    0.398155
   79.788189  190.133020    0.276725    1.203383
   79.786766  190.129503    0.271986    1.158858
   79.785343  190.125983    0.212697    0.601164
   79.783920  190.122462    0.398768    2.351652
   79.782497  190.118942    0.258135    1.028726
   79.781074  190.115424    0.262823    1.072879
   79.779651  190.111910    0.171669    0.360787
   79.778228  190.108399    0.211550    0.590641
   79.776805  190.104893    0.237353    0.833438
   79.775380  190.101396    0.306942    1.488136
   79.773956  190.097905    0.327264    1.679368
   79.772532  190.094417    0.266667    1.109365
   79.771108  190.090930    0.192560    0.412272
   79.769686  190.087440    0.285710    1.288622
   79.768265  190.083949    0.199918    0.481603
   79.766844  190.080455    0.286409    1.295308
   79.764002  190.073463    0.247182    0.926390
   79.762580  190.069963    0.261921    1.065098
   79.761158  190.066460    0.168417    0.353952
   79.759735  190.062954    0.249882    0.951950
   79.758312  190.059439    0.256512    1.014379
   79.756888  190.055920    0.319253    1.604655
   79.755463  190.052402    0.258840    1.036385
   79.754038  190.048887    0.295329    1.379709
   79.751185  190.041897    0.291517    1.343951
   79.749758  190.038409    0.168253    0.353607
   79.748331  190.034922    0.197961    0.463954
   79.746904  190.031429    0.055922    0.117528
   79.745478  190.027933    0.000000    0.000000
   79.744052  190.024436    0.075177    0.157994
   79.742626  190.020938    0.091950    0.193247
   79.741200  190.017434    0.081389    0.171051
   79.739775  190.013930    0.109973    0.231125
   79.738349  190.010429    0.103382    0.217273
   79.736923  190.006935    0.204498    0.525882
   79.735498  190.003459    0.228165    0.748582
   79.734074  189.999994    0.194913    0.435821
   79.732649  189.996535    0.223049    0.700563
   79.731225  189.993078    0.228064    0.747793
   79.729801  189.989619    0.308636    1.505816
   79.728377  189.986158    0.176473    0.370884
   79.726954  189.982695    0.111940    0.235258
   79.725531  189.979230    0.217005    0.643977
   79.724109  189.975756    0.187789    0.394666
   79.722686  189.972278    0.218340    0.656643
   79.721264  189.968798    0.232231    0.787368
   79.719841  189.965319    0.130018    0.273252
   79.718416  189.961845    0.073383    0.154225
   79.716990  189.958375    0.059834    0.125750
   79.715563  189.954906    0.042116    0.088513
   79.714136  189.951437    0.036717    0.077165
   79.712708  189.947970    0.042499    0.089317
   79.709852  189.941033    0.126768    0.266421
   79.708425  189.937561    0.062714    0.131801
   79.705574  189.930592    0.207997    0.559985
   79.704150  189.927104    0.187418    0.393886
   79.702725  189.923616    0.270848    1.151359
   79.701300  189.920132    0.211103    0.589369
   79.699874  189.916652    0.293246    1.362175
   79.698448  189.913176    0.214883    0.625037
   79.697022  189.909705    0.229120    0.759022
   79.694171  189.902795    0.274600    1.186974
   79.692746  189.899348    0.361124    2.000994
   79.691321  189.895904    0.356802    1.960392
   79.689895  189.892459    0.214380    0.620628
   79.688469  189.889013    0.183294    0.385218
   79.687043  189.885569    0.244631    0.905321
   79.685616  189.882124    0.271462    1.157779
   79.684191  189.878676    0.300364    1.429724
   79.681340  189.871779    0.293006    1.360615
   79.679914  189.868332    0.304601    1.469744
   79.678487  189.864887    0.283060    1.267154
   79.677059  189.861443    0.324060    1.652916
   79.675630  189.858001    0.257893    1.030512
   79.674200  189.854559    0.173317    0.364251
   79.672771  189.851117    0.269371    1.138600
   79.669911  189.844234    0.246946    0.927744
   79.668482  189.840793    0.262030    1.069695
   79.667053  189.837355    0.381016    2.189091
   79.665625  189.833917    0.384849    2.225207
   79.664197  189.830477    0.416990    2.527616
   79.662769  189.827033    0.282571    1.263146
   79.661340  189.823574    0.188772    0.396731
   79.658481  189.816645    0.267557    1.122068
   79.657052  189.813183    0.305696    1.480908
   79.655623  189.809736    0.415445    2.513409
   79.654195  189.806298    0.385811    2.234686
   79.652768  189.802866    0.197144    0.459890
   79.651342  189.799437    0.235444    0.820244
   79.649918  189.796008    0.128170    0.269367
   79.648495  189.792581    0.115890    0.243560
   79.645649  189.785729    0.087890    0.184713
   79.644225  189.782299    0.303044    1.456441
   79.642800  189.778869    0.215376    0.631771
   79.641374  189.775441    0.149557    0.314315
   79.639949  189.772018    0.172642    0.362832
   79.638525  189.768608    0.232488    0.792910
   79.637101  189.765206    0.186719    0.392417
   79.634251  189.758407    0.219776    0.673493
   79.631400  189.751592    0.319354    1.610358
   79.629973  189.748178    0.222229    0.696725
   79.625683  189.737911    0.161821    0.340090
   79.624250  189.734483    0.098377    0.206753
   79.621389  189.727635    0.142888    0.300299
   79.619960  189.724218    0.175017    0.367823
   79.618531  189.720803    0.162978    0.342521
   79.615670  189.713969    0.217808    0.655664
   79.614238  189.710550    0.182415    0.383371
   79.612805  189.707132    0.324097    1.655659
   79.611373  189.703715    0.207835    0.561995
   79.609943  189.700301    0.214578    0.625482
   79.608515  189.696890    0.187957    0.395019
   79.607087  189.693481    0.141310    0.296984
   79.605660  189.690075    0.120879    0.254045
   79.604235  189.686670    0.208305    0.566683
   79.602810  189.683267    0.242721    0.890498
   79.601386  189.679868    0.184522    0.387799
   79.599961  189.676473    0.156780    0.329497
   79.598535  189.673089    0.276288    1.206426
   79.597108  189.669710    0.320360    1.621085
   79.595681  189.666332    0.124159    0.260938
   79.592830  189.659560    0.160445    0.337199
   79.591406  189.656162    0.215397    0.633871
   79.589982  189.652761    0.186370    0.391683
   79.588558  189.649359    0.176813    0.371598
   79.587133  189.645958    0.230550    0.776573
   79.585707  189.642558    0.321639    1.633529
   79.584281  189.639162    0.287156    1.309190
   79.578567  189.625665    0.194008    0.433127
   79.577138  189.622299    0.228146    0.754326
   79.569987  189.605371    0.205251    0.539204
   79.568556  189.601986    0.206916    0.554918
   79.567126  189.598601    0.160041    0.336349
   79.565695  189.595215    0.277189    1.216105
   79.564263  189.591827    0.315247    1.574184
   79.562832  189.588438    0.265604    1.107219
   79.561400  189.585049    0.283829    1.278724
   79.559969  189.581659    0.337159    1.780465
   79.558538  189.578266    0.346543    1.868799
   79.557107  189.574873    0.232701    0.797901
   79.555677  189.571484    0.179612    0.377481
   79.554247  189.568100    0.189867    0.399032
   79.552818  189.564731    0.263782    1.090445
   79.551389  189.561370    0.236066    0.829768
   79.549961  189.558013    0.248224    0.944196
   79.548533  189.554656    0.218527    0.664877
   79.547107  189.551289    0.238111    0.849155
   79.545683  189.547918    0.107829    0.226617
   79.544258  189.544546    0.116736    0.245338
   79.542833  189.541177    0.467764    3.009745
   79.541407  189.537816    0.255663    1.014493
   79.539979  189.534459    0.475329    3.081021
   79.538552  189.531106    0.346108    1.865448
   79.537124  189.527755    0.328391    1.698824
   79.535698  189.524410    0.193552    0.430406
   79.534273  189.521067    0.209082    0.576560
   79.532847  189.517723    0.184494    0.387741
   79.531421  189.514376    0.209761    0.583052
   79.529994  189.511021    0.234676    0.817486
   79.528565  189.507660    0.167287    0.351578
   79.524273  189.497566    0.190886    0.405756
   79.522840  189.494202    0.120714    0.253697
   79.519973  189.487477    0.194959    0.444240
   79.518539  189.484121    0.181525    0.381500
   79.515670  189.477420    0.258638    1.043449
   79.514236  189.474072    0.135827    0.285459
   79.512802  189.470724    0.126683    0.266243
   79.511368  189.467376    0.113881    0.239338
   79.508502  189.460684    0.200810    0.499714
   79.507072  189.457341    0.195128    0.446313
   79.505644  189.454000    0.166274    0.349450
   79.504216  189.450660    0.093293    0.196068
   79.502790  189.447320    0.180577    0.379509
   79.501363  189.443981    0.164476    0.345669
   79.498512  189.437302    0.194094    0.436902
   79.495660  189.430623    0.215115    0.634766
   79.494234  189.427283    0.164949    0.346665
   79.491381  189.420610    0.185830    0.390549
   79.489954  189.417280    0.232400    0.797583
   79.488526  189.413954    0.228933    0.765021
   79.487098  189.410630    0.229227    0.767847
   79.485669  189.407306    0.229604    0.771445
   79.484239  189.403980    0.190114    0.399998
   79.482808  189.400652    0.228208    0.758414
   79.481376  189.397325    0.299213    1.426444
   79.479943  189.393997    0.258759    1.045932
   79.477076  189.387347    0.290503    1.344663
   79.474209  189.380697    0.203228    0.523748
   79.472775  189.377371    0.239797    0.867816
   79.471342  189.374044    0.265160    1.106465
   79.469909  189.370717    0.181120    0.380649
   79.468476  189.367389    0.392546    2.304939
   79.467043  189.364058    0.150715    0.316749
   79.465609  189.360728    0.225930    0.737633
   79.462741  189.354074    0.263978    1.095670
   79.461309  189.350760    0.322425    1.645557
   79.459876  189.347452    0.284307    1.287019
   79.458445  189.344145    0.278986    1.237013
   79.457013  189.340837    0.296655    1.403284
   79.455582  189.337520    0.294425    1.382364
   79.454151  189.334198    0.238142    0.852938
   79.452720  189.330875    0.324192    1.662496
   79.451291  189.327556    0.315769    1.583315
   79.449863  189.324245    0.213429    0.620620
   79.448435  189.320939    0.258249    1.042312
   79.447009  189.317636    0.203186    0.524363
   79.445583  189.314335    0.258957    1.049071
   79.444156  189.311036    0.189500    0.398261
   79.442730  189.307737    0.192857    0.427360
   79.441303  189.304437    0.223386    0.714603
   79.439876  189.301135    0.209239    0.581576
   79.438448  189.297826    0.183977    0.386654
   79.437020  189.294514    0.245001    0.918103
   79.435590  189.291200    0.189328    0.397901
   79.434160  189.287886    0.161854    0.340159
   79.432729  189.284571    0.269613    1.149797
   79.431298  189.281258    0.258819    1.048309
   79.429866  189.277949    0.236196    0.835545
   79.428433  189.274645    0.210887    0.597500
   79.426999  189.271356    0.189659    0.398595
   79.422692  189.261523    0.217602    0.660886
   79.421255  189.258239    0.215167    0.638031
   79.419818  189.254951    0.160707    0.337749
   79.416945  189.248372    0.375215    2.143816
   79.415511  189.245085    0.316417    1.590740
   79.414078  189.241798    0.330532    1.723580
   79.412645  189.238513    0.399157    2.369207
   79.411214  189.235230    0.325973    1.680798
   79.409783  189.231949    0.380755    2.196198
   79.408353  189.228672    0.319857    1.623366
   79.406923  189.225395    0.422295    2.587088
   79.405493  189.222120    0.248840    0.955396
   79.404063  189.218844    0.204534    0.538642
   79.402632  189.215569    0.290049    1.343161
   79.401202  189.212295    0.351497    1.921279
   79.399772  189.209022    0.180330    0.378988
   79.398343  189.205753    0.199778    0.494115
   79.396914  189.202485    0.129023    0.271161
   79.395485  189.199216    0.153376    0.322341
   79.394056  189.195946    0.178447    0.375032
   79.392626  189.192668    0.185412    0.389669
   79.391197  189.189386    0.130976    0.275265
   79.389767  189.186104    0.167338    0.351684
   79.388336  189.182822    0.169119    0.355428
   79.386905  189.179548    0.026874    0.056479
   79.385474  189.176277    0.211556    0.605387
   79.384042  189.173009    0.146602    0.308105
   79.378314  189.159940    0.158273    0.332633
   79.376882  189.156675    0.042878    0.090115
   79.372580  189.146889    0.163584    0.343796
   79.371145  189.143628    0.086556    0.181909
   79.368276  189.137099    0.311990    1.550825
   79.366841  189.133835    0.264152    1.100853
   79.365406  189.130572    0.212340    0.613489
   79.359663  189.117553    0.195368    0.454040
   79.358226  189.114297    0.000000    0.000000
   79.349618  189.094771    0.197147    0.471131
   79.348186  189.091523    0.164732    0.346208
   79.346755  189.088278    0.226763    0.749851
   79.341034  189.075316    0.249404    0.963046
   79.335317  189.062368    0.179486    0.377215
   79.333887  189.059123    0.217978    0.667668
   79.332457  189.055878    0.164304    0.345308
   79.331025  189.052635    0.285975    1.307438
   79.328156  189.046158    0.223384    0.718731
   79.326720  189.042923    0.106783    0.224421
   79.325283  189.039691    0.240233    0.877336
   79.320971  189.030011    0.158899    0.333949
   79.319533  189.026786    0.190936    0.413784
   79.316656  189.020330    0.191395    0.418205
   79.315217  189.017102    0.257721    1.042215
   79.313779  189.013875    0.169549    0.356331
   79.310909  189.007429    0.326219    1.686752
   79.309476  189.004209    0.307066    1.506622
   79.308043  189.000991    0.158330    0.332754
   79.306608  188.997774    0.162213    0.340914
   79.305173  188.994558    0.250333    0.973066
   79.303739  188.991346    0.323109    1.657750
   79.302306  188.988136    0.213664    0.628216
   79.300875  188.984935    0.266488    1.125196
   79.299447  188.981738    0.295960    1.402502
   79.296593  188.975341    0.343558    1.850373
   79.295165  188.972131    0.227406    0.757746
   79.293738  188.968914    0.281541    1.267063
   79.292310  188.965695    0.192084    0.425557
   79.290881  188.962473    0.248994    0.960988
   79.289450  188.959250    0.182595    0.383750
   79.288017  188.956027    0.302628    1.465643
   79.286584  188.952804    0.145438    0.305659
   79.285150  188.949580    0.148957    0.313053
   79.283716  188.946357    0.151453    0.318300
   79.282281  188.943134    0.197492    0.476798
   79.280846  188.939913    0.161240    0.338869
   79.277976  188.933479    0.266834    1.129275
   79.276542  188.930267    0.167230    0.351458
   79.275106  188.927057    0.154553    0.324816
   79.273671  188.923850    0.101357    0.213016
   79.270797  188.917442    0.158935    0.334026
   79.269360  188.914240    0.212462    0.618080
   79.266485  188.907843    0.175456    0.368747
   79.263610  188.901449    0.175616    0.369082
   79.262172  188.898253    0.157557    0.331129
   79.260733  188.895056    0.137810    0.289626
   79.259294  188.891858    0.141349    0.297064
   79.256415  188.885462    0.102008    0.214384
   79.253538  188.879066    0.125155    0.263030
   79.252100  188.875870    0.098168    0.206315
   79.250663  188.872675    0.193905    0.444171
   79.249225  188.869485    0.153964    0.323578
   79.246353  188.863112    0.101385    0.213076
   79.244917  188.859927    0.176274    0.370466
   79.243482  188.856741    0.147761    0.310542
   79.240613  188.850368    0.120506    0.253261
   79.239178  188.847183    0.202967    0.529829
   79.237744  188.843998    0.145185    0.305127
   79.236310  188.840815    0.145045    0.304832
   79.234876  188.837633    0.140021    0.294273
   79.233442  188.834455    0.138407    0.290881
   79.230572  188.828117    0.174038    0.365765
   79.227699  188.821782    0.126846    0.266585
   79.226262  188.818604    0.130706    0.274698
   79.224824  188.815421    0.169723    0.356697
   79.223385  188.812236    0.171605    0.360652
   79.221947  188.809051    0.157768    0.331573
   79.220511  188.805868    0.130926    0.275161
   79.217640  188.799508    0.127432    0.267816
   79.216206  188.796331    0.053139    0.111680
   79.214771  188.793157    0.158820    0.333784
   79.213336  188.789985    0.066619    0.140010
   79.211901  188.786815    0.195848    0.463830
   79.210465  188.783647    0.154423    0.324541
   79.209026  188.780479    0.119980    0.252155
   79.207586  188.777312    0.084736    0.178086
   79.201826  188.764670    0.142667    0.299836
   79.200388  188.761514    0.177664    0.373387
   79.198950  188.758358    0.099895    0.209943
   79.197514  188.755193    0.174347    0.366415
   79.196078  188.752025    0.127880    0.268757
   79.194642  188.748857    0.122628    0.257721
   79.190336  188.739359    0.157953    0.331960
   79.188900  188.736199    0.155910    0.327667
   79.187465  188.733042    0.193609    0.443625
   79.184596  188.726747    0.168449    0.354019
   79.181728  188.720461    0.178552    0.375252
   79.180295  188.717315    0.163797    0.344243
   79.178862  188.714168    0.119143    0.250395
   79.177428  188.711020    0.113507    0.238552
   79.175993  188.707871    0.162969    0.342503
   79.174557  188.704719    0.190213    0.412126
   79.173120  188.701566    0.176516    0.370974
   79.170242  188.695263    0.171037    0.359459
   79.168800  188.692116    0.292880    1.378152
   79.167358  188.688972    0.445293    2.812010
   79.165915  188.685829    0.345000    1.868570
   79.164472  188.682686    0.419725    2.571580
   79.163028  188.679540    0.231465    0.800605
   79.161583  188.676393    0.185013    0.388831
   79.160139  188.673246    0.219087    0.684264
   79.157255  188.666956    0.142722    0.299950
   79.155816  188.663813    0.212638    0.623749
   79.152939  188.657534    0.165416    0.347646
   79.151500  188.654398    0.136719    0.287335
   79.150061  188.651264    0.131844    0.277090
   79.148622  188.648134    0.151963    0.319373
   79.147184  188.645007    0.185172    0.389166
   79.145748  188.641886    0.119683    0.251530
   79.144313  188.638770    0.321014    1.643681
   79.142878  188.635655    0.285159    1.306428
   79.141444  188.632541    0.456812    2.921276
   79.140008  188.629422    0.195902    0.466862
   79.138572  188.626301    0.174091    0.365878
   79.134264  188.616929    0.283479    1.290932
   79.132828  188.613801    0.208915    0.589533
   79.131392  188.610673    0.294223    1.392103
   79.129955  188.607546    0.303806    1.482312
   79.127080  188.601302    0.290981    1.361759
   79.124202  188.595064    0.356496    1.978189
   79.122762  188.591945    0.423358    2.607233
   79.121322  188.588827    0.306378    1.506809
   79.119881  188.585710    0.300124    1.448034
   79.118441  188.582595    0.307695    1.519304
   79.117001  188.579481    0.394397    2.334987
   79.115562  188.576370    0.334882    1.775161
   79.114123  188.573260    0.285993    1.315303
   79.112684  188.570153    0.362956    2.039371
   79.111247  188.567050    0.404731    2.432414
   79.109810  188.563949    0.419022    2.566900
   79.108373  188.560849    0.464891    2.998453
   79.106936  188.557749    0.332677    1.754726
   79.105498  188.554645    0.319777    1.633419
   79.104058  188.551539    0.235334    0.839089
   79.102618  188.548433    0.363926    2.048852
   79.101177  188.545328    0.234670    0.832948
   79.099735  188.542225    0.272364    1.187600
   79.098292  188.539122    0.341389    1.836987
   79.095408  188.532921    0.367933    2.086802
   79.093966  188.529822    0.316114    1.599372
   79.092526  188.526724    0.216335    0.660767
   79.091086  188.523626    0.240153    0.884882
   79.089646  188.520528    0.503929    3.366369
   79.088207  188.517431    0.348200    1.901416
   79.086768  188.514333    0.381553    2.215230
   79.085330  188.511236    0.279474    1.254996
   79.083892  188.508139    0.426735    2.640377
   79.082455  188.505043    0.226457    0.756351
   79.079581  188.498853    0.209103    0.593195
   79.076708  188.492667    0.139197    0.292543
   79.073833  188.486484    0.219509    0.691288
   79.072395  188.483393    0.523130    3.547607
   79.070955  188.480299    0.194295    0.454197
   79.068073  188.474109    0.143131    0.300809
   79.063747  188.464833    0.486302    3.201455
   79.062304  188.461743    0.401362    2.402446
   79.060862  188.458653    0.322964    1.664988
   79.059420  188.455558    0.321298    1.649358
   79.057977  188.452462    0.256037    1.035481
   79.056535  188.449367    0.366605    2.075681
   79.055093  188.446276    0.386189    2.259970
   79.053650  188.443193    0.331664    1.747083
   79.052206  188.440116    0.299419    1.443790
   79.050763  188.437043    0.345362    1.876047
   79.049320  188.433974    0.381904    2.219860
   79.047880  188.430905    0.367440    2.083838
   79.046442  188.427837    0.225061    0.744484
   79.043567  188.421707    0.322956    1.665516
   79.040693  188.415588    0.295830    1.410432
   79.039256  188.412528    0.262914    1.100833
   79.037820  188.409466    0.151398    0.318185
   79.036384  188.406397    0.161918    0.340295
   79.032075  188.397171    0.183500    0.385651
   79.029193  188.391013    0.130287    0.273816
   79.027751  188.387934    0.186438    0.391826
   79.023426  188.378718    0.207770    0.582634
   79.021985  188.375652    0.211149    0.614467
   79.020544  188.372585    0.147035    0.309016
   79.019103  188.369513    0.173411    0.364449
   79.017661  188.366439    0.270600    1.173899
   79.016220  188.363365    0.192426    0.438539
   79.014778  188.360290    0.182057    0.382618
   79.013335  188.357215    0.150804    0.316936
   79.011893  188.354142    0.174600    0.366948
   79.010451  188.351071    0.140036    0.294305
   79.009008  188.348004    0.135006    0.283735
   79.007567  188.344946    0.150527    0.316355
   79.006125  188.341893    0.060856    0.127897
   79.004684  188.338843    0.086513    0.181819
   79.003242  188.335795    0.172003    0.361488
   79.000352  188.329696    0.177023    0.372039
   78.998907  188.326647    0.168291    0.353688
   78.997462  188.323600    0.115958    0.243702
   78.996020  188.320555    0.217422    0.674393
   78.994580  188.317513    0.113226    0.237960
   78.993140  188.314473    0.142647    0.299792
   78.991702  188.311434    0.150584    0.316474
   78.990266  188.308399    0.144901    0.304531
   78.988830  188.305365    0.132569    0.278613
   78.987396  188.302332    0.161327    0.339051
   78.985961  188.299300    0.165368    0.347544
   78.984524  188.296270    0.081434    0.171144
   78.983087  188.293239    0.200538    0.516004
   78.981649  188.290206    0.159981    0.336222
   78.978774  188.284119    0.086293    0.181357
   78.977338  188.281063    0.070833    0.148866
   78.975900  188.278004    0.157524    0.331060
   78.974461  188.274944    0.175083    0.367962
   78.973018  188.271887    0.198346    0.495740
   78.971572  188.268833    0.212956    0.633233
   78.970126  188.265780    0.147431    0.309848
   78.968678  188.262729    0.084126    0.176804
   78.967230  188.259682    0.164549    0.345823
   78.965782  188.256638    0.142309    0.299082
   78.964334  188.253596    0.170830    0.359024
   78.962886  188.250557    0.184324    0.387384
   78.961438  188.247520    0.208187    0.588721
   78.959992  188.244487    0.197188    0.485299
   78.957100  188.238427    0.222735    0.725723
   78.955656  188.235398    0.161410    0.339227
   78.954212  188.232372    0.174090    0.365876
   78.952770  188.229349    0.150726    0.316772
   78.949891  188.223317    0.191417    0.431355
   78.939823  188.202279    0.131914    0.277236
   78.938384  188.199269    0.000000    0.000000
   78.936945  188.196257    0.285286    1.314865
   78.932626  188.187216    0.144372    0.303419
   78.931185  188.184203    0.137613    0.289214
   78.929743  188.181191    0.069938    0.146985
   78.928300  188.178178    0.116420    0.244674
   78.926858  188.175167    0.139705    0.293610
   78.925415  188.172156    0.240097    0.890158
   78.922527  188.166131    0.148944    0.313028
   78.921082  188.163114    0.125733    0.264246
   78.919637  188.160094    0.184835    0.388457
   78.918192  188.157073    0.101448    0.213208
   78.909535  188.138975    0.125870    0.264534
   78.908090  188.135957    0.080069    0.168277
   78.906645  188.132942    0.138675    0.291444
   78.905201  188.129930    0.102600    0.215629
   78.897978  188.114968    0.149697    0.314610
   78.896535  188.111987    0.121183    0.254683
   78.889324  188.097049    0.101715    0.213768
   78.886443  188.091063    0.197260    0.488519
   78.885004  188.088074    0.000000    0.000000
   78.880687  188.079100    0.180203    0.378723
   78.879249  188.076103    0.161357    0.339115
   78.877810  188.073105    0.210948    0.617574
   78.876370  188.070105    0.186554    0.392070
   78.874927  188.067104    0.133039    0.279600
   78.873483  188.064102    0.147617    0.310237
   78.872037  188.061100    0.126967    0.266840
   78.869145  188.055096    0.442390    2.795117
   78.867699  188.052095    0.188229    0.404185
   78.866252  188.049094    0.116583    0.245016
   78.864806  188.046094    0.205266    0.564561
   78.863358  188.043090    0.186063    0.391039
   78.861910  188.040085    0.232937    0.824968
   78.860462  188.037084    0.255017    1.032723
   78.859015  188.034089    0.343577    1.865887
   78.857569  188.031109    0.270665    1.180029
   78.856126  188.028139    0.282411    1.290580
   78.854682  188.025173    0.282767    1.293969
   78.853240  188.022209    0.204371    0.556525
   78.850353  188.016270    0.230900    0.806192
   78.848910  188.013300    0.183936    0.386568
   78.847467  188.010332    0.162005    0.340476
   78.846024  188.007367    0.238263    0.875603
   78.843140  188.001445    0.375647    2.168115
   78.841698  187.998487    0.243077    0.921027
   78.840259  187.995534    0.403574    2.430925
   78.838819  187.992584    0.278735    1.256578
   78.837380  187.989633    0.259914    1.079570
   78.835940  187.986680    0.253790    1.022000
   78.834496  187.983719    0.207462    0.586223
   78.833051  187.980752    0.273283    1.205481
   78.831604  187.977783    0.309282    1.544178
   78.830157  187.974810    0.261190    1.091813
   78.828711  187.971832    0.242474    0.915792
   78.827265  187.968852    0.313660    1.585511
   78.825819  187.965872    0.362678    2.046685
   78.824373  187.962893    0.355016    1.974659
   78.822927  187.959919    0.232548    0.822606
   78.821482  187.956948    0.249159    0.978922
   78.820037  187.953978    0.229939    0.798161
   78.818592  187.951010    0.202220    0.537444
   78.817147  187.948042    0.217721    0.683316
   78.815703  187.945073    0.258111    1.063325
   78.814258  187.942106    0.274140    1.214164
   78.808482  187.930245    0.193565    0.456357
   78.807037  187.927285    0.202419    0.539699
   78.805591  187.924331    0.181267    0.380958
   78.804145  187.921382    0.243154    0.923003
   78.802699  187.918437    0.128793    0.270676
   78.801253  187.915494    0.178671    0.375503
   78.799807  187.912552    0.265823    1.136408
   78.798362  187.909611    0.160898    0.338151
   78.796917  187.906672    0.090638    0.190489
   78.795472  187.903735    0.128270    0.269577
   78.794026  187.900800    0.122025    0.256454
   78.792581  187.897866    0.238646    0.880979
   78.791136  187.894931    0.150517    0.316333
   78.789691  187.891995    0.200873    0.525731
   78.788247  187.889052    0.110691    0.232633
   78.786803  187.886105    0.127020    0.266951
   78.785359  187.883156    0.146520    0.307933
   78.783914  187.880206    0.196347    0.483350
   78.782468  187.877256    0.110067    0.231322
   78.781022  187.874307    0.123602    0.259767
   78.779574  187.871358    0.318086    1.628733
   78.778127  187.868409    0.132157    0.277747
   78.776680  187.865463    0.182761    0.384099
   78.775233  187.862519    0.028411    0.059710
   78.773785  187.859574    0.141194    0.296740
   78.770892  187.853679    0.157370    0.330736
   78.769445  187.850729    0.180365    0.379063
   78.767999  187.847779    0.091145    0.191554
   78.766553  187.844832    0.117745    0.247458
   78.765108  187.841892    0.200663    0.524569
   78.755003  187.821404    0.124116    0.260848
   78.744893  187.800999    0.303107    1.488959
   78.743448  187.798089    0.268635    1.164717
   78.742000  187.795177    0.231139    0.812029
   78.740551  187.792262    0.338775    1.824647
   78.739101  187.789344    0.399441    2.395394
   78.737651  187.786424    0.193379    0.456951
   78.736201  187.783497    0.185404    0.389653
   78.734752  187.780566    0.238662    0.883036
   78.733303  187.777634    0.220560    0.712797
   78.731854  187.774703    0.245893    0.951155
   78.730404  187.771778    0.217012    0.679511
   78.728955  187.768855    0.211238    0.625245
   78.727506  187.765934    0.180782    0.379939
   78.726057  187.763014    0.237611    0.873448
   78.724608  187.760092    0.280044    1.272675
   78.723161  187.757171    0.164131    0.344946
   78.721714  187.754250    0.349845    1.929415
   78.720267  187.751331    0.224849    0.753586
   78.718824  187.748415    0.198203    0.502972
   78.717381  187.745501    0.260193    1.086181
   78.715938  187.742589    0.306187    1.518913
   78.714496  187.739680    0.295873    1.421933
   78.713052  187.736775    0.311535    1.569315
   78.711607  187.733873    0.210891    0.622573
   78.710161  187.730972    0.225460    0.759683
   78.708715  187.728071    0.125145    0.263010
   78.701485  187.713550    0.090439    0.190070
   78.692808  187.696192    0.249139    0.983028
   78.689913  187.690400    0.224425    0.750635
   78.688465  187.687504    0.220265    0.711555
   78.687016  187.684608    0.248987    0.981802
   78.685567  187.681713    0.167297    0.351598
   78.684119  187.678823    0.280088    1.274479
   78.682671  187.675935    0.232322    0.825173
   78.681223  187.673048    0.320769    1.657276
   78.678325  187.667265    0.486183    3.213479
   78.676876  187.664368    0.272765    1.205832
   78.675427  187.661469    0.302398    1.484648
   78.673979  187.658570    0.229072    0.794896
   78.672532  187.655670    0.239796    0.895831
   78.671086  187.652772    0.324261    1.690470
   78.669639  187.649875    0.279229    1.266885
   78.668193  187.646982    0.267432    1.155958
   78.666745  187.644095    0.260170    1.087691
   78.665295  187.641212    0.331129    1.755278
   78.663846  187.638334    0.226139    0.767647
   78.662397  187.635458    0.225086    0.757793
   78.660951  187.632585    0.482989    3.184024
   78.659507  187.629715    0.202183    0.542434
   78.658063  187.626846    0.357300    2.001721
   78.655173  187.621113    0.294632    1.412284
   78.653726  187.618248    0.189673    0.424942
   78.650833  187.612516    0.205676    0.575585
   78.649388  187.609641    0.240062    0.899121
   78.646501  187.603886    0.193734    0.463394
   78.645056  187.601012    0.148656    0.312422
   78.643609  187.598153    0.140964    0.296256
   78.642160  187.595301    0.162267    0.341027
   78.640710  187.592450    0.152286    0.320051
   78.639259  187.589596    0.214656    0.660461
   78.637807  187.586729    0.157640    0.331303
   78.636355  187.583855    0.234676    0.848887
   78.634902  187.580976    0.244061    0.937222
   78.633449  187.578093    0.166898    0.350761
   78.630546  187.572319    0.198667    0.510333
   78.629096  187.569432    0.177352    0.372731
   78.627646  187.566546    0.203451    0.555437
   78.626197  187.563668    0.180382    0.379099
   78.624747  187.560794    0.223358    0.742804
   78.623298  187.557923    0.148183    0.311427
   78.621849  187.555055    0.113859    0.239291
   78.620400  187.552188    0.141877    0.298174
   78.618952  187.549323    0.110788    0.232837
   78.617505  187.546459    0.128663    0.270403
   78.616059  187.543595    0.144283    0.303230
   78.614615  187.540730    0.145253    0.305269
   78.613173  187.537865    0.161416    0.339239
   78.611732  187.535002    0.163311    0.343222
   78.610290  187.532142    0.189105    0.421049
   78.608847  187.529289    0.101299    0.212894
   78.607402  187.526442    0.163768    0.344183
   78.605957  187.523595    0.197203    0.497374
   78.604511  187.520748    0.151953    0.319350
   78.603065  187.517897    0.238794    0.888725
   78.601618  187.515042    0.137531    0.289041
   78.600170  187.512186    0.149107    0.313370
   78.598723  187.509329    0.177777    0.373623
   78.597276  187.506470    0.232671    0.831316
   78.595829  187.503612    0.105665    0.222071
   77.868450  186.159495    0.071000    0.149217
   77.866988  186.156952    0.138531    0.291142
   77.855300  186.136681    0.115783    0.243335
   77.852382  186.131628    0.187018    0.425101
   77.848004  186.124069    0.069521    0.146109
   77.846546  186.121554    0.093836    0.197210
   77.845087  186.119040    0.084976    0.178590
   77.843627  186.116527    0.067573    0.142014
   77.842168  186.114012    0.165906    0.348675
   77.840708  186.111493    0.121634    0.255632
   77.839248  186.108970    0.092357    0.194101
   77.837787  186.106446    0.059542    0.125136
   77.836326  186.103921    0.103632    0.217797
   77.834864  186.101395    0.100745    0.211730
   77.833402  186.098868    0.107569    0.226073
   77.831940  186.096340    0.137399    0.288763
   77.830478  186.093813    0.144188    0.303033
   77.829016  186.091285    0.099658    0.209445
   77.827553  186.088758    0.132176    0.277787
   77.826090  186.086232    0.117977    0.247945
   77.824627  186.083706    0.058798    0.123572
   77.823165  186.081182    0.136608    0.287100
   77.821703  186.078659    0.041002    0.086171
   77.820242  186.076137    0.118479    0.249001
   77.817319  186.071088    0.088042    0.185034
   77.815858  186.068560    0.126315    0.265469
   77.814397  186.066034    0.096135    0.202042
   77.812935  186.063509    0.079925    0.167973
   77.811472  186.060991    0.126614    0.266097
   77.810008  186.058477    0.121129    0.254569
   77.808544  186.055966    0.111636    0.234620
   77.807081  186.053456    0.082419    0.173214
   77.805618  186.050947    0.073999    0.155520
   77.804156  186.048439    0.076648    0.161087
   77.802695  186.045933    0.189954    0.454202
   77.799774  186.040932    0.000000    0.000000
   77.792476  186.028456    0.165537    0.347900
   77.791016  186.025957    0.065445    0.137542
   77.789556  186.023459    0.103423    0.217358
   77.788097  186.020969    0.083454    0.175390
   77.786637  186.018483    0.140452    0.295179
   77.785176  186.015996    0.109060    0.229206
   77.783715  186.013506    0.180002    0.378300
   77.782253  186.011004    0.099131    0.208338
   77.779327  186.005984    0.000000    0.000000
   77.777863  186.003470    0.146902    0.308736
   77.776398  186.000956    0.077299    0.162455
   77.774933  185.998443    0.129691    0.272563
   77.773468  185.995930    0.094192    0.197958
   77.772003  185.993417    0.176629    0.371211
   77.770539  185.990907    0.130754    0.274798
   77.769076  185.988398    0.123255    0.259039
   77.767613  185.985891    0.155672    0.327168
   77.766150  185.983388    0.133222    0.279985
   77.764687  185.980890    0.085018    0.178677
   77.763223  185.978395    0.161832    0.340112
   77.761760  185.975902    0.160698    0.337729
   77.760297  185.973412    0.129214    0.271562
   77.757374  185.968426    0.084327    0.177225
   77.755914  185.965936    0.117956    0.247901
   77.754454  185.963448    0.092167    0.193702
   77.751538  185.958487    0.132434    0.278329
   77.750081  185.956011    0.117330    0.246585
   77.748623  185.953536    0.100106    0.210387
   77.747165  185.951062    0.156670    0.329264
   77.745707  185.948588    0.125498    0.263751
   77.744248  185.946113    0.125275    0.263283
   77.742788  185.943636    0.063158    0.132736
   77.739865  185.938672    0.200942    0.559426
   77.738403  185.936187    0.154514    0.324733
   77.736940  185.933700    0.133070    0.279665
   77.735478  185.931212    0.107622    0.226184
   77.732554  185.926235    0.133359    0.280272
   77.731091  185.923746    0.140828    0.295970
   77.729627  185.921259    0.135219    0.284182
   77.728162  185.918772    0.075667    0.159025
   77.726697  185.916285    0.154101    0.323864
   77.725232  185.913798    0.114482    0.240601
   77.723766  185.911312    0.091913    0.193168
   77.722301  185.908825    0.087402    0.183689
   77.720836  185.906337    0.144220    0.303099
   77.719371  185.903848    0.144386    0.303447
   77.717907  185.901353    0.131870    0.277143
   77.716444  185.898857    0.094049    0.197656
   77.714981  185.896360    0.160307    0.336909
   77.713518  185.893865    0.082500    0.173386
   77.712055  185.891375    0.164982    0.346733
   77.710591  185.888889    0.129568    0.272305
   77.709128  185.886409    0.093458    0.196415
   77.707666  185.883933    0.104505    0.219632
   77.706204  185.881467    0.094234    0.198047
   77.703283  185.876551    0.121416    0.255174
   77.701823  185.874098    0.151055    0.317464
   77.700364  185.871645    0.118694    0.249452
   77.698906  185.869193    0.122259    0.256944
   77.697449  185.866740    0.086177    0.181112
   77.694535  185.861826    0.130555    0.274380
   77.693079  185.859362    0.101189    0.212664
   77.691622  185.856898    0.112308    0.236031
   77.690164  185.854434    0.182070    0.383343
   77.687236  185.849520    0.167008    0.350992
   77.685769  185.847064    0.103144    0.216771
   77.684302  185.844606    0.134944    0.283604
   77.681368  185.839669    0.143525    0.301639
   77.679901  185.837196    0.137312    0.288581
   77.678433  185.834720    0.139018    0.292167
   77.676963  185.832242    0.146796    0.308513
   77.675491  185.829763    0.089586    0.188278
   77.674020  185.827285    0.167477    0.351976
   77.672550  185.824809    0.119408    0.250954
   77.668148  185.817406    0.226951    0.806196
   77.666683  185.814945    0.071067    0.149358
   77.663755  185.810031    0.096051    0.201866
   77.662293  185.807578    0.139843    0.293900
   77.660832  185.805127    0.067889    0.142678
   77.659373  185.802679    0.083978    0.176492
   77.656456  185.797789    0.156927    0.329805
   77.654998  185.795347    0.144743    0.304199
   77.653541  185.792909    0.185242    0.414254
   77.652084  185.790472    0.147000    0.308942
   77.650626  185.788035    0.133707    0.281004
   77.649168  185.785599    0.185640    0.418118
   77.647709  185.783160    0.158220    0.332522
   77.646248  185.780720    0.137086    0.288107
   77.644787  185.778279    0.192860    0.486171
   77.643325  185.775836    0.185638    0.418269
   77.640397  185.770950    0.142204    0.298862
   77.637467  185.766059    0.080031    0.168197
   77.636002  185.763611    0.074503    0.156579
   77.634537  185.761163    0.146078    0.307004
   77.633072  185.758713    0.133748    0.281091
   77.631606  185.756262    0.160839    0.338026
   77.630139  185.753807    0.037458    0.078724
   77.628672  185.751351    0.122140    0.256695
   77.627204  185.748895    0.100594    0.211413
   77.624268  185.743989    0.137666    0.289325
   77.622801  185.741542    0.181231    0.380883
   77.621334  185.739095    0.114209    0.240026
   77.619868  185.736648    0.116005    0.243802
   77.618402  185.734196    0.140696    0.295692
   77.616937  185.731744    0.035677    0.074980
   77.615472  185.729292    0.139326    0.292813
   77.614008  185.726843    0.125029    0.262766
   77.612545  185.724401    0.112765    0.236992
   77.611083  185.721965    0.122628    0.257720
   77.609621  185.719531    0.182649    0.391102
   77.608159  185.717102    0.178313    0.374750
   77.602306  185.707410    0.183946    0.403515
   77.600845  185.704988    0.166424    0.349763
   77.599385  185.702564    0.145233    0.305228
   77.596468  185.697721    0.194855    0.506294
   77.595012  185.695304    0.093703    0.196929
   77.593556  185.692890    0.096420    0.202640
   77.592100  185.690477    0.111304    0.233920
   77.590643  185.688065    0.141120    0.296583
   77.589185  185.685651    0.139163    0.292471
   77.587724  185.683235    0.085836    0.180396
   77.586262  185.680818    0.119563    0.251279
   77.584798  185.678399    0.103454    0.217423
   77.583332  185.675975    0.165336    0.347478
   77.581863  185.673549    0.176358    0.370643
   77.580394  185.671120    0.013226    0.027796
   77.578923  185.668689    0.146500    0.307891
   77.577451  185.666257    0.072525    0.152422
   77.575979  185.663824    0.158509    0.333129
   77.574506  185.661390    0.086678    0.182167
   77.573034  185.658956    0.143652    0.301906
   77.571562  185.656520    0.151001    0.317350
   77.570092  185.654084    0.193852    0.497601
   77.568622  185.651650    0.151018    0.317386
   77.565686  185.646796    0.167991    0.353057
   77.564221  185.644378    0.146838    0.308601
   77.562756  185.641962    0.146987    0.308915
   77.556910  185.632286    0.109959    0.231094
   77.555450  185.629869    0.114626    0.240902
   77.553991  185.627461    0.096518    0.202847
   77.552534  185.625057    0.113246    0.238004
   77.551075  185.622656    0.179340    0.376908
   77.549616  185.620257    0.108225    0.227450
   77.546691  185.615459    0.106073    0.222928
   77.545226  185.613061    0.059967    0.126030
   77.543761  185.610663    0.059632    0.125325
   77.542298  185.608267    0.052641    0.110633
   77.539372  185.603473    0.139752    0.293709
   77.537907  185.601070    0.111708    0.234770
   77.536441  185.598653    0.116370    0.244568
   77.534973  185.596228    0.208200    0.633546
   77.533505  185.593801    0.127924    0.268850
   77.532034  185.591373    0.122816    0.258115
   77.530563  185.588952    0.075754    0.159207
   77.529090  185.586535    0.105634    0.222006
   77.527617  185.584119    0.154441    0.324580
   77.526144  185.581706    0.102421    0.215252
   77.524670  185.579294    0.118219    0.248454
   77.523197  185.576884    0.098146    0.206269
   77.520253  185.572064    0.076647    0.161085
   77.514375  185.562408    0.153129    0.321822
   77.512909  185.559999    0.184013    0.406622
   77.511444  185.557594    0.146947    0.308831
   77.509981  185.555191    0.165014    0.346800
   77.508519  185.552790    0.153280    0.322140
   77.507058  185.550392    0.153969    0.323588
   77.505598  185.547996    0.158056    0.332178
   77.504139  185.545602    0.142955    0.300441
   77.501221  185.540821    0.053546    0.112536
   77.499763  185.538433    0.201624    0.572660
   77.496845  185.533662    0.197772    0.536499
   77.495385  185.531279    0.179643    0.377545
   77.493925  185.528897    0.195865    0.518639
   77.492464  185.526515    0.127702    0.268383
   77.491001  185.524132    0.103975    0.218519
   77.489539  185.521746    0.031954    0.067155
   77.488075  185.519357    0.247109    1.000880
   77.486609  185.516966    0.108662    0.228368
   77.485141  185.514573    0.149111    0.313379
   77.483668  185.512177    0.148736    0.312591
   77.479238  185.504980    0.154598    0.324911
   77.477765  185.502583    0.151131    0.317623
   77.476294  185.500186    0.111464    0.234258
   77.467479  185.485819    0.137023    0.287974
   77.463077  185.478647    0.105722    0.222189
   77.461612  185.476259    0.132847    0.279196
   77.460148  185.473874    0.214246    0.692528
   77.458685  185.471491    0.232594    0.865180
   77.457224  185.469110    0.216540    0.714194
