Converting ICESat/GLAS binary freeboard vector data to ASCII
Wed Feb 12 09:57:55 2014

write_fb:
  file_in:       laser3k0100002.dat
  laser_period:  3k
  track:         0100
  cycle:         002
  file_out:      laser3k0100002.txt
  non_zero_only:        0
  nan_replace:       -999

read_fb:
  Year:                  2008
  Month:                   10
  Day:                     16
  Hour:                     1
  Minute:                  30
  Doy:                    290
  record_count:           954
  non_zero_count:         950
  nan_count:                0

    Latitude   Longitude   Freeboard   Thickness
   82.101776   88.986527    0.226100    1.508814
   82.103110   88.980768    0.115570    0.468819
   82.107107   88.963514    0.125539    0.562024
   82.108437   88.957765    0.124430    0.551402
   82.109766   88.952014    0.041925    0.134740
   82.111093   88.946255    0.167219    0.953544
   82.112418   88.940490    0.222210    1.470671
   82.113743   88.934721    0.180738    1.080341
   82.115067   88.928948    0.179004    1.063830
   82.116392   88.923175    0.278917    2.003551
   82.117717   88.917397    0.155345    0.840877
   82.119042   88.911611    0.279838    2.011834
   82.120370   88.905816    0.233236    1.573243
   82.121700   88.900007    0.261075    1.834937
   82.123032   88.894186    0.169340    0.971762
   82.124365   88.888352    0.261559    1.839106
   82.125700   88.882503    0.055237    0.176246
   82.127035   88.876629    0.223032    1.476279
   82.128371   88.870741    0.179406    1.065684
   82.129708   88.864847    0.048770    0.155326
   82.131045   88.858951    0.081617    0.259782
   82.132383   88.853066    0.150416    0.792380
   82.133721   88.847187    0.162599    0.906797
   82.135060   88.841312    0.154492    0.830342
   82.136400   88.835441    0.149805    0.786050
   82.137741   88.829576    0.174808    1.021072
   82.139084   88.823717    0.183343    1.101160
   82.140426   88.817861    0.150800    0.794830
   82.143107   88.806158    0.259386    1.815946
   82.144444   88.800309    0.125342    0.554748
   82.145779   88.794465    0.213699    1.385756
   82.147113   88.788625    0.229584    1.534999
   82.148446   88.782787    0.280070    2.009744
   82.149777   88.776955    0.131249    0.609544
   82.151107   88.771131    0.183022    1.096402
   82.152436   88.765315    0.213443    1.382387
   82.153766   88.759527    0.258292    1.804100
   82.155095   88.753748    0.211010    1.359106
   82.156423   88.747969    0.218922    1.433352
   82.157751   88.742184    0.245034    1.678800
   82.159077   88.736374    0.233991    1.574719
   82.160402   88.730548    0.163327    0.909767
   82.161728   88.724710    0.244714    1.675212
   82.163053   88.718860    0.114883    0.453650
   82.164379   88.712996    0.174777    1.016905
   82.165705   88.707121    0.181671    1.081569
   82.167033   88.701237    0.140635    0.695331
   82.168361   88.695345    0.132931    0.622663
   82.169692   88.689447    0.187964    1.140182
   82.171024   88.683543    0.206213    1.311665
   82.172357   88.677636    0.181422    1.078255
   82.173690   88.671725    0.224553    1.483810
   82.175024   88.665817    0.088567    0.276243
   82.176358   88.659906    0.098818    0.308026
   82.177693   88.653991    0.175857    1.025130
   82.179028   88.648069    0.121061    0.509454
   82.180366   88.642132    0.282120    2.024389
   82.181703   88.636188    0.109264    0.398080
   82.183042   88.630240    0.067422    0.209507
   82.184379   88.624290    0.253455    1.754149
   82.185715   88.618343    0.258794    1.804182
   82.187050   88.612398    0.156521    0.841865
   82.188384   88.606459    0.070872    0.219676
   82.189718   88.600526    0.197022    1.222486
   82.191054   88.594609    0.084176    0.260586
   82.192389   88.588702    0.165567    0.926187
   82.193724   88.582801    0.070134    0.216843
   82.195057   88.576906    0.261064    1.824171
   82.196387   88.571015    0.147516    0.755793
   82.197714   88.565126    0.212750    1.369277
   82.199040   88.559242    0.207068    1.315635
   82.200364   88.553361    0.204401    1.290352
   82.201686   88.547487    0.187025    1.126704
   82.203006   88.541615    0.230448    1.535004
   82.204326   88.535741    0.238505    1.610608
   82.205646   88.529863    0.199645    1.244844
   82.206965   88.523972    0.246577    1.686156
   82.208285   88.518073    0.282171    2.020808
   82.209605   88.512167    0.203948    1.284750
   82.210925   88.506254    0.220648    1.441655
   82.212245   88.500337    0.185783    1.113475
   82.213566   88.494413    0.155638    0.829704
   82.214887   88.488480    0.170040    0.964998
   82.216211   88.482537    0.218213    1.417983
   82.217537   88.476580    0.197421    1.222188
   82.218866   88.470611    0.138604    0.668689
   82.220197   88.464630    0.100759    0.312470
   82.221530   88.458636    0.050404    0.153802
   82.222865   88.452617    0.039025    0.119006
   82.224202   88.446587    0.079669    0.242792
   82.225539   88.440552    0.111052    0.408526
   82.226878   88.434518    0.053523    0.162903
   82.228215   88.428502    0.149819    0.772826
   82.229552   88.422494    0.106961    0.369455
   82.230889   88.416489    0.079679    0.242045
   82.232225   88.410485    0.111076    0.407778
   82.233561   88.404472    0.160840    0.875731
   82.234897   88.398459    0.124128    0.530172
   82.236230   88.392448    0.073443    0.222531
   82.237562   88.386441    0.037938    0.114879
   82.238888   88.380443    0.141508    0.693088
   82.240211   88.374453    0.082249    0.248736
   82.241532   88.368472    0.151698    0.788568
   82.242853   88.362501    0.061098    0.184537
   82.244175   88.356552    0.115445    0.447139
   82.246820   88.344678    0.219881    1.429214
   82.248142   88.338744    0.254835    1.757853
   82.249463   88.332800    0.237721    1.596661
   82.250784   88.326851    0.173451    0.991855
   82.252104   88.320896    0.164181    0.904453
   82.253424   88.314934    0.197544    1.218123
   82.254743   88.308966    0.201632    1.256390
   82.256061   88.302990    0.158198    0.847595
   82.257381   88.297001    0.170623    0.964291
   82.258700   88.290999    0.272955    1.926769
   82.260023   88.284965    0.280105    1.993843
   82.261347   88.278917    0.196065    1.203055
   82.262673   88.272862    0.073723    0.220539
   82.263999   88.266805    0.396083    3.084307
   82.265324   88.260773    0.753253    6.444131
   82.266651   88.254746    0.215053    1.380907
   82.267977   88.248716    0.185590    1.103545
   82.269305   88.242677    0.215783    1.387383
   82.270635   88.236612    0.455965    3.646660
   82.271965   88.230532    0.174365    0.997365
   82.273296   88.224441    0.320426    2.371213
   82.274628   88.218341    0.244310    1.654964
   82.275959   88.212225    0.125189    0.534164
   82.277291   88.206105    0.245705    1.667704
   82.278622   88.199987    0.227950    1.500473
   82.279953   88.193877    0.304647    2.221794
   82.281283   88.187798    0.374599    2.879664
   82.282612   88.181733    0.229225    1.511888
   82.283941   88.175676    0.363495    2.774813
   82.285270   88.169624    0.119437    0.478685
   82.286599   88.163567    0.279919    1.988198
   82.287928   88.157508    0.291714    2.098957
   82.289256   88.151447    0.228230    1.501548
   82.290583   88.145380    0.239258    1.605098
   82.293229   88.133208    0.302126    2.196127
   82.294551   88.127119    0.186369    1.106969
   82.295871   88.121033    0.162464    0.881897
   82.297192   88.114966    0.184866    1.092440
   82.298514   88.108906    0.226063    1.479801
   82.299834   88.102851    0.286173    2.045082
   82.301155   88.096799    0.154544    0.806607
   82.302475   88.090749    0.236557    1.577939
   82.303795   88.084697    0.318360    2.347296
   82.305114   88.078641    0.622203    5.205451
   82.306433   88.072579    0.149706    0.760319
   82.307750   88.066501    0.219714    1.418712
   82.309067   88.060413    0.186815    1.109032
   82.310383   88.054318    0.309143    2.259621
   82.311699   88.048218    0.357782    2.716993
   82.313017   88.042112    0.268181    1.873892
   82.314335   88.036003    0.308450    2.252517
   82.315653   88.029892    0.199710    1.229370
   82.316973   88.023779    0.277510    1.961069
   82.318295   88.017671    0.257131    1.769163
   82.319619   88.011563    0.270303    1.892879
   82.320943   88.005452    0.192469    1.160472
   82.322267   87.999337    0.286361    2.043557
   82.323591   87.993215    0.120183    0.480068
   82.324916   87.987086    0.122126    0.498146
   82.326240   87.980949    0.365587    2.788277
   82.327564   87.974803    0.263773    1.830285
   82.328887   87.968636    0.263069    1.823468
   82.330210   87.962460    0.285079    2.030326
   82.332858   87.950110    0.289842    2.074744
   82.334184   87.943958    0.338685    2.534030
   82.335511   87.937818    0.263500    1.826545
   82.336838   87.931683    0.315983    2.320074
   82.338164   87.925555    0.347498    2.616348
   82.339488   87.919434    0.416958    3.269586
   82.340811   87.913315    0.206128    1.286043
   82.342132   87.907195    0.132399    0.592261
   82.343452   87.901069    0.266709    1.855566
   82.344771   87.894919    0.170063    0.946184
   82.346088   87.888760    0.257557    1.769082
   82.347403   87.882601    0.318024    2.337723
   82.348718   87.876446    0.351146    2.649120
   82.350030   87.870314    0.243546    1.636697
   82.351340   87.864192    0.312404    2.284275
   82.352651   87.858076    0.248058    1.678753
   82.353962   87.851965    0.263187    1.820888
   82.355276   87.845860    0.227520    1.485163
   82.356591   87.839754    0.186433    1.098442
   82.357907   87.833643    0.219429    1.408657
   82.359223   87.827523    0.342422    2.565496
   82.360540   87.821379    0.332744    2.474261
   82.361858   87.815220    0.179560    1.033014
   82.363176   87.809046    0.233431    1.539598
   82.364494   87.802860    0.234075    1.545465
   82.365812   87.796654    0.219028    1.403715
   82.367130   87.790437    0.153226    0.784501
   82.368448   87.784213    0.204510    1.266753
   82.369768   87.777985    0.161736    0.864170
   82.371090   87.771766    0.166838    0.911976
   82.372414   87.765548    0.185836    1.090498
   82.373739   87.759330    0.211169    1.328618
   82.375065   87.753110    0.162849    0.873859
   82.376390   87.746885    0.260389    1.791260
   82.377716   87.740658    0.174409    0.982221
   82.379041   87.734429    0.203292    1.253737
   82.380364   87.728199    0.186600    1.096517
   82.381682   87.721963    0.182478    1.057541
   82.382998   87.715727    0.203479    1.254918
   82.384313   87.709494    0.146678    0.720369
   82.385628   87.703266    0.278857    1.963637
   82.386944   87.697053    0.141641    0.672600
   82.388260   87.690849    0.184332    1.074018
   82.389577   87.684651    0.182068    1.052522
   82.390893   87.678458    0.129429    0.557134
   82.392208   87.672273    0.087572    0.245283
   82.393523   87.666091    0.239396    1.591243
   82.394838   87.659906    0.572914    4.728569
   82.396151   87.653715    0.175070    0.985726
   82.397461   87.647504    0.155968    0.805831
   82.398770   87.641282    0.153736    0.784635
   82.400079   87.635052    0.355933    2.686580
   82.401389   87.628815    0.135707    0.614652
   82.402701   87.622572    0.217230    1.381374
   82.404014   87.616324    0.197799    1.198379
   82.405329   87.610076    0.477247    3.827048
   82.406645   87.603827    0.322786    2.373790
   82.407964   87.597594    0.100645    0.283840
   82.409284   87.591363    0.112307    0.393353
   82.410604   87.585127    0.243640    1.628649
   82.411926   87.578883    0.309194    2.245149
   82.413246   87.572616    0.416427    3.253724
   82.414565   87.566334    0.469063    3.748698
   82.415885   87.560042    0.460390    3.666913
   82.417205   87.553741    0.467099    3.729836
   82.418526   87.547425    0.230993    1.508513
   82.419846   87.541104    0.350645    2.633923
   82.421167   87.534784    0.352889    2.654839
   82.422487   87.528472    0.346662    2.596066
   82.423805   87.522194    0.175116    0.982076
   82.425123   87.515930    0.172338    0.955744
   82.426440   87.509669    0.216864    1.374427
   82.427757   87.503407    0.755142    6.437994
   82.429074   87.497124    0.862847    7.451017
   82.430391   87.490832    0.195710    1.174840
   82.431707   87.484535    0.353790    2.661761
   82.433022   87.478234    0.219119    1.394663
   82.434333   87.471927    0.214116    1.347407
   82.435642   87.465620    0.167068    0.904619
   82.436951   87.459317    0.152884    0.770993
   82.438260   87.453020    0.111254    0.379173
   82.439569   87.446743    0.185635    1.078705
   82.440880   87.440477    0.197883    1.193732
   82.442191   87.434217    0.212795    1.333823
   82.443501   87.427961    0.429881    3.375829
   82.444812   87.421713    0.321583    2.356839
   82.446124   87.415464    0.316372    2.307627
   82.447434   87.409209    0.332912    2.463025
   82.448745   87.402943    0.375083    2.859548
   82.450054   87.396648    0.373246    2.842072
   82.451362   87.390336    0.204191    1.251529
   82.452671   87.384011    0.276466    1.931246
   82.453980   87.377675    0.149336    0.735103
   82.455293   87.371324    0.180762    1.030545
   82.456606   87.364967    0.204455    1.253232
   82.457921   87.358610    0.245953    1.643430
   82.459236   87.352257    0.294540    2.100305
   82.460551   87.345932    0.101138    0.280713
   82.463181   87.333301    0.169945    0.927621
   82.464497   87.326981    0.316384    2.305022
   82.465813   87.320644    0.106881    0.333966
   82.467129   87.314295    0.213560    1.337331
   82.468445   87.307934    0.212576    1.327881
   82.469761   87.301560    0.148370    0.723680
   82.471077   87.295157    0.239317    1.579054
   82.472393   87.288741    0.570807    4.697293
   82.473708   87.282323    0.572030    4.708601
   82.475024   87.275908    0.392564    3.020108
   82.477652   87.263139    0.059041    0.157917
   82.478966   87.256768    0.272547    1.890488
   82.480278   87.250402    0.081328    0.217212
   82.481591   87.244043    0.180643    1.025522
   82.482902   87.237687    0.211478    1.315402
   82.484213   87.231331    0.298400    2.132906
   82.485522   87.224971    0.136166    0.606524
   82.486829   87.218596    0.111434    0.373664
   82.488135   87.212215    0.251796    1.693910
   82.489439   87.205834    0.236219    1.547172
   82.490743   87.199455    0.090753    0.240969
   82.492046   87.193092    0.285438    2.009801
   82.493348   87.186736    0.331690    2.444718
   82.494651   87.180382    0.240855    1.590015
   82.495955   87.174030    0.289113    2.043800
   82.497263   87.167678    0.271523    1.878126
   82.498573   87.161324    0.485178    3.887853
   82.499884   87.154963    0.342325    2.543790
   82.501196   87.148591    0.297796    2.124702
   82.502509   87.142198    0.129116    0.537674
   82.503821   87.135791    0.223079    1.421422
   82.505135   87.129371    0.070219    0.184942
   82.506448   87.122941    0.044647    0.117503
   82.509072   87.110039    0.227969    1.466639
   82.510384   87.103579    0.355959    2.670488
   82.511697   87.097118    0.352247    2.635370
   82.513011   87.090666    0.357455    2.684169
   82.514327   87.084217    0.297016    2.115404
   82.515642   87.077771    0.228055    1.466464
   82.518271   87.064892    0.151048    0.741640
   82.519585   87.058459    0.258971    1.756720
   82.520897   87.052023    0.191985    1.126359
   82.522207   87.045584    0.248514    1.657949
   82.523512   87.039128    0.188879    1.096748
   82.524816   87.032664    0.147857    0.710649
   82.526118   87.026200    0.072893    0.189703
   82.527420   87.019737    0.027931    0.072636
   82.528723   87.013280    0.066402    0.172551
   82.533938   86.987563    0.003917    0.010148
   82.535243   86.981177    0.016203    0.041948
   82.536548   86.974791    0.038628    0.099927
   82.537853   86.968398    0.402339    3.102706
   82.541764   86.949066    0.345573    2.568103
   82.543068   86.942596    0.394582    3.028949
   82.544373   86.936113    0.393959    3.022895
   82.545678   86.929624    0.215562    1.344458
   82.546985   86.923132    0.281333    1.962991
   82.549603   86.910175    0.005644    0.014489
   82.550914   86.903714    0.193349    1.134713
   82.552226   86.897251    0.086126    0.220784
   82.553538   86.890782    0.213755    1.326284
   82.554849   86.884292    0.212206    1.311522
   82.557469   86.871274    0.319950    2.324708
   82.558777   86.864750    0.258059    1.742283
   82.560084   86.858207    0.399500    3.072678
   82.561390   86.851657    0.234192    1.517369
   82.562695   86.845102    0.148892    0.714734
   82.563999   86.838548    0.324528    2.366807
   82.565304   86.832003    0.288882    2.031271
   82.566608   86.825465    0.358470    2.685715
   82.567912   86.818932    0.408875    3.159701
   82.569216   86.812405    0.126313    0.501346
   82.570520   86.805894    0.070837    0.179656
   82.571824   86.799390    0.126489    0.502616
   82.573128   86.792887    0.002931    0.007422
   82.574431   86.786384    0.220814    1.389577
   82.575732   86.779870    0.206305    1.252892
   82.577032   86.773351    0.245942    1.625569
   82.578332   86.766828    0.200501    1.197897
   82.579631   86.760302    0.124044    0.478452
   82.580930   86.753770    0.252692    1.688492
   82.582229   86.747236    0.265123    1.805242
   82.583528   86.740703    0.276263    1.909844
   82.584827   86.734174    0.218747    1.368577
   82.586127   86.727663    0.052446    0.131791
   82.587429   86.721158    0.053136    0.133420
   82.593942   86.688527    0.066956    0.167471
   82.595246   86.681970    0.388734    2.966144
   82.596550   86.675401    0.000000    0.000000
   82.597855   86.668823    0.087313    0.217878
   82.603081   86.642487    0.234628    1.515252
   82.604388   86.635900    0.189327    1.088897
   82.605696   86.629306    0.168879    0.896342
   82.607003   86.622697    0.284495    1.983784
   82.609616   86.609459    0.279485    1.936267
   82.610921   86.602837    0.188755    1.082545
   82.612224   86.596216    0.051331    0.126993
   82.614828   86.582985    0.107506    0.317623
   82.616128   86.576375    0.143906    0.659859
   82.618725   86.563180    0.066078    0.162839
   82.620022   86.556592    0.208167    1.263804
   82.621319   86.550009    0.033320    0.081984
   82.622618   86.543440    0.175465    0.955783
   82.623917   86.536876    0.057870    0.142165
   82.625216   86.530310    0.037407    0.091822
   82.626515   86.523740    0.249929    1.655710
   82.627813   86.517154    0.498664    3.995446
   82.629112   86.510558    0.482059    3.839042
   82.630410   86.503954    0.263550    1.783264
   82.634307   86.484092    0.181374    1.009625
   82.635608   86.477462    0.395269    3.021617
   82.636909   86.470833    0.226623    1.434912
   82.639517   86.457607    0.237597    1.537762
   82.642127   86.444374    0.345716    2.554484
   82.643429   86.437738    0.177941    0.975969
   82.644731   86.431091    0.261286    1.759830
   82.646032   86.424434    0.477912    3.797513
   82.647333   86.417766    0.254558    1.696153
   82.648634   86.411080    0.200257    1.185130
   82.649935   86.404386    0.313443    2.249715
   82.651237   86.397687    0.388830    2.958717
   82.652538   86.390990    0.329436    2.399777
   82.653841   86.384309    0.211207    1.287365
   82.655145   86.377633    0.420262    3.253824
   83.571957   80.838865    0.249618    1.506077
   83.573168   80.830242    0.219604    1.223531
   83.597429   80.656509    0.167632    0.730686
   83.610737   80.560114    0.184051    0.882980
   83.611941   80.551369    0.259581    1.593323
   83.613145   80.542624    0.251688    1.518875
   83.622810   80.472534    0.249683    1.498448
   83.627637   80.437333    0.184114    0.880832
   83.628847   80.428507    0.318401    2.143915
   83.630059   80.419672    0.200767    1.037099
   83.632484   80.401985    0.158275    0.636972
   83.633696   80.393142    0.328805    2.241004
   83.634907   80.384297    0.204235    1.068932
   83.636117   80.375446    0.191152    0.945655
   83.637328   80.366586    0.303669    2.003951
   83.638539   80.357706    0.076607    0.164578
   83.639749   80.348816    0.304019    2.006839
   83.640959   80.339920    0.240123    1.405558
   83.642168   80.331021    0.149039    0.548493
   83.643376   80.322122    0.193858    0.969930
   83.644583   80.313225    0.265481    1.643514
   83.645788   80.304334    0.283487    1.812698
   83.646992   80.295451    0.341331    2.356664
   83.648192   80.286594    0.265684    1.644825
   83.649392   80.277748    0.091603    0.196793
   83.650590   80.268907    0.070640    0.151758
   83.651788   80.260067    0.123392    0.305650
   83.652986   80.251212    0.219085    1.205668
   83.654185   80.242352    0.219819    1.212375
   83.655384   80.233490    0.221652    1.229427
   83.656583   80.224626    0.174415    0.784858
   83.657782   80.215769    0.126420    0.333156
   83.658981   80.206911    0.119657    0.269332
   83.660181   80.198048    0.410021    3.000693
   83.661382   80.189179    0.175990    0.798882
   83.662585   80.180294    0.116193    0.249622
   83.663788   80.171399    0.147160    0.527275
   83.664992   80.162497    0.248279    1.478341
   83.666197   80.153589    0.081440    0.174960
   83.669814   80.126847    0.096654    0.207646
   83.678254   80.064159    0.161875    0.663325
   83.679457   80.055200    0.107636    0.231239
   83.680659   80.046235    0.189434    0.922193
   83.683060   80.028245    0.264590    1.628813
   83.684259   80.019242    0.136515    0.423776
   83.685457   80.010239    0.051960    0.111627
   83.686654   80.001250    0.109868    0.236034
   83.687850   79.992268    0.142961    0.483824
   83.689045   79.983288    0.107664    0.231299
   83.691437   79.965330    0.121586    0.282150
   83.692633   79.956351    0.218027    1.189207
   83.693830   79.947370    0.117900    0.253288
   83.696222   79.929406    0.101307    0.217642
   83.697419   79.920421    0.059275    0.127343
   83.698615   79.911431    0.191730    0.940841
   86.018876   26.160069    0.267912    1.000577
   86.018811   26.137545    0.307630    1.374020
   86.018745   26.115046    0.098763    0.212176
   86.018678   26.092572    0.203813    0.437860
   86.018611   26.070125    0.249170    0.823444
   86.018543   26.047712    0.345134    1.726010
   86.018474   26.025354    0.262592    0.949304
   86.018406   26.003034    0.299070    1.292261
   86.018337   25.980740    0.107946    0.231905
   86.018267   25.958468    0.172027    0.369572
   86.018197   25.936204    0.201473    0.432832
   86.018127   25.913954    0.259441    0.918640
   86.018056   25.891717    0.252977    0.857629
   86.017983   25.869493    0.322148    1.508145
   86.017909   25.847282    0.464486    2.846960
   86.017833   25.825080    0.308472    1.379084
   86.017757   25.802881    0.378682    2.039372
   86.017680   25.780684    0.343060    1.704060
   86.017603   25.758493    0.410590    2.339130
   86.017525   25.736293    0.371949    1.975423
   86.017448   25.714079    0.383567    2.084517
   86.017370   25.691841    0.294292    1.244476
   86.017293   25.669558    0.266124    0.979280
   86.017216   25.647243    0.220233    0.547362
   86.017139   25.624901    0.057219    0.122926
   86.016981   25.580152    0.096003    0.206246
   86.016900   25.557748    0.124255    0.266941
   86.016818   25.535327    0.073381    0.157647
   86.016735   25.512889    0.085413    0.183496
   86.016652   25.490441    0.052540    0.112874
   86.016567   25.467980    0.456347    2.766936
   86.016482   25.445509    0.470333    2.898299
   86.016397   25.423028    0.349462    1.761020
   86.016312   25.400521    0.210626    0.454737
   86.016229   25.378012    0.307798    1.368660
   86.016144   25.355511    0.307586    1.366464
   86.016059   25.333030    0.450773    2.713259
   86.015973   25.310598    0.363655    1.893510
   86.015886   25.288198    0.349754    1.762534
   86.015798   25.265828    0.599823    4.114808
   86.015709   25.243486    0.404875    2.280670
   86.015618   25.221177    0.273988    1.049165
   86.015525   25.198896    0.408116    2.310748
   86.015432   25.176640    0.437108    2.583287
   86.015339   25.154410    0.448217    2.687590
   86.015058   25.087859    0.366208    1.915495
   86.014965   25.065699    0.444570    2.652462
   86.014872   25.043543    0.413135    2.356549
   86.014780   25.021385    0.368398    1.935488
   86.014687   24.999222    0.303805    1.327632
   86.014593   24.977046    0.429170    2.506786
   86.014496   24.954841    0.559126    3.729118
   86.014398   24.932617    0.452300    2.723972
   86.014299   24.910374    0.433089    2.543041
   86.014198   24.888112    0.449631    2.698453
   86.013994   24.843528    0.512640    3.290792
   86.013788   24.798868    0.374587    1.991674
   86.013687   24.776507    0.368718    1.936261
   86.013587   24.754129    0.414039    2.362408
   86.013487   24.731738    0.445153    2.654902
   86.013386   24.709337    0.402477    2.253226
   86.013283   24.686923    0.375165    1.996088
   86.013179   24.664506    0.354976    1.805955
   86.013074   24.642089    0.319782    1.474665
   86.012968   24.619677    0.468313    2.871741
   86.012861   24.597282    0.503673    3.204179
   86.012645   24.552528    0.495082    3.122955
   86.012536   24.530170    0.398399    2.213214
   86.012317   24.485487    0.422258    2.437253
   86.012206   24.463171    0.373220    1.975730
   86.011984   24.418613    0.452741    2.723406
   86.011873   24.396373    0.419029    2.406053
   86.011534   24.329807    0.401742    2.242815
   86.011420   24.307671    0.362769    1.875985
   86.011306   24.285547    0.282109    1.116981
   86.011190   24.263430    0.292519    1.214711
   86.011073   24.241305    0.264522    0.951132
   86.010955   24.219178    0.418701    2.401344
   86.010837   24.197048    0.414249    2.359253
   86.010719   24.174910    0.398351    2.209491
   86.010601   24.152769    0.363141    1.878057
   86.010483   24.130615    0.411193    2.329897
   86.010365   24.108448    0.462141    2.808975
   86.010246   24.086262    0.586300    3.976776
   86.010126   24.064050    0.420701    2.418730
   86.010004   24.041814    0.630104    4.388448
   86.009881   24.019550    0.656638    4.637854
   86.009633   23.974912    0.444231    2.639255
   86.009507   23.952536    0.632555    4.410685
   86.009380   23.930142    0.479719    2.972698
   86.009254   23.907735    0.365503    1.898017
   86.009127   23.885331    0.296719    1.250735
   86.008999   23.862927    0.420450    2.414509
   86.008872   23.840526    0.399583    2.217999
   86.008744   23.818134    0.497499    3.138921
   86.008618   23.795747    0.382364    2.055601
   86.008491   23.773378    0.371610    1.954227
   86.008364   23.751030    0.418273    2.392999
   86.008235   23.728709    0.375858    1.993782
   86.008104   23.706439    0.336222    1.620706
   86.007972   23.684203    0.282268    1.112940
   86.007839   23.661998    0.327956    1.542536
   86.007705   23.639820    0.372780    1.964011
   86.007570   23.617672    0.434407    2.543550
   86.007436   23.595547    0.284384    1.132025
   86.007301   23.573435    0.203773    0.437772
   86.007166   23.551334    0.379303    2.024556
   86.007032   23.529226    0.313109    1.401646
   86.006897   23.507118    0.365117    1.890698
   86.006626   23.462915    0.383550    2.063689
   86.006488   23.440837    0.459946    2.782174
   86.006348   23.418760    0.365249    1.891123
   86.006208   23.396673    0.444809    2.639363
   86.006068   23.374570    0.263336    0.931988
   86.005928   23.352430    0.275313    1.044452
   86.005788   23.330262    0.211853    0.455131
   86.005648   23.308066    0.367583    1.912057
   86.005507   23.285838    0.443910    2.629885
   86.005366   23.263551    0.340914    1.660765
   86.005224   23.241234    0.451125    2.697353
   86.005081   23.218905    0.439057    2.583613
   86.004938   23.196576    0.467322    2.849308
   86.004646   23.152013    0.363000    1.867507
   86.004499   23.129743    0.384255    2.067255
   86.004351   23.107474    0.350650    1.750917
   86.004054   23.062888    0.493047    3.090078
   86.003906   23.040598    0.577958    3.888659
   86.003756   23.018317    0.434748    2.541229
   86.003606   22.996061    0.463337    2.809971
   86.003456   22.973822    0.440202    2.592129
   86.003305   22.951598    0.421627    2.417176
   86.003153   22.929390    0.466316    2.837374
   86.003003   22.907195    0.364964    1.883722
   86.002851   22.885017    0.621815    4.299799
   86.002700   22.862856    0.582942    3.933903
   86.002547   22.840712    0.451982    2.701713
   86.002392   22.818594    0.607585    4.165318
   86.002235   22.796493    0.424550    2.443241
   86.002078   22.774409    0.354669    1.785642
   86.001921   22.752340    0.370017    1.929823
   86.001764   22.730289    0.470199    2.872068
   86.001607   22.708249    0.376797    1.993203
   86.001449   22.686212    0.298813    1.259372
   86.001135   22.642133    0.403891    2.247475
   86.000979   22.620080    0.369348    1.922310
   86.000821   22.598018    0.301627    1.285029
   86.000663   22.575940    0.390954    2.125162
   86.000343   22.531719    0.357866    1.813481
   86.000181   22.509582    0.330853    1.559154
   86.000018   22.487428    0.396392    2.175495
   85.999854   22.465260    0.357269    1.807252
   85.999689   22.443075    0.516302    3.303117
   85.999523   22.420872    0.299489    1.263282
   85.999357   22.398649    0.288223    1.157094
   85.999191   22.376385    0.401416    2.221735
   85.999026   22.354103    0.383309    2.051190
   85.998860   22.331816    0.361929    1.849854
   85.998693   22.309531    0.308438    1.346443
   85.998525   22.287270    0.332010    1.567979
   85.998357   22.265025    0.450014    2.677880
   85.998187   22.242794    0.250900    0.804540
   85.998017   22.220581    0.260662    0.896171
   85.997672   22.176208    0.300830    1.273639
   85.997325   22.131936    0.344879    1.687618
   85.997149   22.109861    0.312398    1.381853
   85.996796   22.065796    0.276437    1.043153
   85.996619   22.043798    0.272476    1.005684
   85.996443   22.021814    0.338607    1.627605
   85.996267   21.999845    0.253227    0.824198
   85.996091   21.977885    0.317249    1.426276
   85.995914   21.955932    0.479146    2.949094
   85.995559   21.912038    0.078626    0.168915
   85.995202   21.868119    0.069786    0.149923
   85.995022   21.846134    0.095784    0.205777
   85.994481   21.780044    0.000000    0.000000
   85.994301   21.757942    0.000000    0.000000
   85.994120   21.735808    0.051881    0.111458
   85.993939   21.713652    0.018019    0.038710
   85.993757   21.691475    0.077980    0.167526
   85.993574   21.669282    0.044832    0.096313
   85.993390   21.647078    0.264410    0.926159
   85.993204   21.624865    0.355348    1.781431
   85.993017   21.602650    0.524787    3.375198
   85.992828   21.580437    0.184928    0.397288
   85.992447   21.536024    0.264165    0.922827
   85.992256   21.513826    0.518112    3.311589
   85.992068   21.491626    0.297473    1.235759
   85.991692   21.447274    0.360917    1.832189
   85.991503   21.425139    0.315612    1.405789
   85.991310   21.403067    0.403594    2.233257
   85.991116   21.381034    0.366817    1.887079
   85.990920   21.359028    0.285929    1.125937
   85.990723   21.337046    0.276204    1.034249
   85.990527   21.315073    0.282331    1.091683
   85.990330   21.293115    0.344892    1.680013
   85.990134   21.271174    0.393500    2.137086
   85.989937   21.249249    0.373517    1.948894
   85.989740   21.227345    0.312361    1.373374
   85.989543   21.205455    0.446664    2.636607
   85.989345   21.183576    0.425571    2.437976
   85.989148   21.161707    0.180898    0.388630
   85.988950   21.139860    0.296578    1.224087
   85.988752   21.118016    0.311990    1.368868
   85.988554   21.096163    0.376282    1.973489
   85.988356   21.074291    0.364819    1.865449
   85.988158   21.052381    0.283886    1.103879
   85.987960   21.030436    0.428282    2.462058
   85.987760   21.008458    0.398686    2.183432
   85.987560   20.986443    0.424845    2.429308
   85.987356   20.964359    0.348759    1.713343
   85.987151   20.942237    0.332699    1.562053
   85.986945   20.920091    0.413336    2.320425
   85.986739   20.897930    0.404183    2.234113
   85.986532   20.875779    0.243456    0.721892
   85.986326   20.853626    0.355680    1.777418
   85.986119   20.831472    0.455326    2.714617
   85.985911   20.809315    0.391473    2.113724
   85.985702   20.787142    0.417710    2.360337
   85.985491   20.764974    0.365593    1.869850
   85.985280   20.742822    0.444022    2.607456
   85.985068   20.720696    0.376842    1.975258
   85.984854   20.698626    0.484770    2.990369
   85.984640   20.676595    0.423243    2.411362
   85.984426   20.654597    0.392162    2.118769
   85.984210   20.632630    0.382486    2.027540
   85.983996   20.610702    0.427061    2.446670
   85.983781   20.588801    0.483419    2.976639
   85.983566   20.566923    0.423716    2.414792
   85.983350   20.545063    0.434508    2.516111
   85.983134   20.523213    0.458134    2.738162
   85.982917   20.501373    0.516851    3.290329
   85.982699   20.479540    0.410167    2.286520
   85.982264   20.435891    0.467356    2.824110
   85.982047   20.414067    0.357770    1.792988
   85.981829   20.392239    0.411259    2.295981
   85.981390   20.348546    0.414753    2.328443
   85.981168   20.326675    0.406821    2.253621
   85.980947   20.304788    0.396173    2.153242
   85.980505   20.260957    0.458903    2.742958
   85.979842   20.195066    0.411879    2.299970
   85.979621   20.173056    0.499507    3.124110
   85.979398   20.151029    0.485150    2.988843
   85.978950   20.106953    0.524330    3.357020
   85.978723   20.084918    0.449865    2.656296
   85.978494   20.062888    0.450991    2.666675
   85.978264   20.040860    0.333265    1.558983
   85.978034   20.018841    0.449059    2.648094
   85.977803   19.996823    0.453045    2.685381
   85.977572   19.974817    0.493553    3.066254
   85.977341   19.952828    0.444922    2.608559
   85.976646   19.887032    0.438893    2.551232
   85.976414   19.865157    0.475624    2.896565
   85.976180   19.843307    0.391740    2.107239
   85.975944   19.821491    0.510647    3.225630
   85.975706   19.799697    0.477466    2.913285
   85.975228   19.756150    0.388696    2.077785
   85.974751   19.712607    0.581049    3.886907
   85.974512   19.690842    0.495831    3.085037
   85.974274   19.669081    0.457206    2.721467
   85.974038   19.647327    0.500641    3.129872
   85.973801   19.625577    0.418146    2.353614
   85.973565   19.603825    0.419804    2.369006
   85.973328   19.582071    0.402028    2.201577
   85.973090   19.560318    0.398398    2.167230
   85.972612   19.516779    0.509908    3.215837
   85.972371   19.494983    0.468923    2.830071
   85.972130   19.473153    0.472897    2.867251
   85.971888   19.451296    0.468143    2.822325
   85.971645   19.429415    0.566318    3.745688
   85.971401   19.407509    0.496713    3.090678
   85.971158   19.385563    0.483386    2.965106
   85.970915   19.363597    0.515729    3.269165
   85.970671   19.341620    0.572303    3.801168
   85.970425   19.319640    0.396009    2.142504
   85.970177   19.297672    0.546570    3.558672
   85.969928   19.275713    0.519852    3.307129
   85.969677   19.253767    0.531482    3.416329
   85.969425   19.231836    0.386191    2.049321
   85.969172   19.209931    0.382862    2.017801
   85.968663   19.166186    0.393857    2.120819
   85.968408   19.144347    0.423305    2.397646
   85.968153   19.122525    0.610365    4.157177
   85.967898   19.100726    0.488553    3.011048
   85.967642   19.078956    0.310758    1.338269
   85.967387   19.057216    0.398703    2.165391
   85.967132   19.035535    0.379576    1.985258
   85.966620   18.992258    0.317894    1.404585
   85.966364   18.970645    0.322516    1.447858
   85.966106   18.949034    0.480595    2.934766
   85.965847   18.927425    0.466835    2.805117
   85.965588   18.905812    0.665524    4.674052
   85.965328   18.884188    0.376977    1.959382
   85.965069   18.862541    0.400212    2.177759
   85.964810   18.840875    0.354601    1.748480
   85.964550   18.819192    0.373967    1.930457
   85.964291   18.797490    0.519166    3.296194
   85.964032   18.775763    0.490463    3.025966
   85.963773   18.754017    0.364450    1.840324
   85.963513   18.732249    0.436903    2.521705
   85.963253   18.710464    0.310723    1.334486
   85.962992   18.688651    0.344148    1.648715
   85.962730   18.666820    0.289811    1.137351
   85.962467   18.644980    0.367145    1.864649
   85.962204   18.623132    0.323863    1.457278
   85.961939   18.601283    0.273423    0.982561
   85.961674   18.579435    0.297235    1.206364
   85.961408   18.557590    0.239466    0.662709
   85.961141   18.535755    0.326783    1.483925
   85.960872   18.513936    0.162163    0.348381
   85.960603   18.492132    0.363519    1.829107
   85.960333   18.470344    0.372566    1.914006
   85.960062   18.448572    0.333473    1.546043
   85.959791   18.426821    0.351242    1.712994
   85.959519   18.405088    0.365289    1.844932
   85.959246   18.383376    0.344749    1.651505
   85.958973   18.361686    0.620033    4.240994
   85.958146   18.296764    0.381375    1.995243
   85.957869   18.275151    0.331412    1.525019
   85.957591   18.253541    0.215161    0.462239
   85.957313   18.231933    0.318831    1.406262
   85.957035   18.210327    0.278688    1.028422
   85.956479   18.167102    0.305593    1.281121
   85.956201   18.145480    0.578677    3.849907
   85.955923   18.123851    0.332538    1.534190
   85.955645   18.102220    0.328779    1.498626
   85.955366   18.080591    0.053839    0.115664
   85.955087   18.058958    0.250526    0.762070
   85.954808   18.037313    0.267148    0.918231
   85.954528   18.015653    0.381775    1.996360
   85.954248   17.993961    0.518675    3.284022
   85.953967   17.972250    0.458782    2.720390
   85.953686   17.950526    0.246783    0.725838
   85.953404   17.928794    0.182469    0.392005
   85.953119   17.907058    0.187813    0.403485
   85.952548   17.863581    0.270180    0.945123
   85.952261   17.841845    0.289810    1.129579
   85.951690   17.798382    0.326485    1.474183
   85.951403   17.776668    0.408406    2.244633
   85.951115   17.754970    0.329914    1.506029
   85.950826   17.733299    0.325560    1.464861
   85.950535   17.711653    0.355180    1.743301
   85.950244   17.690034    0.382137    1.996688
   85.949951   17.668445    0.288751    1.117972
   85.949658   17.646913    0.378314    1.960311
   85.949364   17.625411    0.265307    0.897014
   85.949069   17.603927    0.333312    1.536559
   85.948774   17.582450    0.337534    1.576067
   85.948480   17.560954    0.365351    1.837549
   85.948185   17.539452    0.305972    1.278745
   85.947890   17.517950    0.326295    1.469729
   85.947595   17.496445    0.470766    2.828615
   85.947298   17.474944    0.426986    2.416559
   85.946702   17.431933    0.298960    1.211764
   85.946403   17.410420    0.981091    7.628594
   85.946104   17.388901    0.363465    1.818175
   85.945804   17.367375    0.810701    6.025268
   85.945505   17.345836    0.392917    2.094829
   85.945205   17.324281    0.297397    1.196034
   85.944603   17.281088    0.452718    2.656786
   85.944302   17.259474    0.352325    1.712145
   85.944001   17.237857    0.305933    1.275518
   85.943700   17.216251    0.244554    0.697896
   85.943399   17.194651    0.529709    3.380235
   85.943098   17.173054    0.362730    1.809204
   85.942495   17.129871    0.272337    0.958436
   85.942193   17.108286    0.543658    3.510641
   85.941890   17.086712    0.268657    0.923406
   85.941586   17.065149    0.339064    1.585542
   85.941280   17.043602    0.304621    1.261316
   85.940972   17.022071    0.397108    2.131176
   85.940664   17.000558    0.435349    2.490710
   85.940354   16.979067    0.330197    1.501311
   85.940043   16.957617    0.315690    1.364631
   85.939732   16.936188    0.336146    1.556866
   85.939420   16.914770    0.274833    0.979869
   85.939107   16.893355    0.573092    3.785486
   85.938796   16.871916    0.293273    1.152926
   85.938484   16.850471    0.382631    1.993349
   85.938172   16.829028    0.294029    1.159631
   85.937859   16.807589    0.278319    1.011638
   85.937543   16.786174    0.574759    3.800143
   85.937226   16.764766    0.444566    2.575175
   85.936909   16.743358    0.330564    1.502509
   85.936590   16.721947    0.351540    1.699638
   85.936271   16.700517    0.212729    0.457014
   85.935951   16.679078    0.208613    0.448172
   85.935631   16.657631    0.201800    0.433535
   85.935311   16.636178    0.333488    1.528996
   85.934991   16.614723    0.629996    4.318138
   85.934671   16.593261    0.453134    2.654133
   85.934350   16.571789    0.486697    2.969665
   85.934030   16.550307    0.263501    0.869788
   85.933711   16.528796    0.315225    1.356168
   85.933392   16.507273    0.290204    1.120574
   85.933073   16.485748    0.250150    0.743572
   85.932753   16.464224    0.259729    0.833480
   85.932433   16.442716    0.361869    1.794139
   85.932112   16.421220    0.231068    0.563437
   85.931790   16.399735    0.189726    0.407595
   85.929837   16.271196    0.003469    0.007453
   85.929511   16.249832    0.220839    0.474436
   85.929183   16.228486    0.308226    1.287448
   85.928855   16.207159    0.161269    0.346460
   85.928526   16.185862    0.191236    0.410839
   85.913470   15.249522    0.209169    0.449366
   85.913114   15.228305    0.229314    0.535490
   85.912757   15.207079    0.081805    0.175744
   85.898479   14.382478    0.104584    0.224682
   85.898101   14.361279    0.000000    0.000000
   85.890854   13.961378    0.141488    0.303964
   85.887328   13.773188    0.265826    0.864816
   85.886933   13.752246    0.094968    0.204022
   85.884558   13.626318    0.253426    0.746717
   85.884161   13.605297    0.393578    2.064974
   85.883764   13.584274    0.384529    1.979640
   85.883365   13.563246    0.181807    0.390584
   85.882966   13.542222    0.301382    1.197028
   85.881767   13.479195    0.309553    1.273278
   85.881367   13.458212    0.384965    1.982496
   85.880968   13.437248    0.174831    0.375595
   85.880568   13.416307    0.273546    0.933931
   85.880168   13.395399    0.170946    0.367249
   85.878563   13.312032    0.358063    1.727985
   85.878160   13.291251    0.355963    1.708027
   85.877757   13.270491    0.340870    1.565837
   85.877353   13.249748    0.409937    2.215364
   85.876949   13.229026    0.262148    0.824859
   85.875731   13.166901    0.354576    1.693747
   85.875322   13.146176    0.291828    1.103258
   85.874913   13.125439    0.315639    1.327044
   85.874503   13.104690    0.358627    1.731246
   85.874092   13.083925    0.331019    1.471327
   85.873680   13.063141    0.077246    0.165950
   85.873267   13.042339    0.134674    0.289325
   85.872853   13.021518    0.303179    1.208808
   85.871606   12.958921    0.278466    0.975705
   85.860693   12.419546    0.269306    0.884191
   85.860264   12.398894    0.189402    0.406899
   85.859832   12.378236    0.282572    1.008585
   85.859400   12.357572    0.452746    2.609261
   85.858967   12.336905    0.349925    1.641786
   85.858101   12.295584    0.659289    4.551671
   85.857667   12.274918    0.499480    3.048086
   85.857234   12.254243    0.588911    3.889184
   85.856801   12.233550    0.490657    2.964668
   85.856369   12.212847    0.587374    3.874319
   85.855936   12.192136    0.470443    2.774102
   85.855502   12.171420    0.403700    2.146024
   85.855067   12.150692    0.341129    1.557188
   85.854630   12.129964    0.380191    1.924453
   85.854193   12.109242    0.376838    1.892702
   85.853756   12.088529    0.697687    4.910832
   85.853319   12.067848    0.506266    3.109867
   85.852881   12.047184    0.478727    2.850585
   85.852444   12.026532    0.419022    2.288717
   85.852007   12.005891    0.586949    3.868263
   85.851571   11.985240    0.595522    3.948700
   85.851135   11.964600    0.454030    2.617435
   85.850699   11.943978    0.474341    2.808298
   85.850262   11.923381    0.489771    2.953249
   85.849823   11.902834    0.520760    3.244568
   85.849383   11.882318    0.771699    5.605034
   85.848942   11.861828    0.645560    4.418196
   85.848500   11.841359    0.545413    3.475876
   85.848058   11.820912    0.607321    4.058060
   85.847616   11.800481    0.488920    2.944017
   85.847173   11.780059    0.478979    2.850297
   85.846730   11.759643    0.553822    3.554165
   85.846285   11.739225    0.512743    3.167517
   85.845841   11.718804    0.549273    3.510969
   85.844950   11.677938    0.627663    4.247995
   85.844504   11.657487    0.574643    3.749016
   85.844058   11.637018    0.509614    3.137063
   85.843163   11.596020    0.568555    3.691135
   85.842714   11.575460    0.502681    3.071224
   85.842263   11.554876    0.563594    3.644052
   85.841357   11.513670    0.512500    3.162978
   85.840902   11.493074    0.479216    2.849663
   85.839989   11.451884    0.511629    3.154168
   85.839077   11.410686    0.290562    1.074102
   85.838622   11.390087    0.441004    2.489155
   85.838166   11.369497    0.492479    2.973193
   85.837711   11.348923    0.523851    3.268109
   85.837255   11.328368    0.545564    3.472164
   85.836799   11.307838    0.629894    4.265285
   85.835887   11.266865    0.600178    3.985316
   85.835432   11.246451    0.630900    4.274124
   85.834977   11.226072    0.539637    3.415381
   85.834522   11.205721    0.486802    2.918131
   85.834067   11.185391    0.554484    3.554642
   85.833611   11.165074    0.615165    4.125276
   85.833154   11.144771    0.473636    2.793664
   85.832697   11.124477    0.503602    3.075362
   85.832238   11.104192    0.649281    4.445610
   85.831778   11.083911    0.577959    3.774448
   85.831317   11.063631    0.457917    2.644968
   85.830855   11.043348    0.874900    6.567465
   85.829928   11.002757    0.474036    2.795998
   85.829464   10.982443    0.343329    1.566191
   85.828999   10.962109    0.456628    2.631829
   85.828532   10.941753    0.440347    2.478455
   85.828066   10.921344    0.506305    3.098744
   85.827598   10.900911    0.477025    2.823089
   85.827129   10.880464    0.470802    2.764347
   85.826659   10.860009    0.481456    2.864362
