Converting ICESat/GLAS binary freeboard vector data to ASCII
Wed Feb 12 09:57:29 2014

write_fb:
  file_in:       laser3k0075002.dat
  laser_period:  3k
  track:         0075
  cycle:         002
  file_out:      laser3k0075002.txt
  non_zero_only:        0
  nan_replace:       -999

read_fb:
  Year:                  2008
  Month:                   10
  Day:                     14
  Hour:                     9
  Minute:                  14
  Doy:                    288
  record_count:          1508
  non_zero_count:        1502
  nan_count:                0

    Latitude   Longitude   Freeboard   Thickness
   75.645299  348.630355    0.108561    0.231202
   75.646782  348.628513    0.143274    0.305129
   75.648266  348.626669    0.189637    0.403868
   75.649750  348.624824    0.313593    0.667856
   75.651237  348.622973    0.316616    0.674294
   75.652725  348.621117    0.231739    0.493532
   75.654214  348.619259    0.406007    1.167677
   75.655705  348.617401    0.395653    1.070333
   75.657195  348.615545    0.363313    0.773744
   75.658687  348.613691    0.183847    0.391539
   75.660178  348.611837    0.271420    0.578042
   75.661670  348.609982    0.163189    0.347541
   75.663161  348.608125    0.239727    0.510544
   75.664653  348.606265    0.145699    0.310293
   75.666144  348.604403    0.241415    0.514141
   75.667635  348.602538    0.095841    0.204112
   75.669123  348.600667    0.151182    0.321970
   75.670609  348.598789    0.133044    0.283342
   75.672094  348.596911    0.177639    0.378317
   75.673579  348.595033    0.150461    0.320436
   75.675064  348.593163    0.061626    0.131243
   75.676551  348.591300    0.118194    0.251716
   75.678037  348.589439    0.094695    0.201671
   75.679523  348.587580    0.134804    0.287092
   75.681008  348.585719    0.102464    0.218217
   75.682492  348.583856    0.117177    0.249551
   75.683975  348.581992    0.050229    0.106972
   75.685457  348.580129    0.121611    0.258993
   75.686937  348.578264    0.157277    0.334951
   75.695825  348.567128    0.107198    0.228299
   75.698794  348.563438    0.137023    0.291816
   75.700278  348.561589    0.118837    0.253087
   75.701762  348.559737    0.065719    0.139962
   75.704733  348.556023    0.121904    0.259619
   75.706220  348.554159    0.153421    0.326741
   75.707709  348.552292    0.098093    0.208907
   75.710688  348.548553    0.193229    0.411518
   75.712179  348.546682    0.107991    0.229987
   75.716650  348.541066    0.135771    0.289150
   75.718139  348.539195    0.203856    0.434151
   75.719628  348.537322    0.157493    0.335412
   75.722602  348.533564    0.127649    0.271853
   75.724089  348.531676    0.082387    0.175459
   75.725574  348.529786    0.235313    0.501145
   75.727058  348.527896    0.186858    0.397950
   75.728541  348.526007    0.187391    0.399084
   75.731503  348.522237    0.112729    0.240077
   75.732983  348.520357    0.128710    0.274112
   75.734462  348.518483    0.146680    0.312383
   75.735941  348.516615    0.180015    0.383376
   75.737420  348.514750    0.252547    0.537847
   75.738899  348.512887    0.190125    0.404908
   75.740380  348.511024    0.161676    0.344319
   75.741861  348.509160    0.172393    0.367145
   75.753734  348.494180    0.148616    0.316505
   75.756712  348.490448    0.136318    0.290316
   75.758202  348.488582    0.224707    0.478557
   75.759692  348.486714    0.260747    0.555311
   75.764162  348.481096    0.196986    0.419520
   75.767137  348.477330    0.193298    0.411665
   75.768624  348.475443    0.216503    0.461085
   75.770111  348.473555    0.247721    0.527569
   75.771598  348.471664    0.237697    0.506221
   75.773085  348.469773    0.125916    0.268162
   75.776055  348.465995    0.154765    0.329601
   75.777539  348.464109    0.269011    0.572911
   75.779021  348.462224    0.260095    0.553923
   75.780503  348.460338    0.238790    0.508550
   75.781984  348.458451    0.251823    0.536306
   75.783465  348.456562    0.193190    0.411436
   75.784946  348.454673    0.190957    0.406680
   75.786428  348.452783    0.255108    0.543302
   75.787910  348.450894    0.163684    0.348597
   75.789392  348.449005    0.236697    0.504091
   75.790875  348.447116    0.220075    0.468693
   75.793839  348.443346    0.113759    0.242272
   75.795319  348.441465    0.328033    0.698610
   75.796799  348.439585    0.112494    0.239577
   75.798279  348.437705    0.165595    0.352666
   75.799763  348.435822    0.179780    0.382877
   75.801249  348.433937    0.131602    0.280271
   75.802737  348.432051    0.210892    0.449136
   75.804225  348.430164    0.202452    0.431159
   75.805712  348.428278    0.174168    0.370924
   75.807199  348.426392    0.226649    0.482692
   75.810172  348.422619    0.166742    0.355109
   75.811659  348.420734    0.227024    0.483491
   75.813145  348.418850    0.134916    0.287329
   75.814632  348.416964    0.118839    0.253091
   75.816118  348.415078    0.258152    0.549784
   75.817605  348.413188    0.140677    0.299599
   75.819092  348.411296    0.108829    0.231773
   75.820578  348.409403    0.218738    0.465845
   75.823548  348.405614    0.316317    0.673658
   75.825030  348.403720    0.143145    0.304855
   75.826512  348.401824    0.225358    0.479943
   75.827992  348.399928    0.194628    0.414497
   75.830950  348.396129    0.181358    0.386236
   75.832428  348.394228    0.220456    0.469503
   75.835385  348.390424    0.176149    0.375143
   75.836865  348.388522    0.132723    0.282659
   75.838346  348.386620    0.205837    0.438370
   75.841309  348.382812    0.234289    0.498964
   75.842792  348.380904    0.189259    0.403062
   75.844276  348.378995    0.185219    0.394460
   75.845761  348.377087    0.221838    0.472447
   75.847246  348.375178    0.105710    0.225129
   75.850219  348.371365    0.152564    0.324914
   75.851705  348.369462    0.167609    0.356956
   75.853193  348.367564    0.066167    0.140915
   75.857657  348.361891    0.149705    0.318826
   75.859145  348.359999    0.160134    0.341037
   75.860633  348.358104    0.206109    0.438948
   75.862121  348.356209    0.224535    0.478190
   75.863608  348.354313    0.192905    0.410829
   75.865093  348.352418    0.284462    0.605818
   75.866577  348.350522    0.207866    0.442690
   75.868060  348.348626    0.202602    0.431479
   75.869543  348.346728    0.103341    0.220084
   75.871025  348.344827    0.186147    0.396436
   75.872507  348.342923    0.266695    0.567978
   75.873989  348.341018    0.266802    0.568207
   75.875470  348.339113    0.156608    0.333527
   75.876950  348.337209    0.277486    0.590960
   75.878430  348.335306    0.198985    0.423778
   75.881388  348.331494    0.211324    0.450055
   75.882869  348.329580    0.189964    0.404565
   75.884350  348.327661    0.348033    0.741203
   75.885832  348.325739    0.164657    0.350670
   75.887314  348.323817    0.212664    0.452909
   75.888795  348.321898    0.294533    0.627266
   75.890277  348.319982    0.186637    0.397480
   75.891758  348.318067    0.232095    0.494290
   75.893240  348.316154    0.157043    0.334453
   75.894722  348.314243    0.245851    0.523588
   75.896205  348.312333    0.229065    0.487838
   75.899172  348.308515    0.147607    0.314357
   75.902139  348.304697    0.301002    0.641041
   75.903624  348.302787    0.227230    0.483930
   75.905108  348.300877    0.247258    0.526585
   75.906594  348.298966    0.223472    0.475926
   75.908079  348.297054    0.183011    0.389758
   75.909564  348.295142    0.372375    0.861785
   75.911050  348.293232    0.240755    0.512734
   75.912535  348.291325    0.298086    0.634832
   75.915505  348.287520    0.229177    0.488077
   75.916990  348.285617    0.239313    0.509663
   75.918476  348.283711    0.262852    0.559793
   75.919962  348.281803    0.260720    0.555252
   75.921447  348.279891    0.257272    0.547911
   75.922933  348.277977    0.217284    0.462748
   75.924417  348.276059    0.236050    0.502713
   75.925900  348.274136    0.124734    0.265644
   75.927383  348.272211    0.157689    0.335829
   75.928864  348.270285    0.208660    0.444381
   75.930345  348.268359    0.204663    0.435869
   75.931824  348.266435    0.202476    0.431212
   75.933303  348.264511    0.299968    0.638840
   75.934781  348.262588    0.316913    0.674928
   75.936260  348.260669    0.362362    0.771720
   75.937738  348.258752    0.212914    0.453440
   75.939216  348.256835    0.179950    0.383239
   75.940695  348.254917    0.189717    0.404038
   75.942174  348.252994    0.279859    0.596014
   75.943653  348.251066    0.147918    0.315021
   75.945133  348.249137    0.165833    0.353173
   75.946614  348.247207    0.210410    0.448109
   75.948097  348.245280    0.157050    0.334467
   75.949582  348.243356    0.228087    0.485756
   75.951067  348.241432    0.211998    0.451491
   75.952553  348.239508    0.137971    0.293836
   75.954039  348.237584    0.191539    0.407920
   75.957013  348.233732    0.204066    0.434597
   75.958500  348.231807    0.152722    0.325252
   75.959989  348.229887    0.141137    0.300579
   75.961478  348.227969    0.165291    0.352020
   75.962967  348.226052    0.212668    0.452917
   75.964455  348.224135    0.196798    0.419118
   75.965941  348.222214    0.209607    0.446398
   75.967424  348.220289    0.256393    0.546038
   75.968906  348.218362    0.156139    0.332528
   75.970386  348.216435    0.249886    0.532180
   75.971867  348.214508    0.200679    0.427384
   75.973347  348.212582    0.202437    0.431129
   75.974826  348.210655    0.184232    0.392357
   75.976306  348.208728    0.196001    0.417422
   75.977785  348.206803    0.181884    0.387358
   75.979265  348.204878    0.129159    0.275069
   75.982224  348.201022    0.134249    0.285909
   75.986660  348.195200    0.179409    0.382085
   75.988140  348.193253    0.199228    0.424295
   75.991104  348.189356    0.186648    0.397504
   75.992587  348.187408    0.133418    0.284140
   75.994072  348.185460    0.197457    0.420523
   75.998525  348.179631    0.156597    0.333504
   76.000010  348.177691    0.123046    0.262050
   76.001494  348.175749    0.143192    0.304956
   76.004459  348.171863    0.275775    0.587316
   76.007425  348.167984    0.124355    0.264839
   76.010394  348.164115    0.209465    0.446097
   76.011878  348.162180    0.214466    0.456746
   76.013360  348.160243    0.112207    0.238967
   76.014842  348.158303    0.122067    0.259965
   76.022252  348.148622    0.068567    0.146026
   76.026698  348.142807    0.118981    0.253393
   76.029659  348.138918    0.171930    0.366158
   76.032619  348.135020    0.181199    0.385898
   76.040014  348.125297    0.192337    0.409619
   76.041493  348.123353    0.249213    0.530748
   76.042973  348.121396    0.151908    0.323517
   76.044453  348.119426    0.198211    0.422129
   76.045932  348.117454    0.220544    0.469690
   76.047413  348.115482    0.175306    0.373347
   76.048893  348.113516    0.139751    0.297628
   76.050374  348.111558    0.153537    0.326987
   76.051856  348.109604    0.136441    0.290578
   76.053339  348.107652    0.166357    0.354290
   76.054823  348.105703    0.118919    0.253261
   76.056310  348.103757    0.234529    0.499474
   76.063743  348.094039    0.197170    0.419911
   76.066711  348.090150    0.104115    0.221733
   76.071159  348.084308    0.134965    0.287433
   76.072640  348.082362    0.206691    0.440187
   76.074121  348.080416    0.128446    0.273550
   76.078561  348.074574    0.229485    0.488732
   76.081521  348.070670    0.168078    0.357955
   76.083001  348.068713    0.160380    0.341559
   76.084482  348.066750    0.128740    0.274177
   76.087444  348.062812    0.159282    0.339221
   76.088925  348.060839    0.242111    0.515621
   76.090405  348.058868    0.171633    0.365526
   76.093364  348.054928    0.109644    0.233508
   76.103727  348.041167    0.122981    0.261911
   76.111132  348.031293    0.175421    0.373592
   76.115587  348.025382    0.183441    0.390674
   76.117075  348.023419    0.201974    0.430142
   76.118562  348.021458    0.171176    0.364552
   76.120050  348.019501    0.218896    0.466180
   76.121537  348.017547    0.196963    0.419470
   76.123024  348.015593    0.119944    0.255443
   76.124509  348.013636    0.131803    0.280700
   76.125990  348.011671    0.168219    0.358256
   76.127468  348.009697    0.186169    0.396483
   76.128945  348.007720    0.172939    0.368308
   76.130421  348.005742    0.260680    0.555169
   76.131897  348.003767    0.160360    0.341517
   76.133373  348.001794    0.203004    0.432337
   76.134849  347.999823    0.234043    0.498439
   76.136326  347.997852    0.244262    0.520204
   76.137801  347.995884    0.147691    0.314537
   76.139277  347.993917    0.274486    0.584571
   76.140753  347.991949    0.223258    0.475471
   76.142228  347.989981    0.097102    0.206798
   76.145181  347.986036    0.114481    0.243809
   76.146659  347.984058    0.156559    0.333423
   76.148137  347.982076    0.129695    0.276211
   76.149616  347.980084    0.188381    0.401193
   76.151095  347.978083    0.137248    0.292296
   76.152576  347.976081    0.168744    0.359372
   76.154058  347.974081    0.173282    0.369038
   76.155540  347.972089    0.206823    0.440470
   76.157023  347.970106    0.126815    0.270076
   76.158508  347.968127    0.146239    0.311445
   76.159992  347.966152    0.155839    0.331890
   76.161479  347.964179    0.172776    0.367960
   76.162966  347.962207    0.200511    0.427026
   76.164453  347.960236    0.185298    0.394627
   76.165940  347.958266    0.160470    0.341752
   76.167425  347.956296    0.179015    0.381247
   76.168909  347.954324    0.183602    0.391016
   76.170392  347.952353    0.136383    0.290455
   76.171874  347.950382    0.194883    0.415041
   76.173354  347.948412    0.178701    0.380578
   76.174833  347.946443    0.168433    0.358711
   76.177789  347.942510    0.157352    0.335110
   76.179266  347.940551    0.155591    0.331362
   76.180744  347.938596    0.197188    0.419949
   76.182222  347.936641    0.110523    0.235381
   76.185177  347.932720    0.133126    0.283517
   76.186656  347.930749    0.160694    0.342230
   76.199967  347.912792    0.209825    0.446863
   76.201449  347.910796    0.143030    0.304610
   76.202932  347.908802    0.198943    0.423688
   76.204415  347.906808    0.199794    0.425500
   76.205897  347.904815    0.255722    0.544609
   76.207380  347.902820    0.141540    0.301436
   76.208862  347.900822    0.282314    0.601243
   76.210343  347.898822    0.280365    0.597090
   76.211824  347.896821    0.210432    0.448156
   76.216270  347.890832    0.210505    0.448311
   76.219236  347.886852    0.089404    0.190403
   76.222202  347.882881    0.223181    0.475307
   76.223685  347.880896    0.164539    0.350416
   76.225167  347.878913    0.207003    0.440854
   76.226648  347.876929    0.238384    0.507684
   76.228127  347.874945    0.213651    0.455010
   76.229606  347.872959    0.115083    0.245091
   76.231085  347.870970    0.176553    0.376003
   76.234043  347.866976    0.066035    0.140634
   76.235522  347.864975    0.197094    0.419750
   76.237001  347.862974    0.120600    0.256840
   76.238478  347.860977    0.165230    0.351889
   76.239953  347.858985    0.142836    0.304196
   84.816662  313.610987    0.359654    1.213722
   84.817653  313.597748    0.658416    4.024358
   84.818644  313.584502    0.105962    0.225667
   84.819636  313.571248    0.415598    1.740248
   84.820629  313.557979    0.326840    0.905351
   84.821621  313.544695    0.240954    0.513159
   84.822613  313.531396    0.804413    5.398203
   84.823605  313.518081    0.350128    1.124669
   84.824595  313.504742    0.221354    0.471415
   84.825586  313.491382    0.450531    2.069354
   84.826575  313.478011    0.189788    0.404190
   84.827564  313.464634    0.259763    0.553216
   84.828554  313.451253    0.342008    1.048679
   84.829543  313.437875    0.211496    0.450421
   84.830531  313.424499    0.392371    1.522618
   84.831519  313.411130    0.309317    0.741376
   84.832506  313.397779    0.232166    0.494442
   84.833492  313.384443    0.183945    0.391747
   84.834477  313.371113    0.264712    0.563755
   84.835461  313.357787    0.186359    0.396887
   84.836444  313.344459    0.607179    3.543860
   84.837427  313.331127    0.193027    0.411088
   84.838408  313.317794    0.363039    1.247311
   84.839387  313.304460    0.290482    0.618638
   84.840363  313.291121    0.227389    0.484269
   84.841336  313.277780    0.492059    2.461278
   84.842309  313.264437    0.203753    0.433932
   84.843282  313.251091    0.281015    0.598477
   84.844259  313.237752    0.200614    0.427245
   84.845239  313.224413    0.336572    0.998873
   84.846220  313.211068    0.125196    0.266629
   84.847203  313.197712    0.389144    1.493599
   84.848187  313.184331    0.278573    0.593275
   84.849170  313.170929    0.172482    0.367335
   84.850154  313.157511    0.210381    0.448047
   84.851137  313.144081    0.327564    0.914608
   84.852118  313.130642    0.203649    0.433710
   84.853097  313.117193    0.284747    0.606424
   84.854076  313.103735    0.216560    0.461206
   84.855054  313.090268    0.314683    0.793753
   84.856033  313.076791    0.332697    0.963289
   84.857013  313.063305    0.283296    0.603333
   84.857994  313.049812    0.508350    2.615874
   84.858975  313.036314    0.326297    0.903328
   84.859959  313.022813    0.427686    1.857204
   84.860944  313.009311    0.249234    0.530791
   84.861929  312.995804    0.601202    3.489682
   84.862912  312.982292    0.343429    1.064809
   84.863891  312.968773    0.691350    4.337894
   84.864867  312.955246    0.526213    2.784477
   84.865842  312.941715    0.513405    2.664069
   84.866815  312.928180    0.698078    4.401426
   84.867788  312.914635    0.416683    1.754329
   84.868762  312.901086    0.339370    1.027097
   84.869735  312.887538    0.333008    0.967324
   84.870708  312.873996    0.178485    0.380119
   84.871681  312.860473    0.224563    0.478250
   84.872654  312.846967    0.362950    1.249231
   84.873627  312.833467    0.361468    1.235367
   84.874599  312.819967    0.369542    1.311404
   84.875571  312.806468    0.482959    2.378437
   84.876543  312.792965    0.239429    0.509909
   84.877514  312.779451    0.192152    0.409225
   84.878485  312.765925    0.561526    3.117775
   84.879455  312.752369    0.520396    2.730926
   84.880424  312.738787    0.280498    0.597375
   84.881393  312.725192    0.362543    1.246111
   84.882363  312.711587    0.367925    1.296818
   84.883333  312.697987    0.357380    1.197702
   84.884305  312.684389    0.210489    0.448276
   84.885277  312.670785    0.508444    2.618961
   84.886250  312.657170    0.311598    0.767248
   84.887223  312.643538    0.340725    1.041338
   84.888197  312.629889    0.382055    1.430219
   84.889171  312.616227    0.244013    0.519672
   84.890144  312.602555    0.285178    0.607341
   84.891117  312.588866    0.257795    0.549025
   84.892089  312.575165    0.261630    0.557190
   84.893060  312.561458    0.261013    0.555877
   84.894030  312.547750    0.265571    0.565585
   84.894998  312.534049    0.386649    1.473981
   84.895965  312.520355    0.488853    2.435535
   84.896930  312.506664    0.290747    0.619202
   84.897896  312.492978    0.190284    0.405245
   84.898863  312.479296    0.315479    0.804778
   84.899830  312.465620    0.339060    1.026695
   84.900797  312.451946    0.348611    1.116621
   84.901763  312.438275    0.231333    0.492667
   84.902726  312.424614    0.280787    0.597990
   84.903688  312.410958    0.277893    0.591828
   84.904648  312.397296    0.440826    1.984432
   84.905607  312.383624    0.323661    0.882299
   84.906567  312.369921    0.380388    1.416032
   84.907526  312.356191    0.401621    1.615857
   84.908485  312.342452    0.484409    2.394755
   84.909445  312.328709    0.436985    1.948702
   84.910406  312.314980    0.336541    1.003870
   84.911368  312.301262    0.393062    1.535666
   84.912331  312.287543    0.263699    0.561597
   84.913294  312.273820    0.486359    2.413504
   84.914258  312.260088    0.319850    0.847184
   84.915223  312.246345    0.422367    1.811671
   84.916189  312.232590    0.426924    1.854630
   84.917153  312.218823    0.301738    0.677042
   84.918116  312.205036    0.350550    1.136309
   84.919077  312.191231    0.170209    0.362492
   84.920037  312.177416    0.271885    0.579030
   84.920997  312.163593    0.367203    1.293218
   84.921958  312.149767    0.583832    3.331198
   84.922918  312.135938    0.561475    3.120960
   84.923879  312.122108    0.439634    1.974837
   84.924839  312.108275    0.518878    2.720393
   84.925800  312.094445    0.308164    0.738218
   84.926762  312.080618    0.409607    1.692608
   84.927723  312.066785    0.352683    1.157189
   84.928684  312.052946    0.303093    0.690758
   84.929642  312.039087    0.540932    2.928267
   84.930599  312.025212    0.217276    0.462732
   84.931555  312.011332    0.086403    0.184013
   84.932509  311.997447    0.406293    1.661914
   84.933464  311.983570    0.324313    0.890781
   84.934417  311.969698    0.649925    3.953999
   84.935371  311.955824    0.589453    3.385202
   84.936324  311.941947    0.742390    4.824015
   84.937278  311.928057    0.330921    0.953267
   84.938231  311.914158    0.451678    2.089340
   84.939185  311.900257    0.404576    1.646324
   84.940137  311.886356    0.434782    1.930555
   84.941089  311.872469    0.425390    1.842285
   84.942040  311.858591    0.475701    2.315654
   84.942990  311.844713    0.416841    1.762024
   84.943939  311.830830    0.236917    0.504560
   84.944888  311.816932    0.306669    0.725756
   84.945836  311.803020    0.422129    1.812006
   84.946784  311.789100    0.195701    0.416783
   84.947732  311.775175    0.936926    6.655033
   84.948682  311.761248    0.442585    2.004679
   84.949633  311.747318    0.310991    0.766810
   84.950586  311.733383    0.384969    1.462832
   84.951539  311.719440    0.396532    1.571684
   84.952494  311.705497    0.359544    1.223809
   84.953450  311.691548    0.409630    1.695065
   84.954405  311.677584    0.339503    1.035442
   84.955361  311.663599    0.416858    1.763222
   84.956312  311.649572    0.251039    0.534637
   84.957261  311.635509    0.288358    0.614114
   84.958209  311.621429    0.341464    1.054206
   84.959157  311.607340    0.443023    2.009688
   84.961055  311.579171    0.375051    1.370406
   84.962004  311.565097    0.423036    1.821904
   84.962953  311.551032    0.377354    1.392237
   84.963902  311.536998    0.420393    1.797194
   84.964851  311.522989    0.427004    1.859469
   84.965799  311.508984    0.339563    1.036958
   84.966746  311.494979    0.366885    1.294070
   84.967689  311.480953    0.318800    0.841796
   84.968629  311.466907    0.774409    5.127942
   84.969568  311.452854    0.374586    1.366754
   84.970507  311.438795    0.555418    3.067981
   84.971446  311.424733    0.386121    1.475431
   84.972386  311.410670    0.413882    1.736665
   84.973327  311.396602    0.594064    3.431776
   84.974268  311.382532    0.387640    1.489952
   84.975210  311.368460    0.325741    0.907731
   84.976152  311.354386    0.312166    0.780101
   84.977094  311.340306    0.417151    1.767809
   84.978037  311.326217    0.390616    1.518267
   84.978979  311.312117    0.395611    1.565335
   84.979922  311.298003    0.419230    1.787615
   84.980864  311.283876    0.391663    1.528358
   84.981806  311.269732    0.392160    1.533115
   84.982749  311.255558    0.365828    1.285476
   84.983692  311.241361    0.470489    2.270138
   84.984635  311.227154    0.390872    1.521239
   84.986519  311.198752    0.254705    0.542443
   84.987459  311.184573    0.335490    1.000479
   84.988399  311.170398    0.254268    0.541512
   84.989338  311.156226    0.370421    1.329247
   84.990279  311.142057    0.250556    0.533607
   84.991220  311.127890    0.378254    1.403094
   84.992160  311.113717    0.294225    0.626609
   84.993100  311.099537    0.393213    1.543973
   84.994039  311.085337    0.400492    1.612535
   84.994976  311.071121    0.349013    1.128328
   84.995911  311.056896    0.370545    1.330971
   84.996846  311.042662    0.605409    3.540497
   84.998712  311.014182    0.373653    1.360450
   84.999644  310.999939    0.395188    1.563110
   85.000576  310.985694    0.477978    2.342030
   85.001508  310.971456    0.393823    1.550433
   85.002441  310.957223    0.618145    3.660783
   85.003374  310.942987    0.737136    4.780249
   85.004307  310.928747    0.513311    2.674735
   85.005238  310.914496    0.827380    5.629364
   85.006169  310.900232    0.391528    1.529236
   85.007100  310.885962    0.658139    4.037412
   85.008030  310.871684    1.080919    8.014727
   85.008961  310.857401    0.413117    1.732569
   85.009891  310.843113    0.584686    3.346656
   85.010822  310.828817    0.407030    1.675461
   85.011754  310.814512    0.370146    1.328567
   85.012687  310.800192    0.386582    1.483260
   85.013622  310.785860    0.425960    1.853781
   85.014557  310.771522    0.571942    3.227170
   85.015491  310.757179    0.460986    2.183444
   85.016424  310.742846    0.440016    1.986251
   85.017354  310.728517    0.329871    0.950159
   85.018284  310.714184    0.395773    1.570205
   85.019214  310.699842    0.352099    1.159429
   85.020144  310.685478    0.313193    0.793501
   85.021074  310.671095    0.385952    1.478051
   85.022005  310.656703    0.493012    2.485276
   85.022935  310.642306    0.411767    1.721065
   85.023865  310.627907    0.414498    1.746829
   85.024795  310.613508    0.557844    3.095420
   85.025724  310.599114    0.537968    2.908512
   85.026652  310.584724    0.614108    3.624870
   85.027579  310.570358    0.644609    3.911879
   85.028504  310.556009    0.377499    1.399166
   85.029428  310.541658    0.378469    1.408372
   85.030352  310.527300    0.329672    0.949404
   85.031276  310.512908    0.409984    1.704999
   85.032200  310.498487    0.359217    1.227496
   85.033124  310.484057    0.481112    2.374282
   85.034047  310.469619    0.621714    3.697050
   85.034969  310.455194    0.467352    2.244999
   85.035890  310.440777    0.655302    4.013187
   85.036811  310.426357    0.528016    2.815840
   85.037732  310.411932    0.493910    2.495074
   85.038654  310.397493    0.326851    0.923571
   85.039577  310.383041    0.405767    1.666042
   85.040501  310.368579    0.482444    2.387450
   85.041424  310.354107    0.386526    1.485196
   85.042347  310.339623    0.388324    1.502187
   85.043269  310.325129    0.341263    1.059552
   85.044191  310.310626    0.456840    2.146894
   85.045112  310.296117    0.448074    2.064508
   85.046032  310.281599    0.396744    1.581711
   85.046952  310.267077    0.666566    4.120096
   85.047871  310.252553    0.699478    4.429789
   85.048790  310.238032    0.828902    5.647411
   85.049709  310.223524    0.948016    6.768027
   85.050628  310.209028    0.511623    2.662816
   85.051547  310.194532    0.522910    2.769074
   85.052465  310.180032    0.535439    2.887017
   85.053384  310.165519    0.262631    0.559324
   85.054303  310.150993    0.510051    2.648345
   85.055221  310.136457    0.560596    3.123915
   85.056140  310.121910    0.795213    5.331116
   85.057059  310.107345    0.229748    0.489292
   85.057978  310.092768    0.421641    1.816959
   85.058897  310.078183    0.427784    1.874823
   85.060731  310.049006    0.448292    2.067906
   85.061646  310.034420    0.459253    2.171099
   85.062559  310.019833    0.376528    1.392959
   85.063472  310.005242    0.371558    1.346285
   85.064386  309.990648    0.497924    2.535129
   85.066215  309.961446    0.461706    2.194568
   85.067129  309.946836    0.409935    1.707617
   85.068041  309.932212    0.476328    2.332280
   85.068950  309.917580    0.653620    4.000206
   85.069859  309.902942    0.538532    2.917609
   85.070767  309.888302    0.668338    4.138824
   85.071674  309.873669    0.454938    2.131370
   85.072580  309.859042    0.514023    2.687284
   85.074393  309.829770    0.312160    0.788450
   85.075302  309.815111    0.332244    0.977462
   85.076213  309.800436    0.216073    0.460169
   85.077125  309.785749    0.327453    0.932547
   85.078036  309.771053    0.530261    2.840509
   85.078946  309.756349    0.466498    2.240746
   85.079854  309.741638    0.379277    1.420309
   85.080762  309.726919    0.540957    2.941366
   85.081669  309.712192    0.354574    1.188081
   85.082578  309.697454    0.429352    1.891619
   85.083488  309.682708    0.457880    2.160067
   85.084398  309.667957    0.275680    0.587113
   85.085308  309.653204    0.367715    1.312019
   85.086219  309.638456    0.345174    1.100045
   85.087131  309.623712    0.451714    2.102376
   85.088041  309.608969    0.342026    1.070583
   85.088951  309.594224    0.411438    1.723650
   85.089858  309.579477    0.489884    2.461704
   85.090762  309.564726    0.330492    0.962333
   85.091665  309.549974    0.209146    0.445416
   85.092566  309.535220    0.488642    2.450262
   85.093468  309.520464    0.559338    3.115401
   85.094369  309.505707    0.430750    1.905815
   85.095271  309.490946    0.489772    2.461136
   85.096171  309.476181    0.477819    2.348772
   85.097071  309.461410    0.432007    1.917887
   85.097971  309.446633    0.393401    1.554782
   85.098870  309.431849    0.433205    1.929319
   85.099770  309.417057    0.430722    1.906043
   85.100670  309.402259    0.417807    1.784622
   85.101570  309.387453    0.340067    1.053384
   85.102470  309.372636    0.473135    2.305274
   85.103370  309.357807    0.345366    1.103390
   85.104268  309.342962    0.380623    1.435150
   85.105165  309.328101    0.365507    1.293030
   85.106062  309.313228    0.404493    1.659868
   85.106959  309.298343    0.471267    2.288110
   85.107856  309.283446    0.449970    2.087843
   85.108754  309.268539    0.427961    1.880882
   85.109653  309.253627    0.407726    1.690606
   85.110551  309.238715    0.429535    1.895846
   85.111451  309.223811    0.378383    1.414730
   85.112352  309.208915    0.352021    1.166817
   85.113252  309.194021    0.366763    1.305573
   85.114151  309.179127    0.456230    2.147305
   85.115049  309.164234    0.507635    2.630966
   85.115946  309.149338    0.591501    3.420006
   85.116842  309.134437    0.387257    1.498696
   85.117736  309.119530    0.528034    2.823113
   85.118631  309.104609    0.508917    2.643356
   85.119525  309.089676    0.322677    0.891412
   85.120418  309.074736    0.453121    2.118630
   85.121311  309.059791    0.301218    0.689709
   85.122204  309.044842    0.590785    3.413845
   85.123988  309.014938    0.539900    2.935312
   85.124880  308.999979    0.387139    1.498322
   85.125772  308.985019    0.466150    2.241686
   85.126664  308.970053    0.569656    3.215482
   85.127556  308.955083    1.007675    7.336151
   85.128447  308.940106    0.632103    3.803098
   85.129337  308.925120    0.228910    0.487508
   85.130225  308.910125    0.408766    1.702256
   85.131112  308.895121    0.512974    2.682654
   85.131999  308.880110    0.417212    1.781875
   85.132885  308.865088    0.227202    0.483871
   85.133771  308.850056    0.008277    0.017627
   85.134657  308.835021    0.575475    3.270945
   85.137316  308.789926    0.411829    1.731710
   85.138202  308.774899    0.349398    1.144478
   85.139089  308.759869    0.436541    1.964344
   85.139976  308.744835    0.356723    1.213553
   85.140864  308.729797    0.408372    1.699509
   85.141751  308.714749    0.000000    0.000000
   85.142639  308.699690    0.324026    0.906200
   85.146190  308.639272    0.340679    1.063186
   85.147078  308.624154    0.294597    0.629756
   85.147965  308.609040    0.647587    3.950534
   85.150624  308.563678    0.133185    0.283644
   85.151508  308.548547    0.143919    0.306504
   85.155917  308.472876    0.298881    0.670860
   85.156797  308.457738    0.352208    1.172602
   85.157676  308.442598    0.359942    1.245438
   85.158554  308.427455    0.410410    1.720291
   85.160309  308.397152    0.663963    4.105704
   85.161185  308.381987    0.463160    2.216765
   85.162059  308.366813    0.448283    2.076885
   85.162932  308.351632    0.426891    1.875724
   85.163806  308.336444    0.333709    0.999211
   85.164681  308.321256    0.400025    1.623147
   85.165556  308.306065    0.651371    3.987724
   85.166432  308.290862    0.386464    1.495734
   85.167308  308.275647    0.276048    0.587898
   85.168185  308.260405    0.418357    1.795926
   85.169061  308.245138    0.479509    2.371276
   85.169938  308.229862    0.198147    0.421991
   85.170814  308.214579    0.396844    1.593783
   85.171691  308.199306    0.476678    2.344883
   85.172567  308.184041    0.521729    2.768775
   85.173444  308.168772    0.271568    0.578355
   85.174320  308.153499    0.367341    1.316561
   85.175195  308.138214    0.338588    1.046148
   85.176071  308.122920    0.355289    1.203339
   85.176946  308.107618    0.503372    2.596487
   85.177821  308.092310    0.393438    1.562378
   85.178695  308.076994    0.096208    0.204893
   85.179569  308.061672    0.000000    0.000000
   85.180443  308.046348    0.075109    0.159960
   85.826592  255.848157    0.000000    0.000000
   85.826131  255.827826    0.089028    0.189603
   85.809055  255.097931    0.000000    0.000000
   85.808573  255.077761    0.068933    0.146807
   85.806644  254.996993    0.006090    0.012971
   85.806160  254.976803    0.030103    0.064111
   85.804212  254.896116    0.323541    1.119166
   85.803722  254.875966    0.068145    0.145127
   85.803230  254.855819    0.283223    0.740047
   85.802737  254.835669    0.269574    0.611734
   85.800260  254.734937    0.201390    0.428900
   85.799763  254.714806    0.030025    0.063944
   85.799266  254.694677    0.149259    0.317876
   85.797778  254.634286    0.062704    0.133540
   85.797282  254.614165    0.036039    0.076752
   85.796785  254.594051    0.115228    0.245401
   85.795291  254.533780    0.256276    0.545790
   85.794792  254.513728    0.222581    0.474030
   85.794293  254.493697    0.217312    0.462809
   85.793793  254.473678    0.197448    0.420504
   85.793293  254.453666    0.059083    0.125828
   85.792794  254.433651    0.250183    0.532813
   85.791298  254.373614    0.377983    1.633457
   85.790799  254.353621    0.392073    1.766096
   85.790301  254.333642    0.308232    0.977457
   85.789802  254.313669    0.380924    1.661371
   85.789301  254.293702    0.363231    1.495014
   85.788799  254.273745    0.253659    0.540215
   85.788295  254.253792    0.411083    1.945333
   85.787789  254.233837    0.280035    0.712603
   85.787282  254.213874    0.247418    0.526925
   85.786774  254.193886    0.333147    1.212407
   85.786265  254.173879    0.350663    1.377262
   85.785755  254.153863    0.378164    1.636059
   85.785245  254.133844    0.395643    1.800568
   85.784734  254.113829    0.337120    1.250111
   85.784222  254.093818    0.350110    1.372392
   85.783709  254.073812    0.296487    0.868019
   85.783196  254.053809    0.306566    0.962921
   85.782682  254.033814    0.391611    1.763053
   85.782167  254.013825    0.324803    1.134641
   85.781652  253.993842    0.356979    1.437416
   85.781136  253.973866    0.312734    1.021269
   85.780621  253.953893    0.356848    1.436353
   85.780106  253.933927    0.375705    1.613833
   85.779591  253.913974    0.457399    2.382435
   85.779075  253.894036    0.298222    0.885088
   85.778561  253.874132    0.337289    1.252693
   85.778046  253.854254    0.372129    1.580529
   85.777531  253.834391    0.420001    2.030961
   85.777016  253.814538    0.284854    0.759671
   85.776500  253.794682    0.393069    1.777772
   85.775985  253.774824    0.370152    1.562265
   85.775469  253.754971    0.526773    3.035732
   85.774952  253.735124    0.307867    0.976497
   85.774434  253.715292    0.316967    1.062183
   85.773915  253.695469    0.395560    1.801619
   85.773396  253.675648    0.305530    0.954768
   85.772876  253.655824    0.331448    1.198668
   85.772357  253.635983    0.380904    1.663998
   85.771838  253.616128    0.319852    1.089753
   85.771318  253.596269    0.291269    0.820943
   85.770799  253.576412    0.307647    0.975098
   85.770278  253.556559    0.336806    1.249498
   85.769756  253.536714    0.368454    1.547301
   85.769234  253.516876    0.306909    0.968413
   85.768710  253.497048    0.378004    1.637310
   85.768185  253.477244    0.349640    1.370565
   85.767658  253.457456    0.293889    0.846179
   85.767131  253.437674    0.481328    2.609562
   85.766603  253.417889    0.294337    0.850566
   85.766076  253.398079    0.383638    1.690735
   85.765549  253.378250    0.365002    1.515499
   85.765022  253.358421    0.472493    2.526791
   85.764494  253.338600    0.510464    2.884080
   85.763964  253.318810    0.388512    1.736919
   85.763432  253.299045    0.376959    1.628316
   85.762900  253.279291    0.310490    1.003113
   85.762367  253.259541    0.360313    1.471897
   85.761834  253.239788    0.393683    1.785901
   85.761301  253.220029    0.531375    3.081297
   85.760768  253.200269    0.350715    1.381853
   85.760234  253.180511    0.235996    0.502598
   85.759167  253.140983    0.447299    2.290710
   85.758633  253.121227    0.393562    1.785267
   85.758098  253.101484    0.748712    5.126366
   85.757028  253.062091    0.558369    3.335914
   85.756492  253.042421    0.429497    2.123657
   85.755957  253.022758    0.375972    1.620211
   85.755422  253.003090    0.412126    1.960408
   85.754888  252.983418    0.368475    1.549853
   85.753817  252.944081    0.362485    1.493670
   85.753281  252.924419    0.368980    1.554860
   85.752205  252.885108    0.355569    1.428865
   85.751665  252.865462    0.405165    1.895514
   85.751124  252.845830    0.445468    2.274737
   85.750581  252.826207    0.459954    2.411092
   85.750038  252.806585    0.329961    1.188294
   85.749494  252.786961    0.406540    1.908784
   85.748951  252.767317    0.347379    1.352313
   85.748409  252.747659    0.411241    1.953170
   85.747866  252.728000    0.357849    1.450978
   85.747323  252.708343    0.411296    1.953855
   85.746777  252.688699    0.352246    1.398439
   85.746231  252.669068    0.332448    1.212278
   85.745683  252.649447    0.488518    2.680564
   85.745135  252.629837    0.342482    1.306832
   85.744587  252.610243    0.423203    2.066285
   85.744040  252.590664    0.465153    2.461013
   85.743491  252.571092    0.437778    2.203569
   85.742942  252.551526    0.396398    1.814373
   85.742393  252.531958    0.723793    4.894377
   85.741842  252.512388    0.425256    2.086017
   85.741292  252.492818    0.588008    3.617164
   85.740741  252.473247    0.538266    3.149314
   85.740191  252.453669    0.396237    1.813279
   85.739642  252.434087    0.457530    2.389969
   85.739092  252.414507    0.422777    2.063119
   85.738542  252.394935    0.434136    2.170065
   85.737436  252.355831    0.236544    0.503765
   85.736882  252.336298    0.411008    1.952735
   85.736328  252.316778    0.570351    3.451815
   85.735773  252.297277    0.370482    1.571659
   85.735218  252.277792    0.249619    0.531611
   85.734663  252.258316    0.350413    1.383038
   85.734109  252.238845    0.358513    1.459314
   85.733555  252.219366    0.355789    1.433773
   85.733003  252.199882    0.366025    1.530156
   85.732449  252.180401    0.250649    0.533805
   85.731896  252.160928    0.218554    0.465453
   85.731341  252.141470    0.377245    1.635949
   85.730784  252.122025    0.341647    1.301149
   85.730226  252.102588    0.466387    2.474707
   85.729668  252.083156    0.359538    1.469629
   85.729108  252.063733    0.383987    1.699711
   85.728547  252.044314    0.394280    1.796622
   85.727985  252.024890    0.635816    4.068913
   85.727422  252.005458    0.383915    1.699280
   85.726859  251.985997    0.350637    1.386306
   85.726296  251.966514    0.388890    1.746253
   85.725732  251.947024    0.354544    1.423229
   85.725167  251.927533    0.434552    2.175973
   85.724601  251.908054    0.341097    1.296900
   85.724033  251.888586    0.273582    0.661841
   85.723465  251.869127    0.379948    1.662545
   85.722897  251.849674    0.461387    2.428753
   85.722328  251.830225    0.338036    1.268434
   85.721759  251.810783    0.409752    1.943179
   85.721191  251.791352    0.348191    1.364137
   85.720621  251.771938    0.360908    1.483849
   85.720051  251.752551    0.365023    1.522644
   85.719481  251.733189    0.426677    2.102728
   85.718911  251.713840    0.394725    1.802224
   85.718341  251.694501    0.389405    1.752260
   85.717771  251.675161    0.398289    1.835921
   85.717203  251.655822    0.420873    2.048458
   85.716635  251.636489    0.287242    0.791436
   85.716067  251.617167    0.184922    0.393828
   85.715499  251.597864    0.183500    0.390799
   85.714930  251.578578    0.142012    0.302442
   85.714361  251.559300    0.121692    0.259166
   85.713790  251.540025    0.211895    0.451272
   85.713217  251.520743    0.144097    0.306883
   85.712643  251.501455    0.223621    0.476244
   85.712067  251.482171    0.144549    0.307844
   85.710915  251.443640    0.241064    0.513391
   85.710341  251.424402    0.179363    0.381988
   85.709766  251.405164    0.356436    1.443359
   85.709190  251.385918    0.345453    1.340119
   85.708613  251.366636    0.256029    0.545263
   85.707454  251.328012    0.301379    0.925749
   85.706873  251.308702    0.302787    0.939079
   85.706293  251.289422    0.402466    1.876879
   85.705712  251.270166    0.333702    1.230077
   85.705131  251.250922    0.274756    0.675632
   85.704549  251.231687    0.313846    1.043443
   85.703966  251.212453    0.316923    1.072479
   85.702214  251.154774    0.410530    1.953322
   85.701629  251.135565    0.332773    1.221910
   85.701044  251.116363    0.195767    0.416923
   85.700459  251.097166    0.382033    1.685485
   85.699874  251.077970    0.357331    1.453187
   85.699289  251.058762    0.360436    1.482478
   85.698704  251.039549    0.255610    0.544370
   85.698118  251.020341    0.117818    0.250916
   85.697532  251.001145    0.161990    0.344989
   85.696945  250.981976    0.195334    0.416001
   85.696358  250.962830    0.176802    0.376535
   85.695181  250.924570    0.178649    0.380467
   85.694592  250.905441    0.175107    0.372924
   85.694004  250.886310    0.373321    1.604436
   85.693415  250.867186    0.308663    0.996260
   85.692826  250.848072    0.340117    1.292244
   85.692236  250.828978    0.240450    0.512085
   85.691647  250.809902    0.343638    1.325529
   85.691057  250.790834    0.346686    1.354288
   85.690466  250.771770    0.271783    0.649734
   85.689874  250.752707    0.401080    1.866156
   85.689281  250.733640    0.415504    2.001930
   85.688687  250.714569    0.311792    1.026358
   85.688093  250.695492    0.416531    2.011753
   85.687498  250.676395    0.325191    1.152576
   85.686904  250.657282    0.324631    1.147392
   85.686308  250.638166    0.352134    1.406203
   85.685713  250.619050    0.253887    0.540702
   85.685117  250.599948    0.501627    2.812696
   85.684520  250.580858    0.372521    1.598238
   85.683922  250.561772    0.471281    2.527392
   85.683324  250.542689    0.346537    1.353963
   85.682723  250.523602    0.311746    1.026752
   85.682120  250.504513    0.404456    1.898993
   85.681517  250.485429    0.341536    1.307168
   85.680913  250.466352    0.331955    1.217119
   85.680310  250.447287    0.308070    0.992505
   85.679708  250.428236    0.421727    2.061793
   85.679106  250.409196    0.410410    1.955416
   85.678504  250.390168    0.325865    1.160152
   85.677901  250.371155    0.309805    1.009155
   85.677298  250.352155    0.467349    2.491308
   85.676694  250.333167    0.325078    1.152997
   85.676089  250.314190    0.456097    2.385622
   85.675485  250.295220    0.318559    1.091833
   85.674880  250.276260    0.558411    3.348284
   85.674275  250.257311    0.354991    1.434729
   85.673670  250.238375    0.388522    1.750247
   85.673066  250.219460    0.353874    1.424382
   85.672462  250.200562    0.383493    1.703103
   85.671859  250.181673    0.296994    0.889461
   85.671255  250.162787    0.388821    1.753389
   85.670650  250.143901    0.389691    1.761655
   85.670044  250.125011    0.314541    1.054774
   85.669437  250.106114    0.392701    1.790132
   85.668829  250.087209    0.818287    5.793850
   85.668219  250.068277    0.332941    1.228115
   85.667608  250.049327    0.314720    1.056789
   85.666996  250.030374    0.331686    1.216482
   85.666383  250.011424    0.315822    1.067330
   85.665770  249.992499    0.385723    1.724993
   85.665157  249.973593    0.517686    2.966500
   85.663930  249.935799    0.410390    1.957297
   85.663317  249.916890    0.417276    2.022159
   85.662704  249.897973    0.340579    1.300733
   85.662091  249.879058    0.281792    0.747788
   85.661477  249.860149    0.279805    0.729179
   85.660862  249.841251    0.332442    1.224436
   85.660246  249.822365    0.373655    1.612223
   85.659628  249.803494    0.498675    2.788416
   85.659010  249.784639    0.442303    2.258195
   85.658390  249.765815    0.477702    2.591285
   85.657769  249.747017    0.508646    2.882475
   85.657147  249.728227    0.325147    1.156318
   85.656526  249.709444    0.268893    0.627204
   85.655907  249.690642    0.336820    1.266299
   85.655290  249.671827    0.582599    3.578508
   85.654673  249.653016    0.390750    1.773808
   85.654057  249.634210    0.380640    1.678778
   85.653440  249.615426    0.310481    1.018853
   85.652823  249.596661    0.441817    2.254466
   85.652205  249.577906    0.262879    0.571216
   85.651586  249.559158    0.436778    2.207227
   85.650966  249.540410    0.455156    2.380198
   85.649721  249.502923    0.340341    1.300266
   85.649097  249.484186    0.309060    1.006073
   85.648474  249.465461    0.265902    0.600158
   85.647850  249.446742    0.300023    0.921233
   85.647226  249.428023    0.360138    1.486836
   85.646602  249.409299    0.364444    1.527429
   85.645978  249.390558    0.461503    2.440581
   85.645354  249.371802    0.338662    1.285059
   85.644729  249.353042    0.525500    3.042788
   85.644104  249.334282    0.273925    0.676224
   85.643475  249.315527    0.172794    0.367998
   85.642845  249.296780    0.370925    1.588901
   85.642214  249.278042    0.433953    2.181917
   85.641582  249.259312    0.515644    2.950491
   85.640948  249.240602    0.305284    0.971646
   85.640314  249.221907    0.296203    0.886306
   85.639680  249.203219    0.278756    0.722255
   85.639045  249.184535    0.324920    1.156625
   85.638410  249.165834    0.267144    0.613190
   85.637776  249.147125    0.589732    3.647967
   85.637142  249.128423    0.441096    2.249782
   85.635874  249.091076    0.286747    0.797935
   85.635240  249.072446    0.216086    0.460196
   85.634605  249.053835    0.282787    0.760854
   85.633970  249.035240    0.273479    0.673373
   85.633333  249.016670    0.256754    0.546807
   85.632696  248.998116    0.234314    0.499017
   85.632058  248.979566    0.272202    0.661613
   85.631420  248.961018    0.544651    3.224712
   85.630784  248.942448    0.353956    1.430862
   85.630148  248.923861    0.289149    0.821288
   85.629512  248.905271    0.319191    1.103986
   85.628876  248.886680    0.258275    0.550046
   85.628240  248.868095    0.276290    0.700573
   85.627603  248.849516    0.312074    1.037287
   85.626966  248.830944    0.265459    0.598850
   85.626329  248.812377    0.352520    1.417940
   85.625691  248.793821    0.388556    1.757025
   85.625052  248.775275    0.336391    1.266377
   85.624413  248.756733    0.283805    0.771767
   85.623773  248.738194    0.313366    1.049945
   85.623130  248.719650    0.195334    0.416000
   85.622486  248.701103    0.299341    0.918173
   85.621841  248.682561    0.302675    0.949623
   85.621196  248.664024    0.195725    0.416834
   85.620551  248.645504    0.223131    0.475200
   85.619907  248.626997    0.232157    0.494423
   85.619262  248.608495    0.244363    0.520419
   85.618618  248.589997    0.144330    0.307378
   85.617973  248.571493    0.194097    0.413367
   85.617328  248.552987    0.206468    0.439713
   85.616682  248.534484    0.256896    0.547110
   85.616035  248.515985    0.194086    0.413343
   85.615384  248.497495    0.226284    0.481915
   85.614731  248.479014    0.140684    0.299614
   85.614077  248.460543    0.220855    0.470353
   85.613422  248.442081    0.217093    0.462341
   85.612770  248.423634    0.240241    0.511640
   85.612119  248.405201    0.281971    0.756105
   85.611468  248.386773    0.305575    0.978243
   85.610817  248.368348    0.362086    1.509945
   85.610167  248.349917    0.225879    0.481054
   85.609516  248.331479    0.289321    0.825582
   85.608865  248.313044    0.264311    0.590385
   85.608214  248.294612    0.283636    0.772274
   85.607560  248.276185    0.223620    0.476243
   85.606906  248.257766    0.321701    1.130530
   85.606250  248.239355    0.266633    0.612569
   85.605595  248.220957    0.277941    0.719030
   85.604942  248.202584    0.223993    0.477037
   85.604289  248.184231    0.274371    0.685612
   85.603636  248.165887    0.241858    0.515084
   85.602983  248.147546    0.284823    0.784106
   85.602329  248.129194    0.237633    0.506085
   85.601674  248.110833    0.358640    1.478696
   85.601018  248.092473    0.208487    0.444014
   85.600362  248.074116    0.334735    1.253978
   85.599706  248.055769    0.162088    0.345197
   85.599050  248.037431    0.209118    0.445357
   85.598392  248.019096    0.212174    0.451866
   85.597733  248.000763    0.122787    0.261499
   85.597071  247.982424    0.233673    0.497651
   85.596407  247.964083    0.227484    0.484471
   85.595742  247.945746    0.249932    0.532278
   85.595076  247.927415    0.062763    0.133665
   85.594412  247.909096    0.119601    0.254714
   85.593083  247.872491    0.005364    0.011424
   85.591090  247.817630    0.572018    3.487349
   85.590425  247.799356    0.321240    1.128277
   85.589760  247.781091    0.217368    0.462927
   85.588428  247.744610    0.162208    0.345452
   85.587761  247.726388    0.119005    0.253443
   85.587094  247.708174    0.163619    0.348459
   85.586428  247.689969    0.154538    0.329118
   85.585761  247.671771    0.147167    0.313422
   85.585093  247.653575    0.221178    0.471041
   85.584426  247.635380    0.174583    0.371807
   85.583758  247.617177    0.163381    0.347950
   85.583090  247.598968    0.336085    1.268838
   85.582421  247.580760    0.184440    0.392800
   85.581752  247.562555    0.230820    0.491576
   85.581082  247.544360    0.229772    0.489345
   85.580411  247.526174    0.181116    0.385721
   85.579740  247.507992    0.194926    0.415133
   85.579069  247.489815    0.186142    0.396426
   85.578397  247.471638    0.151266    0.322149
   85.577726  247.453462    0.195532    0.416423
   85.577054  247.435290    0.308883    1.013690
   85.576382  247.417123    0.174046    0.370664
   85.575709  247.398959    0.275494    0.699752
   85.574362  247.362654    0.252908    0.538617
   85.573686  247.344521    0.128232    0.273094
   85.573009  247.326417    0.263186    0.584306
   85.572330  247.308337    0.390420    1.781316
   85.571651  247.290265    0.277373    0.717928
   85.570971  247.272200    0.193270    0.411606
   85.570291  247.254125    0.173034    0.368510
   85.569612  247.236042    0.133933    0.285237
   85.568932  247.217957    0.159756    0.340231
   85.568252  247.199871    0.171823    0.365929
   85.567571  247.181780    0.252408    0.537552
   85.566890  247.163687    0.254862    0.542777
   85.566208  247.145598    0.308925    1.015412
   85.565525  247.127516    0.271550    0.663898
   85.564843  247.109449    0.374855    1.635804
   85.564160  247.091398    0.088907    0.189344
   85.563477  247.073358    0.262087    0.575119
   85.562111  247.037307    0.158310    0.337151
   85.561428  247.019297    0.213571    0.454840
   85.560746  247.001291    0.261590    0.570778
   85.560063  246.983287    0.249774    0.531941
   85.559379  246.965271    0.160103    0.340969
   85.558694  246.947247    0.173791    0.370122
   85.558009  246.929225    0.168189    0.358192
   85.557323  246.911210    0.186901    0.398041
   85.555954  246.875221    0.168887    0.359678
   85.555269  246.857246    0.171793    0.365866
   85.554583  246.839279    0.195301    0.415931
   85.553895  246.821328    0.214343    0.456485
   85.553206  246.803389    0.368484    1.577274
   85.552517  246.785456    0.304369    0.974204
   85.551827  246.767527    0.161280    0.343476
   85.551137  246.749592    0.280178    0.746802
   85.550448  246.731654    0.344418    1.351211
   85.549759  246.713719    0.254443    0.541886
   85.549069  246.695787    0.352193    1.424511
   85.548378  246.677861    0.231032    0.492026
   85.547687  246.659944    0.249087    0.530478
   85.546994  246.642032    0.193087    0.411216
   85.546301  246.624129    0.267499    0.628097
   85.544912  246.588348    0.144837    0.308459
   85.544216  246.570470    0.299357    0.928043
   85.543520  246.552595    0.098389    0.209539
   85.542824  246.534727    0.083334    0.177476
   85.541432  246.498996    0.000000    0.000000
   85.540735  246.481127    0.054779    0.116662
   85.539339  246.445349    0.170683    0.363503
   85.538639  246.427456    0.157724    0.335904
   85.537940  246.409570    0.197579    0.420782
   85.537240  246.391701    0.207167    0.441202
   85.536540  246.373851    0.165034    0.351473
   85.535839  246.356013    0.284761    0.791746
   85.535138  246.338184    0.320819    1.131040
   85.534438  246.320362    0.277505    0.723656
   85.533737  246.302548    0.205540    0.437738
   85.533036  246.284745    0.220538    0.469678
   85.532335  246.266954    0.235446    0.501427
   85.531634  246.249180    0.215243    0.458401
   85.530932  246.231422    0.208532    0.444108
   85.530230  246.213674    0.315311    1.079823
   85.529529  246.195935    0.277051    0.719984
   85.528828  246.178199    0.343438    1.344589
   85.528128  246.160467    0.259045    0.551687
   85.527428  246.142741    0.129434    0.275656
   85.526728  246.125019    0.154905    0.329900
   85.526026  246.107307    0.255567    0.544280
   85.525323  246.089600    0.347945    1.387410
   85.524620  246.071895    0.182895    0.389510
   85.523915  246.054192    0.286147    0.806223
   85.523208  246.036483    0.268085    0.636396
   85.522500  246.018772    0.472712    2.561469
   85.521790  246.001061    0.293512    0.875766
   85.521080  245.983350    0.249614    0.531602
   85.520369  245.965643    0.238311    0.507529
   85.519658  245.947938    0.240022    0.511174
   85.518946  245.930234    0.224085    0.477231
   85.518235  245.912530    0.225442    0.480121
   85.517524  245.894817    0.436063    2.217297
   85.516814  245.877099    0.247752    0.527635
   85.516104  245.859388    0.217813    0.463875
   85.515392  245.841689    0.302154    0.957819
   85.514678  245.824020    0.252554    0.537863
   85.513961  245.806377    0.202248    0.430726
   85.513243  245.788747    0.180529    0.384471
   85.512525  245.771124    0.417992    2.047882
   85.511809  245.753499    0.174904    0.372491
   85.511093  245.735872    0.229360    0.488467
   85.510378  245.718248    0.162021    0.345056
   84.247021  226.866573    0.081522    0.173616
   84.149192  225.943561    0.145245    0.309328
   84.148059  225.933131    0.302367    1.080667
   84.142396  225.881008    0.185771    0.395635
   84.141264  225.870611    0.259991    0.682530
   84.140133  225.860230    0.231972    0.494029
   84.139001  225.849858    0.217345    0.462877
   84.137870  225.839495    0.092667    0.197352
   84.136739  225.829140    0.071332    0.151914
   84.134475  225.808445    0.020271    0.043170
   84.129942  225.767031    0.486711    2.816203
   84.128807  225.756674    0.304955    1.106449
   84.127671  225.746326    0.323403    1.280079
   84.125396  225.725643    0.223500    0.475987
   84.124258  225.715299    0.138278    0.294490
   84.121978  225.694576    0.469923    2.658864
   84.120838  225.684209    0.281234    0.883887
   84.119697  225.673844    0.336073    1.399867
   84.118556  225.663487    0.252911    0.617617
   84.117415  225.653138    0.246272    0.555246
   84.116274  225.642796    0.204070    0.434607
   84.115133  225.632461    0.263487    0.717366
   84.113991  225.622140    0.063288    0.134784
   84.112849  225.611829    0.216791    0.461697
   84.111708  225.601524    0.369167    1.711787
   84.110566  225.591222    0.175750    0.374294
   84.109426  225.580914    0.266257    0.743838
   84.108285  225.570603    0.182928    0.389581
   84.107145  225.560297    0.274496    0.821520
   84.106005  225.549999    0.284879    0.919279
   84.104866  225.539723    0.152362    0.324483
   84.103726  225.529464    0.339591    1.434146
   84.102587  225.519212    0.339576    1.434089
   84.101449  225.508966    0.438036    2.360416
   84.100312  225.498714    0.382077    1.834073
   84.099175  225.488459    0.299582    1.058100
   84.098038  225.478210    0.115789    0.246595
   84.096901  225.467967    0.208338    0.443695
   84.095764  225.457742    0.350545    1.537776
   84.094626  225.447530    0.240087    0.511312
   84.093487  225.437325    0.220672    0.469964
   84.092348  225.427126    0.196812    0.419149
   84.091209  225.416930    0.231881    0.493835
   84.090069  225.406735    0.132100    0.281333
   84.088928  225.396536    0.105384    0.224435
   84.087786  225.386329    0.257927    0.667081
   84.086643  225.376094    0.331736    1.361511
   84.085499  225.365837    0.249376    0.586801
   84.084355  225.355579    0.178913    0.381030
   84.083209  225.345323    0.151289    0.322198
   84.082062  225.335093    0.157704    0.335861
   84.080915  225.324884    0.397496    1.980557
   84.079767  225.314683    0.166930    0.355509
   84.078619  225.304489    0.086991    0.185265
   84.077471  225.294289    0.233420    0.497112
   84.076323  225.284087    0.349317    1.527656
   84.075175  225.273891    0.900923    6.716888
   84.074027  225.263700    0.033105    0.070503
   84.072880  225.253524    0.302729    1.089641
   84.071733  225.243360    0.464122    2.608001
   84.070587  225.233204    0.210557    0.448422
   84.069441  225.223055    0.277613    0.853621
   84.068297  225.212911    0.224891    0.478949
   84.066011  225.192637    0.167069    0.355806
   84.064868  225.182506    0.082673    0.176069
   84.063723  225.172378    0.182681    0.389055
   84.062578  225.162252    0.212386    0.452317
   84.060288  225.142009    0.215195    0.458299
   84.059144  225.131890    0.169830    0.361686
   84.056856  225.111658    0.164985    0.351367
   84.055711  225.101546    0.140955    0.300191
   84.054567  225.091441    0.169524    0.361034
   84.053421  225.081339    0.149653    0.318716
   84.051128  225.061135    0.205484    0.437619
   84.049980  225.051020    0.216909    0.461950
   84.048830  225.040896    0.127274    0.271055
   84.047680  225.030773    0.154784    0.329641
   84.046529  225.020657    0.165542    0.352555
   84.045379  225.010557    0.171188    0.364579
   84.044228  225.000474    0.075457    0.160700
   84.043077  224.990399    0.116162    0.247389
   84.041926  224.980330    0.118979    0.253388
   84.040775  224.970262    0.200943    0.427948
   84.039625  224.960195    0.251980    0.614658
   84.038474  224.950133    0.210057    0.447357
   84.037323  224.940076    0.271174    0.795384
   84.036171  224.930027    0.390334    1.916448
   84.035017  224.919986    0.259539    0.686096
   84.033864  224.909948    0.234664    0.499762
   84.032710  224.899916    0.214778    0.457411
   84.031556  224.889887    0.246930    0.567733
   84.030404  224.879861    0.122122    0.260082
   84.029251  224.869837    0.152359    0.324477
   84.028099  224.859814    0.164633    0.350618
   84.026946  224.849787    0.099954    0.212871
   84.024642  224.829735    0.149714    0.318845
   84.023490  224.819716    0.213156    0.453958
   84.021186  224.799707    0.222167    0.473148
   84.018883  224.779729    0.257341    0.666577
   84.017732  224.769751    0.105988    0.225722
   84.016582  224.759779    0.164674    0.350704
   84.015433  224.749813    0.167684    0.357116
   84.013132  224.729897    0.405270    2.058609
   84.011981  224.719946    0.298069    1.050216
   84.010829  224.709998    0.145970    0.310872
   84.009677  224.700055    0.194912    0.415103
   84.008525  224.690117    0.184896    0.393772
   84.007372  224.680181    0.245922    0.559976
   84.006219  224.670244    0.093993    0.200177
   84.005065  224.660302    0.158814    0.338226
   84.001592  224.630392    0.149195    0.317740
   84.000432  224.620420    0.126935    0.270332
   83.999271  224.610465    0.132703    0.282618
   83.998110  224.600527    0.208500    0.444041
   83.996949  224.590595    0.398254    1.993780
   83.995788  224.580671    0.116591    0.248302
   83.994627  224.570747    0.068373    0.145614
   83.993468  224.560826    0.549180    3.413848
   83.992308  224.550911    0.219837    0.468185
   83.991149  224.541003    0.339058    1.437333
   83.989989  224.531102    0.619426    4.074932
   83.988829  224.521211    0.396409    1.977022
   83.987669  224.511326    0.159937    0.340617
   83.986509  224.501447    0.079077    0.168411
   83.985351  224.491576    0.267528    0.764851
   83.984194  224.481710    0.310493    1.169122
   83.983037  224.471850    0.318628    1.245741
   83.981881  224.461993    0.302762    1.096570
   83.980725  224.452139    0.302899    1.097937
   83.979570  224.442287    0.084037    0.178973
   83.978415  224.432438    0.171174    0.364547
   83.977259  224.422592    0.153316    0.326516
   83.976103  224.412745    0.114174    0.243156
   83.974947  224.402900    0.186302    0.396766
   83.973790  224.393056    0.111385    0.237215
   83.972632  224.383214    0.158475    0.337502
   83.971472  224.373374    0.156810    0.333957
   81.980888  212.593216    0.150927    0.321427
   81.979547  212.587581    0.233120    0.575145
   81.978206  212.581950    0.155426    0.331010
   81.976865  212.576325    0.259417    0.822695
   81.975523  212.570708    0.205532    0.437721
   81.974180  212.565109    0.175570    0.373910
   81.972836  212.559523    0.170209    0.362493
   81.971492  212.553942    0.262796    0.854824
   81.970148  212.548362    0.199052    0.423920
   81.968806  212.542774    0.128311    0.273263
   81.967464  212.537178    0.143519    0.305650
   81.966123  212.531581    0.184604    0.393149
   81.964781  212.525983    0.114535    0.243925
   81.963438  212.520385    0.205509    0.437670
   81.962095  212.514788    0.118961    0.253350
   81.960751  212.509194    0.114984    0.244880
   81.959407  212.503603    0.053213    0.113327
   81.958062  212.498021    0.114822    0.244535
   81.956718  212.492447    0.057798    0.123092
   81.955374  212.486875    0.270571    0.929000
   81.954030  212.481303    0.192010    0.408923
   81.952685  212.475725    0.249944    0.735121
   81.951340  212.470143    0.232918    0.575038
   81.949996  212.464560    0.195284    0.415896
   81.948651  212.458976    0.272127    0.944066
   81.947308  212.453393    0.103579    0.220591
   81.945965  212.447811    0.187840    0.400042
   81.944623  212.442229    0.205240    0.437099
   81.943281  212.436647    0.315269    1.350258
   81.941939  212.431063    0.235194    0.597046
   81.940597  212.425479    0.313272    1.331643
   81.939255  212.419897    0.240355    0.645774
   81.937913  212.414320    0.229192    0.540840
   81.936569  212.408754    0.128140    0.272898
   81.935225  212.403198    0.274347    0.965798
   81.933881  212.397647    0.139780    0.297688
   81.932536  212.392100    0.180195    0.383759
   81.929849  212.381015    0.231703    0.564976
   81.928506  212.375475    0.195423    0.416191
   81.927163  212.369936    0.240989    0.652501
   81.925820  212.364394    0.203857    0.434153
   81.924477  212.358851    0.180754    0.384951
   81.923134  212.353307    0.102273    0.217811
   81.921790  212.347764    0.167784    0.357329
   81.919101  212.336677    0.180397    0.384189
   81.917755  212.331134    0.192812    0.410629
   81.916409  212.325592    0.196902    0.419341
   81.915062  212.320051    0.220364    0.469308
   81.913715  212.314512    0.161686    0.344342
   81.912367  212.308976    0.168738    0.359359
   81.911021  212.303445    0.334554    1.533726
   81.908331  212.292409    0.264946    0.879069
   81.906986  212.286899    0.342950    1.612969
   81.905641  212.281389    0.130882    0.278738
   81.904295  212.275875    0.164916    0.351220
   81.901598  212.264841    0.137333    0.292477
   81.900250  212.259324    0.140132    0.298437
   81.898903  212.253812    0.226400    0.517052
   81.897556  212.248302    0.193730    0.412584
   81.896209  212.242794    0.181094    0.385675
   81.894863  212.237286    0.230414    0.555070
   81.893516  212.231777    0.317081    1.370456
   81.892168  212.226266    0.380426    1.966454
   81.890821  212.220757    0.192882    0.410780
   81.889474  212.215250    0.290983    1.125199
   81.888129  212.209747    0.325558    1.450547
   81.886783  212.204247    0.236586    0.613644
   81.885438  212.198752    0.301306    1.222566
   81.884093  212.193262    0.348552    1.667115
   81.882748  212.187782    0.239124    0.637769
   81.881402  212.182309    0.271472    0.942171
   81.880056  212.176840    0.268980    0.918807
   81.877367  212.165901    0.233031    0.580797
   81.876024  212.160428    0.340271    1.589722
   81.874681  212.154957    0.288424    1.102065
   81.873338  212.149488    0.169725    0.361462
   81.871994  212.144027    0.218325    0.464966
   81.870649  212.138574    0.187658    0.399654
   81.869304  212.133122    0.174006    0.370579
   81.867958  212.127670    0.226427    0.519266
   81.866610  212.122213    0.196880    0.419295
   81.865262  212.116752    0.236362    0.612889
   81.863912  212.111289    0.228461    0.538650
   81.862562  212.105823    0.346005    1.644513
   81.861212  212.100355    0.307576    1.283084
   81.859861  212.094885    0.149176    0.317698
   81.858510  212.089415    0.175806    0.374412
   81.857159  212.083946    0.297462    1.188191
   81.855807  212.078479    0.205824    0.438341
   81.854455  212.073016    0.221179    0.471044
   81.853104  212.067556    0.177566    0.378162
   81.851752  212.062099    0.343680    1.623316
   81.850401  212.056646    0.259190    0.828581
   81.849050  212.051196    0.257485    0.812625
   81.847700  212.045751    0.204999    0.436585
   81.846351  212.040310    0.181547    0.386639
   81.845004  212.034875    0.135884    0.289392
   81.842315  212.024016    0.179398    0.382062
   81.840971  212.018591    0.146094    0.311136
   81.839625  212.013168    0.260449    0.841102
   81.838279  212.007747    0.236678    0.617563
   81.835584  211.996905    0.220874    0.470393
   81.834237  211.991477    0.166739    0.355103
   81.832889  211.986045    0.170608    0.363343
   81.831541  211.980614    0.173079    0.368605
   81.830193  211.975186    0.148723    0.316734
   81.828844  211.969771    0.266367    0.897454
   81.827495  211.964365    0.252243    0.764664
   81.826146  211.958963    0.304876    1.259884
   81.824796  211.953560    0.198594    0.422945
   81.823446  211.948152    0.267576    0.909162
   81.822095  211.942739    0.294824    1.165569
   81.820744  211.937325    0.321354    1.415232
   81.819393  211.931910    0.243070    0.678870
   81.818040  211.926496    0.257145    0.811361
   81.816688  211.921084    0.337589    1.568217
   81.815335  211.915673    0.266635    0.900809
   81.813982  211.910268    0.255405    0.795244
   81.812629  211.904873    0.204859    0.436287
   81.811278  211.899486    0.208234    0.443474
   81.808574  211.888713    0.251733    0.761041
   81.807223  211.883315    0.388152    2.044465
   81.805871  211.877908    0.253404    0.776927
   81.803167  211.867092    0.230746    0.563938
   81.801816  211.861689    0.261319    0.851631
   81.800466  211.856292    0.314840    1.355205
   81.799116  211.850899    0.199036    0.423886
   81.797765  211.845510    0.224503    0.505546
   81.796415  211.840130    0.242942    0.679092
   81.795063  211.834756    0.249719    0.742928
   81.793712  211.829386    0.299869    1.214787
   81.792360  211.824018    0.296683    1.184903
   81.791008  211.818650    0.159428    0.339533
   81.789656  211.813281    0.212450    0.452452
   81.788305  211.807913    0.184662    0.393273
   81.786954  211.802546    0.345536    1.644807
   81.785603  211.797183    0.339585    1.588909
   81.784254  211.791821    0.308826    1.299634
   81.782905  211.786461    0.455593    2.680404
   81.781556  211.781102    0.251366    0.759252
   81.780207  211.775739    0.438770    2.522307
   81.778859  211.770375    0.225747    0.518413
   81.777510  211.765014    0.483433    2.942636
   81.776160  211.759657    0.281456    1.042649
   81.774809  211.754313    0.216201    0.460441
   81.773457  211.748979    0.199289    0.424425
   81.772103  211.743649    0.225922    0.520478
   81.770749  211.738318    0.311456    1.325204
   81.769394  211.732983    0.149993    0.319439
   81.768038  211.727642    0.222835    0.491682
   81.766683  211.722300    0.234377    0.600344
   81.765327  211.716957    0.442628    2.559518
   81.763971  211.711613    0.291929    1.141923
   81.762615  211.706270    0.145383    0.309621
   81.761260  211.700927    0.149544    0.318482
   81.759904  211.695587    0.260846    0.849768
   81.758550  211.690251    0.356780    1.752335
   81.757196  211.684920    0.330713    1.507198
   81.755842  211.679591    0.224406    0.507213
   81.754489  211.674265    0.166357    0.354289
   81.753136  211.668941    0.217081    0.462316
   81.751783  211.663619    0.294677    1.168527
   81.750431  211.658300    0.209971    0.447174
   81.749078  211.652984    0.412512    2.277206
   81.747725  211.647671    0.347998    1.670379
   81.746373  211.642362    0.266345    0.902331
   81.745020  211.637057    0.357024    1.755458
   81.743669  211.631756    0.206014    0.438747
   81.742319  211.626466    0.156089    0.332423
   81.740971  211.621184    0.134521    0.286488
   81.739622  211.615901    0.159425    0.339527
   81.738273  211.610616    0.337007    1.567562
   81.736921  211.605314    0.132939    0.283120
   81.735566  211.600000    0.159579    0.339855
   81.734211  211.594684    0.313187    1.343728
   81.732855  211.589370    0.263373    0.875203
   81.731500  211.584072    0.220201    0.469144
   81.730146  211.578786    0.228147    0.543979
   81.728792  211.573502    0.173230    0.368927
   81.727438  211.568217    0.149333    0.318033
   81.726083  211.562920    0.173668    0.369860
   81.724728  211.557615    0.210853    0.449052
   81.723372  211.552309    0.367254    1.853020
   81.722015  211.547005    0.147513    0.314157
   81.720658  211.541712    0.150675    0.320891
   81.719299  211.536427    0.112510    0.239611
   81.717941  211.531148    0.178637    0.380441
   81.716583  211.525872    0.181850    0.387284
   81.715227  211.520599    0.179054    0.381331
   81.713872  211.515329    0.266327    0.904148
   81.712517  211.510059    0.199630    0.425150
   81.711162  211.504789    0.246049    0.713556
   81.709807  211.499509    0.324184    1.448673
   81.708450  211.494225    0.393788    2.103549
   81.707094  211.488941    0.209252    0.445643
   81.705738  211.483661    0.223977    0.506244
   81.704381  211.478393    0.401059    2.172206
   81.703025  211.473135    0.203511    0.433416
   81.701669  211.467881    0.194968    0.415222
   81.700314  211.462629    0.194578    0.414392
   81.698959  211.457375    0.163263    0.347700
   81.697605  211.452118    0.062731    0.133598
   81.696251  211.446863    0.203200    0.432753
   81.694897  211.441609    0.182076    0.387766
   81.693543  211.436359    0.142795    0.304109
   81.692188  211.431113    0.170450    0.363006
   81.690833  211.425868    0.103339    0.220081
   81.689477  211.420625    0.199651    0.425195
   81.688122  211.415383    0.190189    0.405044
   81.686767  211.410142    0.049575    0.105580
   81.685411  211.404901    0.194453    0.414125
   81.684055  211.399660    0.100501    0.214035
   81.682698  211.394415    0.118110    0.251539
   81.681340  211.389168    0.208054    0.443090
   81.679982  211.383921    0.132236    0.281622
   81.678624  211.378677    0.193870    0.412883
   81.677267  211.373436    0.158669    0.337915
   81.675909  211.368200    0.082466    0.175626
   81.670475  211.347285    0.114520    0.243893
   81.669115  211.342064    0.040817    0.086928
   81.667755  211.336845    0.111373    0.237189
   81.666397  211.331629    0.067755    0.144298
   81.660972  211.310795    0.088734    0.188977
   81.659616  211.305600    0.238346    0.644324
   81.648759  211.264095    0.062472    0.133046
   81.647401  211.258903    0.000000    0.000000
   81.646043  211.253711    0.030400    0.064743
   81.641965  211.238138    0.040679    0.086634
   81.640605  211.232946    0.040660    0.086594
   81.639245  211.227753    0.102937    0.219224
   81.637885  211.222557    0.231208    0.578544
