Converting ICESat/GLAS binary freeboard vector data to ASCII
Wed Feb 12 09:56:17 2014

write_fb:
  file_in:       laser3k0001002.dat
  laser_period:  3k
  track:         0001
  cycle:         002
  file_out:      laser3k0001002.txt
  non_zero_only:        0
  nan_replace:       -999

read_fb:
  Year:                  2008
  Month:                   10
  Day:                      9
  Hour:                    10
  Minute:                   2
  Doy:                    283
  record_count:          1747
  non_zero_count:        1738
  nan_count:                0

    Latitude   Longitude   Freeboard   Thickness
   73.304664  341.581872    1.380368    9.978053
   73.307670  341.579068    0.629276    2.912523
   73.309172  341.577661    1.218225    8.453086
   73.310673  341.576255    1.389799   10.067253
   73.313673  341.573452    1.300202    9.224627
   73.315171  341.572054    0.616820    2.795937
   73.322653  341.565085    1.124129    7.568967
   73.324150  341.563691    1.396061   10.127246
   73.325650  341.562294    1.015107    6.543602
   73.331652  341.556678    1.198733    8.271513
   73.333152  341.555265    1.153296    7.844192
   73.334652  341.553849    1.102845    7.369697
   73.336155  341.552430    0.922849    5.676531
   73.337660  341.551008    0.692392    3.508663
   73.351209  341.538242    0.753544    4.085021
   73.352711  341.536820    1.097377    7.319686
   73.360218  341.529700    0.990806    6.317732
   73.361720  341.528291    1.018197    6.575524
   73.363221  341.526886    1.013816    6.534434
   73.364722  341.525484    0.563996    2.302938
   73.366222  341.524085    1.000165    6.406250
   73.367722  341.522686    1.106928    7.410720
   73.369222  341.521288    1.337629    9.581130
   73.370721  341.519888    1.233387    8.600602
   73.372222  341.518482    1.531292   11.403214
   73.373723  341.517069    1.417218   10.330204
   73.375225  341.515653    1.682150   12.822627
   73.376727  341.514237    0.965674    6.082616
   73.378227  341.512825    1.212039    8.400373
   73.379726  341.511418    0.927755    5.726132
   73.381225  341.510011    1.137075    7.695392
   73.382724  341.508603    1.015939    6.555951
   73.384224  341.507193    1.418429   10.342429
   73.385725  341.505778    0.549196    2.165374
   73.387226  341.504360    0.683013    3.424355
   73.388728  341.502938    0.421979    0.968843
   73.390230  341.501513    0.799287    4.518421
   73.391733  341.500084    0.945034    5.889627
   73.393237  341.498652    0.428066    1.026453
   73.394740  341.497218    0.638533    3.006510
   73.399251  341.492922    0.419004    0.941681
   73.402259  341.490061    0.168865    0.351728
   73.403764  341.488632    1.122603    7.561031
   73.405270  341.487205    1.177868    8.081046
   73.406776  341.485780    1.259002    8.844420
   73.408280  341.484360    0.009848    0.020513
   73.417285  341.475889    0.982067    6.240027
   73.418783  341.474478    0.612170    2.760401
   73.420282  341.473064    0.680905    3.407129
   73.421781  341.471647    0.972689    6.152157
   73.424781  341.468810    0.804523    4.570405
   73.429278  341.464562    1.509275   11.200593
   73.430777  341.463145    1.624039   12.280339
   73.432276  341.461724    1.365515    9.848432
   73.435276  341.458873    1.163686    7.949994
   73.436777  341.457444    1.069040    7.059748
   73.439782  341.454584    0.325221    0.677403
   73.444290  341.450290    1.558618   11.665962
   73.448787  341.445993    0.914252    5.604543
   73.451786  341.443113    2.148930   17.219814
   73.454786  341.440226    0.730309    3.874599
   73.456285  341.438785    1.304225    9.273741
   73.457785  341.437348    0.837411    4.882377
   73.459285  341.435912    0.005261    0.010957
   73.460786  341.434479    1.602792   12.082817
   73.462287  341.433049    0.812990    4.653002
   73.463791  341.431622    0.828085    4.795124
   73.465294  341.430197    1.323479    9.455577
   73.466798  341.428773    0.725528    3.830566
   73.468302  341.427351    0.436325    1.110053
   73.469805  341.425930    0.980026    6.224956
   73.471307  341.424509    1.434005   10.495808
   73.472809  341.423087    1.321233    9.435040
   73.474310  341.421664    0.570715    2.374778
   73.475808  341.420239    0.487978    1.596568
   73.477307  341.418812    0.318934    0.664308
   73.478804  341.417385    0.610808    2.752303
   73.480302  341.415959    0.270730    0.563903
   73.481801  341.414534    1.135989    7.693093
   73.483299  341.413109    0.637053    2.999552
   73.484798  341.411682    0.112463    0.234250
   73.487795  341.408825    0.560292    2.277786
   73.489293  341.407393    1.658813   12.612069
   73.490792  341.405958    0.782906    4.372226
   73.492291  341.404517    0.565330    2.325533
   73.493790  341.403068    0.410815    0.872081
   73.495290  341.401617    0.933516    5.789419
   73.496791  341.400165    0.610115    2.747193
   73.498292  341.398713    0.335752    0.699338
   73.499795  341.397263    0.000000    0.000000
   73.501297  341.395814    0.154725    0.322278
   73.502801  341.394366    0.194559    0.405248
   73.504304  341.392920    0.963977    6.076684
   73.505807  341.391477    1.074083    7.112609
   73.507311  341.390035    0.616322    2.806426
   73.508814  341.388592    0.568058    2.352506
   73.511823  341.385697    0.590559    2.564418
   73.513327  341.384248    0.769681    4.249608
   73.516335  341.381354    1.079436    7.163811
   73.517838  341.379912    1.157743    7.900593
   73.519340  341.378473    0.972475    6.157840
   73.520841  341.377037    0.995604    6.375535
   73.522341  341.375604    0.879699    5.285306
   73.523839  341.374175    0.887824    5.361854
   73.526834  341.371319    0.925400    5.715591
   73.528331  341.369891    1.111097    7.462622
   73.529829  341.368460    1.211443    8.406731
   73.531327  341.367029    0.983672    6.264134
   73.532824  341.365596    0.890809    5.390656
   73.534322  341.364161    0.537314    2.065337
   73.535821  341.362725    0.111834    0.232940
   73.537319  341.361287    1.295508    9.198165
   73.538817  341.359847    1.075545    7.129011
   73.540315  341.358404    0.756337    4.126235
   73.541813  341.356958    0.637041    3.004095
   73.543311  341.355510    0.699777    3.594402
   73.544809  341.354060    1.170218    8.020115
   73.546308  341.352608    1.044671    6.839170
   73.547809  341.351154    1.678991   12.806559
   73.549310  341.349698    1.503543   11.156178
   73.550812  341.348241    0.999030    6.410168
   73.552313  341.346784    0.878040    5.272099
   73.553815  341.345326    1.253488    8.804181
   73.555316  341.343868    1.663852   12.664739
   73.556818  341.342410    0.977350    6.206703
   73.558321  341.340953    0.916219    5.631734
   73.559825  341.339496    0.751215    4.079610
   73.562833  341.336588    1.438730   10.547536
   73.564336  341.335138    1.310222    9.338738
   73.565840  341.333694    1.281227    9.066089
   73.570346  341.329371    0.901344    5.492771
   73.571847  341.327930    0.975378    6.189348
   73.573346  341.326490    0.743116    4.004504
   73.574846  341.325049    0.932158    5.783009
   73.582350  341.317838    0.638848    3.024339
   73.583848  341.316401    0.912218    5.596149
   73.585346  341.314964    1.100379    7.366355
   73.586842  341.313527    1.499522   11.121354
   73.588338  341.312090    0.762608    4.189074
   73.589834  341.310650    0.838787    4.905832
   73.591329  341.309208    0.840143    4.918714
   73.592824  341.307763    0.701946    3.618767
   73.594320  341.306314    1.304614    9.288383
   73.595817  341.304861    0.707723    3.673351
   73.601805  341.299020    1.663443   12.664606
   73.603302  341.297557    1.513110   11.250487
   73.604800  341.296093    1.094854    7.315934
   73.606301  341.294632    1.352990    9.744428
   73.607805  341.293175    1.071114    7.092841
   73.609310  341.291718    0.776201    4.318618
   73.610816  341.290263    0.913658    5.611848
   73.612322  341.288807    0.711634    3.711455
   73.613828  341.287350    1.394095   10.131713
   73.615333  341.285893    0.815493    4.688731
   73.619844  341.281506    0.783116    4.384509
   73.621346  341.280039    0.698227    3.586052
   73.622848  341.278573    1.195775    8.266768
   73.624351  341.277108    0.438464    1.142613
   73.625856  341.275648    0.785338    4.405893
   73.627361  341.274190    0.394271    0.821228
   73.628865  341.272735    0.528686    1.991718
   73.630368  341.271284    0.646506    3.100213
   73.631869  341.269839    0.665344    3.277546
   73.633368  341.268396    0.715704    3.751420
   73.634867  341.266951    1.144639    7.786674
   73.636364  341.265502    1.366745    9.876222
   73.637861  341.264045    1.217712    8.474342
   73.639357  341.262586    1.269003    8.956969
   73.640854  341.261125    0.999279    6.419700
   73.642351  341.259662    0.512908    1.844363
   73.643850  341.258199    0.205893    0.428855
   73.645349  341.256735    0.269339    0.561006
   73.646848  341.255272    1.023180    6.645018
   73.648345  341.253811    0.366996    0.764416
   73.649841  341.252354    0.673093    3.351874
   73.651336  341.250898    1.202163    8.329130
   73.652831  341.249439    0.889145    5.384579
   73.654327  341.247978    0.700029    3.605626
   73.655823  341.246510    0.836761    4.892022
   73.657321  341.245040    1.724959   13.247723
   73.658820  341.243569    1.141105    7.755330
   73.660320  341.242096    1.700909   13.021715
   73.661823  341.240623    1.193215    8.245782
   73.663326  341.239151    1.407115   10.258126
   73.664830  341.237679    1.529945   11.413753
   73.666334  341.236210    1.349100    9.712602
   73.667840  341.234745    1.090523    7.280195
   73.669345  341.233281    1.145197    7.794650
   73.670850  341.231818    1.056030    6.955952
   73.672354  341.230353    1.082655    7.206541
   73.673858  341.228886    1.244255    8.726888
   73.675361  341.227418    1.401352   10.204863
   73.676864  341.225950    1.326903    9.504619
   73.678366  341.224480    1.654294   12.584620
   73.679869  341.223007    0.405799    0.845238
   73.682870  341.220066    0.846741    4.988049
   73.684369  341.218601    0.933414    5.803528
   73.685867  341.217141    0.833534    4.864041
   73.687363  341.215683    1.140387    7.750823
   73.688859  341.214227    1.389869   10.097912
   73.690353  341.212773    1.107999    7.446383
   73.691845  341.211320    0.744608    4.027955
   73.693337  341.209865    1.010860    6.532797
   73.694828  341.208408    1.339880    9.628118
   73.696321  341.206946    0.624278    2.896321
   73.697814  341.205477    1.162517    7.959836
   73.699308  341.204004    0.609444    2.757006
   73.700804  341.202530    0.891079    5.406561
   73.702301  341.201053    1.426080   10.439619
   73.703801  341.199577    0.843308    4.957400
   73.705302  341.198100    1.331989    9.554704
   73.706804  341.196623    1.896130   14.861890
   73.708307  341.195147    1.277029    9.037914
   73.709810  341.193673    0.303070    0.631264
   73.711312  341.192200    0.743723    4.021166
   73.712816  341.190725    0.746417    4.046622
   73.714319  341.189248    0.493845    1.670720
   73.715823  341.187768    1.124230    7.601079
   73.717326  341.186287    1.564842   11.746178
   73.718830  341.184805    1.244153    8.729474
   73.724842  341.178882    0.433011    1.099259
   73.727845  341.175932    0.299675    0.624194
   73.729346  341.174461    0.380608    0.792768
   73.730846  341.172991    1.121478    7.576368
   73.732346  341.171523    0.631361    2.965794
   73.733846  341.170056    0.277504    0.578013
   73.735346  341.168590    0.426133    1.035387
   73.736845  341.167124    0.773337    4.301766
   73.739838  341.164187    1.260031    8.880499
   73.741334  341.162716    0.609823    2.763886
   73.742829  341.161243    0.988798    6.329154
   73.744324  341.159767    0.678185    3.407229
   73.747314  341.156805    1.170415    8.038040
   73.748809  341.155325    1.151030    7.855793
   73.750305  341.153849    0.756679    4.146114
   73.751801  341.152381    1.194295    8.263041
   73.753297  341.150914    0.978210    6.230370
   73.754794  341.149447    0.849625    5.020841
   73.756291  341.147976    1.121954    7.582851
   73.757789  341.146499    1.542392   11.538171
   73.759286  341.145020    1.236604    8.661641
   73.760785  341.143539    1.560868   11.712218
   73.762283  341.142055    0.953768    6.001143
   73.763782  341.140568    0.544126    2.147616
   73.765282  341.139080    0.330437    0.688267
   73.766783  341.137592    1.318443    9.432118
   73.768286  341.136104    1.622879   12.296170
   73.769792  341.134617    1.198594    8.304889
   73.771298  341.133131    0.455386    1.313400
   73.772805  341.131645    0.708612    3.695699
   73.774312  341.130162    0.694677    3.564731
   73.775817  341.128681    0.724955    3.849687
   73.777322  341.127200    0.690942    3.529834
   73.781831  341.122740    0.568035    2.373954
   73.783332  341.121247    0.603863    2.711118
   73.784832  341.119755    0.508392    1.813108
   73.786332  341.118267    1.054129    6.947161
   73.787832  341.116785    1.216053    8.470551
   73.792328  341.112352    0.952860    5.994960
   73.793823  341.110878    0.872583    5.239889
   73.795319  341.109403    0.713010    3.738845
   73.796813  341.107926    0.947249    5.942526
   73.798307  341.106443    0.778827    4.358239
   73.799800  341.104952    0.961293    6.074879
   73.804280  341.100465    1.520043   11.331582
   73.805773  341.098968    0.938729    5.863081
   73.807268  341.097473    0.647425    3.122801
   73.808763  341.095981    0.606384    2.736829
   73.810260  341.094495    0.649736    3.144779
   73.811759  341.093018    0.340410    0.709040
   73.813258  341.091543    0.124930    0.260217
   73.817760  341.087086    0.661871    3.259526
   73.819262  341.085588    0.539312    2.106690
   73.820764  341.084086    0.907723    5.572572
   73.822267  341.082582    1.245571    8.750939
   73.823769  341.081078    1.095928    7.343311
   73.825272  341.079574    0.794355    4.506430
   73.826775  341.078072    1.108318    7.460107
   73.828279  341.076576    1.370074    9.922647
   73.829785  341.075087    0.843109    4.965435
   73.831291  341.073602    1.206594    8.384979
   73.832796  341.072117    0.664427    3.284748
   73.834300  341.070632    0.798934    4.550231
   73.835802  341.069144    0.847039    5.002883
   73.841803  341.063170    1.321872    9.470282
   73.843302  341.061669    1.065333    7.057058
   73.844800  341.060167    0.901231    5.513412
   73.847790  341.057168    1.120891    7.580061
   73.849283  341.055671    1.328109    9.529551
   73.850775  341.054176    0.860937    5.134824
   73.858232  341.046752    0.665480    3.296695
   73.859725  341.045257    1.215795    8.473814
   73.861219  341.043759    1.222899    8.540765
   73.865708  341.039261    1.091422    7.304276
   73.867207  341.037762    0.747477    4.068791
   73.871711  341.033278    1.287055    9.145147
   73.889751  341.015251    0.337071    0.702085
   73.891249  341.013745    1.475727   10.921608
   73.892745  341.012242    1.396092   10.172569
   73.903196  341.001788    1.528711   11.421002
   73.915151  340.989756    0.224651    0.467925
   73.916651  340.988256    0.837002    4.914933
   73.918152  340.986755    0.783571    4.412408
   73.922656  340.982238    1.593833   12.035177
   73.927168  340.977702    0.433687    1.121652
   73.928672  340.976190    0.438755    1.169454
   73.937685  340.967154    1.280909    9.092593
   73.939187  340.965648    0.654983    3.204420
   73.940688  340.964140    0.846272    5.004056
   73.942187  340.962627    0.584084    2.537686
   73.943685  340.961108    0.663570    3.285557
   73.945181  340.959588    1.160018    7.955923
   73.949663  340.955025    0.888765    5.404511
   73.951155  340.953508    0.531156    2.040478
   73.952647  340.951992    0.761473    4.207267
   73.954140  340.950479    0.277553    0.578114
   73.955632  340.948971    0.819998    4.758069
   73.957125  340.947465    0.919854    5.697562
   73.958618  340.945960    1.062531    7.039895
   73.960110  340.944456    1.336481    9.617149
   73.961603  340.942953    0.513751    1.877571
   73.963095  340.941449    0.851161    5.051823
   73.964588  340.939945    0.644891    3.111490
   73.966081  340.938441    0.578411    2.486205
   73.967574  340.936936    0.817935    4.739608
   73.969069  340.935430    1.469642   10.870555
   73.970564  340.933924    1.290009    9.180801
   73.972061  340.932418    0.483831    1.596934
   73.973561  340.930912    0.883368    5.355630
   73.975063  340.929406    0.198606    0.413677
   73.976565  340.927896    0.312155    0.650187
   73.978069  340.926383    0.377409    0.786106
   73.979573  340.924865    1.358008    9.821209
   73.981079  340.923344    1.013880    6.583997
   73.982584  340.921819    0.975234    6.220566
   73.984090  340.920292    1.145868    7.825891
   73.985595  340.918761    0.996113    6.417217
   73.987100  340.917230    1.524005   11.383392
   73.988604  340.915700    1.225878    8.578932
   73.990107  340.914175    0.395218    0.823199
   73.991608  340.912658    0.591381    2.610236
   74.005073  340.898949    0.882466    5.349633
   74.006566  340.897425    1.095405    7.352941
   74.020007  340.883815    0.888008    5.402953
   74.035004  340.868585    1.224734    8.571833
   74.036508  340.867056    1.344627    9.699825
   74.038012  340.865528    1.206721    8.402614
   74.039517  340.864002    0.876536    5.296576
   74.041021  340.862475    1.208988    8.424177
   74.044026  340.859416    0.794826    4.528255
   74.045526  340.857881    0.758399    4.185690
   83.871616  313.827678    0.148715    0.309759
   83.892751  313.655634    0.233383    0.486114
   83.893924  313.646084    0.432635    1.905607
   83.895097  313.636531    0.418480    1.772551
   83.899784  313.598192    0.476408    2.317910
   83.900954  313.588581    0.431650    1.896963
   83.902124  313.578970    0.393543    1.538578
   83.903292  313.569362    0.567794    3.177925
   83.904461  313.559752    0.347455    1.105223
   83.905629  313.550139    0.483304    2.383304
   83.906798  313.540522    0.255045    0.531234
   83.907968  313.530902    0.284121    0.591797
   83.909138  313.521275    0.452158    2.090612
   83.910308  313.511640    0.183746    0.382726
   83.911478  313.501990    0.147633    0.307506
   83.912647  313.492323    0.252824    0.526608
   83.913817  313.482648    0.176707    0.368063
   83.914986  313.472966    0.274154    0.571035
   83.916155  313.463282    0.408339    1.679007
   83.917324  313.453597    0.434638    1.926515
   83.918493  313.443908    0.323165    0.877957
   83.919662  313.434214    0.072679    0.151382
   83.920833  313.424510    0.169017    0.352045
   83.922005  313.414797    0.340182    1.038351
   83.923177  313.405080    0.230321    0.479736
   83.924348  313.395365    0.153208    0.319118
   83.933684  313.317844    0.267589    0.557362
   83.934848  313.308166    0.294117    0.612617
   83.939504  313.269471    0.239151    0.498128
   83.940668  313.259798    0.038699    0.080605
   83.941831  313.250117    0.218171    0.454428
   83.942994  313.240424    0.123728    0.257713
   83.944158  313.230706    0.317630    0.828152
   83.945323  313.220961    0.219208    0.456588
   83.946487  313.211199    0.212437    0.442485
   83.947652  313.201426    0.121942    0.253992
   83.948817  313.191643    0.284572    0.592736
   83.949982  313.181853    0.297150    0.636000
   83.951147  313.172057    0.213491    0.444681
   83.952311  313.162259    0.296479    0.629900
   83.953475  313.152464    0.225617    0.469938
   83.954639  313.142676    0.269523    0.561390
   83.955802  313.132884    0.259583    0.540686
   83.956966  313.123086    0.359915    1.227073
   83.958130  313.113273    0.276978    0.576918
   83.959295  313.103440    0.198234    0.412901
   83.960459  313.093603    0.263107    0.548026
   83.961624  313.083762    0.298032    0.645325
   83.962788  313.073929    0.278750    0.580608
   83.963951  313.064105    0.284212    0.591986
   83.965113  313.054284    0.363417    1.260737
   83.966276  313.044466    0.227274    0.473390
   83.967439  313.034648    0.303013    0.692700
   83.968603  313.024831    0.299308    0.657944
   83.969767  313.015013    0.243799    0.507809
   83.970931  313.005197    0.444308    2.022214
   83.972093  312.995380    0.297407    0.640373
   83.973254  312.985563    0.653939    3.994492
   83.974414  312.975745    0.296533    0.632361
   83.975573  312.965924    0.409330    1.693578
   83.976732  312.956103    0.408838    1.689055
   83.977891  312.946279    0.501307    2.559040
   83.979050  312.936450    0.353062    1.164555
   83.980209  312.926616    0.691854    4.351785
   83.981368  312.916772    0.132798    0.276605
   83.982527  312.906917    0.282479    0.588375
   83.983686  312.897057    0.268965    0.560227
   83.984844  312.887192    0.299081    0.657248
   83.986002  312.877328    0.344023    1.080132
   83.987159  312.867465    0.359565    1.226450
   83.988316  312.857599    0.248800    0.518226
   83.989472  312.847728    0.382194    1.439528
   83.990626  312.837849    0.447091    2.050141
   83.991779  312.827964    0.361761    1.247513
   83.992932  312.818068    0.255396    0.531964
   83.994086  312.808162    0.371725    1.341456
   83.995241  312.798240    0.288525    0.600968
   83.996399  312.788300    0.432503    1.913423
   83.997558  312.778350    0.328434    0.934512
   83.998717  312.768391    0.420461    1.800345
   83.999877  312.758429    0.160367    0.334029
   84.001036  312.748466    0.357080    1.204307
   84.002194  312.738499    0.245642    0.511648
   84.003353  312.728529    0.368105    1.308238
   84.004510  312.718553    0.216085    0.450083
   84.005667  312.708572    0.334737    0.994542
   84.006823  312.698592    0.237540    0.494772
   84.007979  312.688614    0.334351    0.991118
   84.009134  312.678646    0.267233    0.556620
   84.010290  312.668691    0.298807    0.656948
   84.011446  312.658741    0.439916    1.984515
   84.012602  312.648795    0.492151    2.476013
   84.013757  312.638853    0.182576    0.380288
   84.014913  312.628914    0.244029    0.508288
   84.016068  312.618974    0.435964    1.947758
   84.017223  312.609029    0.300142    0.670138
   84.018376  312.599073    0.337527    1.021937
   84.019527  312.589102    0.470158    2.269744
   84.020677  312.579126    0.357786    1.212719
   84.021827  312.569147    0.382915    1.449224
   84.022976  312.559172    0.297790    0.648524
   84.024125  312.549204    0.265912    0.553869
   84.025273  312.539234    0.419193    1.790817
   84.026422  312.529261    0.322143    0.877933
   84.027571  312.519278    0.064124    0.133565
   84.028721  312.509285    0.155325    0.323525
   84.029872  312.499283    0.364761    1.279172
   84.031024  312.489274    0.242891    0.505917
   84.032176  312.479257    0.293805    0.611967
   84.033328  312.469231    0.558931    3.106104
   84.034481  312.459197    0.574960    3.256997
   84.035633  312.449156    0.280284    0.583805
   84.036785  312.439106    0.427015    1.865436
   84.037936  312.429050    0.343227    1.077319
   84.039087  312.418984    0.290321    0.604710
   84.040238  312.408909    0.369587    1.325505
   84.041389  312.398818    0.366568    1.297204
   84.042540  312.388709    0.896047    6.278298
   84.043691  312.378594    0.268176    0.558585
   84.044843  312.368476    0.270306    0.563021
   84.045996  312.358361    0.343993    1.085257
   84.047150  312.348254    0.378289    1.407991
   84.048303  312.338148    0.483397    2.396885
   84.049457  312.328045    0.323754    0.895170
   84.050609  312.317944    0.371514    1.344565
   84.051758  312.307848    0.303657    0.706321
   84.052907  312.297750    0.428315    1.879124
   84.054055  312.287649    0.105342    0.219416
   84.055202  312.277537    0.452554    2.107355
   84.056349  312.267409    0.314667    0.810308
   84.057496  312.257282    0.379909    1.424160
   84.058641  312.247162    0.098844    0.205881
   84.059786  312.237063    0.539424    2.924985
   84.060929  312.226992    0.399361    1.607471
   84.062072  312.216930    0.276751    0.576445
   84.063215  312.206871    0.317871    0.841073
   84.064357  312.196812    0.326972    0.926788
   84.065500  312.186745    0.254214    0.529503
   84.066643  312.176671    0.314086    0.805773
   84.067787  312.166585    0.358019    1.219165
   84.068930  312.156480    0.275583    0.574012
   84.070074  312.146351    0.330763    0.962965
   84.071218  312.136206    0.320105    0.862805
   84.072362  312.126048    0.280377    0.583998
   84.073507  312.115878    0.402910    1.641993
   84.074652  312.105698    0.387226    1.494548
   84.075797  312.095508    0.292188    0.608598
   84.076943  312.085307    0.394591    1.564041
   84.078090  312.075097    0.336321    1.015982
   84.079237  312.064877    0.311429    0.781913
   84.080385  312.054651    0.334995    1.003717
   84.081532  312.044418    0.445109    2.039692
   84.082679  312.034179    0.458592    2.166639
   84.083825  312.023936    0.378048    1.409043
   84.084970  312.013690    0.638590    3.860146
   84.086115  312.003444    0.416264    1.768756
   84.087258  311.993202    0.465370    2.230818
   84.088400  311.982965    0.368924    1.323621
   84.089542  311.972731    0.244387    0.509033
   84.090683  311.962497    0.386402    1.488249
   84.091825  311.952261    0.512628    2.675800
   84.092967  311.942021    0.281826    0.587015
   84.094109  311.931784    0.509046    2.642307
   84.095251  311.921550    0.358353    1.224792
   84.096390  311.911329    0.391407    1.535848
   84.097527  311.901123    0.354207    1.185995
   84.098664  311.890919    0.461765    2.197933
   84.099800  311.880712    0.301530    0.690649
   84.100935  311.870491    0.326817    0.928643
   84.102071  311.860251    0.297337    0.651414
   84.103207  311.850005    0.468207    2.258944
   84.104344  311.839756    0.511635    2.667591
   84.105482  311.829511    0.268780    0.559841
   84.106623  311.819274    0.188210    0.392023
   84.107764  311.809033    0.284949    0.593520
   84.108906  311.798787    0.342141    1.073522
   84.110046  311.788530    0.210693    0.438853
   84.111185  311.778258    0.331690    0.975412
   84.112324  311.767975    0.400098    1.619047
   84.113463  311.757678    0.265631    0.553284
   84.114602  311.747364    0.265481    0.552971
   84.115742  311.737030    0.253782    0.528602
   84.116883  311.726685    0.195563    0.407337
   84.118023  311.716333    0.262627    0.547026
   84.119163  311.705978    0.335191    1.009069
   84.120303  311.695626    0.289467    0.602932
   84.121442  311.685270    0.646439    3.937289
   84.122581  311.674909    0.291404    0.606964
   84.123720  311.664545    0.341964    1.073194
   84.124859  311.654177    0.418253    1.790973
   84.125998  311.643802    0.396630    1.587666
   84.127137  311.633419    0.448742    2.078004
   84.128276  311.623018    0.257010    0.535325
   84.129416  311.612598    0.420637    1.813820
   84.130555  311.602174    0.274518    0.571794
   84.131694  311.591750    0.169246    0.352523
   84.132831  311.581340    0.190182    0.396130
   84.133966  311.570948    0.176351    0.367322
   84.135100  311.560562    0.201394    0.419484
   84.136234  311.550180    0.249593    0.519878
   84.137367  311.539798    0.298166    0.662416
   84.138499  311.529413    0.366724    1.307464
   84.139631  311.519029    0.188725    0.393096
   84.140763  311.508645    0.276068    0.575022
   84.141895  311.498260    0.236793    0.493215
   84.143026  311.487875    0.229280    0.477568
   84.144158  311.477490    0.518291    2.733817
   84.145289  311.467106    0.219879    0.457985
   84.146420  311.456726    0.413663    1.749755
   84.147549  311.446350    0.160757    0.334841
   84.148678  311.435971    0.275474    0.573785
   84.149807  311.425583    0.226345    0.471454
   84.150936  311.415179    0.561289    3.138931
   84.152067  311.404754    0.314352    0.816017
   84.153199  311.394316    0.337124    1.030345
   84.154331  311.383867    0.380567    1.439122
   84.155464  311.373408    0.203739    0.424367
   84.156597  311.362942    0.281867    0.587100
   84.157731  311.352465    0.318036    0.851182
   84.158864  311.341977    0.401278    1.634377
   84.159998  311.331477    0.249846    0.520405
   84.161130  311.320965    0.280972    0.585236
   84.162263  311.310443    0.543670    2.974211
   84.163395  311.299913    0.370292    1.343291
   84.164528  311.289373    0.377219    1.408553
   84.165660  311.278826    0.220151    0.458553
   84.166792  311.268276    0.358318    1.230950
   84.167923  311.257726    0.233881    0.487151
   84.169054  311.247186    0.249927    0.520573
   84.170183  311.236659    0.458472    2.173448
   84.171312  311.226134    0.493405    2.502172
   84.172440  311.215611    0.248290    0.517163
   84.173567  311.205081    0.469800    2.280320
   84.174693  311.194544    0.260719    0.543051
   84.175819  311.184005    0.367352    1.316763
   84.176944  311.173466    0.203983    0.424877
   84.178068  311.162924    0.398536    1.610320
   84.179192  311.152381    0.391766    1.546735
   84.180314  311.141842    0.130282    0.271364
   84.181437  311.131308    0.200083    0.416753
   84.182561  311.120794    0.308372    0.762526
   84.183686  311.110301    0.272143    0.566846
   84.184811  311.099809    0.463269    2.219901
   84.185937  311.089312    0.210597    0.438653
   84.187063  311.078793    0.330389    0.970061
   84.188189  311.068247    0.515405    2.710667
   84.189315  311.057688    0.208731    0.434766
   84.190441  311.047119    0.267496    0.557168
   84.191565  311.036545    0.136618    0.284562
   84.192686  311.025970    0.250264    0.521276
   84.193808  311.015388    0.309004    0.769499
   84.194930  311.004797    0.241264    0.502528
   84.196053  310.994196    0.193404    0.402840
   84.197178  310.983586    0.270362    0.563137
   84.198305  310.972965    0.259173    0.539831
   84.199433  310.962334    0.197065    0.410466
   84.200562  310.951688    0.387243    1.506133
   84.201693  310.941025    0.227186    0.473206
   84.202824  310.930355    0.254658    0.530427
   84.203955  310.919677    0.194064    0.404217
   84.205083  310.908997    0.215432    0.448724
   84.206207  310.898317    0.393269    1.563338
   84.207331  310.887633    0.280914    0.585116
   84.208453  310.876948    0.146988    0.306161
   84.209575  310.866255    0.173247    0.360857
   84.210697  310.855555    0.348768    1.145110
   84.211819  310.844859    0.412183    1.741776
   84.212940  310.834172    0.249707    0.520115
   84.214061  310.823509    0.223612    0.465761
   84.215182  310.812876    0.243935    0.508092
   84.216302  310.802253    0.296703    0.655828
   84.217421  310.791635    0.185156    0.385661
   84.218539  310.781015    0.440739    2.011029
   84.219656  310.770387    0.246520    0.513477
   84.220772  310.759754    0.184612    0.384529
   84.221887  310.749112    0.337293    1.038181
   84.223003  310.738454    0.191661    0.399210
   84.224119  310.727775    0.354862    1.203663
   84.225236  310.717090    0.293695    0.628340
   84.226353  310.706400    0.313662    0.816283
   84.227470  310.695719    0.269594    0.561538
   84.228589  310.685051    0.304642    0.731631
   84.229709  310.674379    0.305737    0.742029
   84.230830  310.663697    0.192108    0.400141
   84.231952  310.652997    0.336033    1.027240
   84.233076  310.642274    0.409459    1.718085
   84.234200  310.631533    0.404962    1.675881
   84.235324  310.620773    0.361462    1.266762
   84.236447  310.609987    0.457467    2.170011
   84.237568  310.599172    0.322597    0.901353
   84.238687  310.588348    0.331294    0.983267
   84.239806  310.577524    0.419448    1.812662
   84.240924  310.566719    0.300129    0.690287
   84.242042  310.555944    0.314795    0.828355
   84.243159  310.545173    0.230907    0.480956
   84.244275  310.534404    0.438089    1.988424
   84.245391  310.523625    0.196287    0.408846
   84.246508  310.512832    0.319205    0.870253
   84.247624  310.502032    0.602076    3.531416
   84.248739  310.491223    0.244251    0.508750
   84.249854  310.480403    0.243510    0.507206
   84.250967  310.469570    0.145748    0.303578
   84.252081  310.458734    0.063103    0.131436
   84.253193  310.447899    0.238729    0.497248
   84.254305  310.437074    0.228411    0.475757
   84.255417  310.426264    0.156669    0.326325
   84.256528  310.415458    0.126835    0.264185
   84.257639  310.404655    0.205844    0.428753
   84.258751  310.393853    0.168882    0.351764
   84.259863  310.383049    0.215007    0.447838
   84.260976  310.372245    0.192800    0.401582
   84.262088  310.361438    0.099064    0.206340
   84.263200  310.350633    0.134479    0.280107
   84.264311  310.339826    0.216389    0.450716
   84.265422  310.329014    0.140680    0.293023
   84.266534  310.318194    0.082078    0.170959
   84.267646  310.307359    0.090277    0.188038
   84.268758  310.296507    0.188845    0.393345
   84.269871  310.285647    0.045768    0.095329
   84.270985  310.274780    0.295743    0.651784
   84.272098  310.263916    0.249569    0.519826
   84.274325  310.242190    0.184463    0.384218
   84.275439  310.231317    0.116974    0.243644
   84.276554  310.220432    0.330135    0.975834
   84.277668  310.209533    0.231600    0.482401
   84.279896  310.187696    0.260339    0.542260
   84.281009  310.176754    0.146844    0.305861
   84.285450  310.132862    0.157603    0.328271
   84.286556  310.121887    0.261283    0.544226
   84.287662  310.110911    0.314175    0.826735
   84.290980  310.077993    0.261464    0.544603
   84.297607  310.012258    0.287142    0.598088
   84.298708  310.001319    0.315896    0.843950
   84.299808  309.990384    0.275002    0.572801
   84.300908  309.979449    0.228631    0.476215
   84.302009  309.968509    0.621314    3.717432
   84.303111  309.957561    0.401135    1.646237
   84.304217  309.946603    0.333346    1.008626
   84.305324  309.935636    0.227959    0.474815
   84.306431  309.924657    0.305008    0.742251
   84.307539  309.913667    0.331374    0.990390
   84.308647  309.902663    0.306994    0.761137
   84.309754  309.891647    0.190454    0.396696
   84.310861  309.880619    0.197549    0.411474
   84.311968  309.869577    0.265958    0.553964
   84.313073  309.858521    0.235087    0.489662
   84.314178  309.847457    0.244869    0.510037
   84.315282  309.836384    0.371210    1.365862
   84.316388  309.825305    0.012445    0.025922
   84.317493  309.814222    0.536122    2.917454
   84.318599  309.803136    0.312961    0.818205
   84.319705  309.792048    0.131026    0.272913
   84.320810  309.780963    0.290554    0.607624
   84.327416  309.714401    0.310367    0.794620
   84.328513  309.703282    0.012433    0.025897
   84.329609  309.692160    0.240592    0.501129
   84.330705  309.681037    0.305858    0.752512
   84.332898  309.658796    0.269737    0.561835
   84.333995  309.647692    0.300395    0.701434
   84.335092  309.636604    0.360694    1.268784
   84.336190  309.625519    0.344410    1.115698
   84.337288  309.614432    0.338144    1.056858
   84.338386  309.603334    0.303779    0.733678
   84.339484  309.592220    0.317522    0.863064
   84.340582  309.581098    0.316125    0.850028
   84.341681  309.569968    0.345635    1.127735
   84.342779  309.558830    0.248155    0.516882
   84.343877  309.547683    0.243123    0.506401
   84.344976  309.536531    0.609306    3.608494
   84.346075  309.525378    0.314345    0.833795
   84.347174  309.514228    0.322320    0.908920
   84.348275  309.503084    0.166460    0.346720
   84.349376  309.491936    0.339298    1.068849
   84.350477  309.480781    0.339670    1.072452
   84.351577  309.469608    0.282916    0.589286
   84.352677  309.458416    0.200088    0.416763
   84.353777  309.447212    0.401103    1.650683
   84.354875  309.435997    0.241710    0.503458
   84.355971  309.424772    0.294232    0.645511
   84.357064  309.413537    0.000000    0.000000
   84.358156  309.402298    0.197757    0.411909
   84.359248  309.391055    0.205590    0.428223
   84.360341  309.379819    0.198018    0.412452
   84.361436  309.368590    0.243776    0.507760
   84.362532  309.357360    0.242132    0.504337
   84.363627  309.346129    0.446356    2.077312
   84.370182  309.278602    0.454976    2.159022
   84.371271  309.267332    0.462890    2.233573
   84.372361  309.256059    0.343872    1.114034
   84.373452  309.244784    0.477675    2.372863
   84.374545  309.233509    0.090803    0.189133
   84.375638  309.222232    0.098252    0.204650
   84.376732  309.210952    0.531139    2.876129
   84.377827  309.199671    0.089926    0.187308
   84.378922  309.188388    0.342012    1.097155
   84.380016  309.177100    0.493174    2.519287
   84.381111  309.165803    0.305151    0.750596
   84.382204  309.154492    0.467185    2.275001
   84.383297  309.143163    0.354463    1.214689
   84.384388  309.131828    0.355076    1.220561
   84.385480  309.120489    0.495062    2.537560
   84.386570  309.109149    0.264918    0.551799
   84.387660  309.097813    0.416382    1.797599
   84.388750  309.086480    0.141662    0.295068
   84.389839  309.075153    0.301473    0.716810
   84.390928  309.063842    0.357777    1.246587
   84.393105  309.041258    0.245887    0.512158
   84.394192  309.029963    0.272773    0.568160
   84.395280  309.018655    0.250891    0.522582
   84.396368  309.007327    0.330045    0.986220
   84.397456  308.995985    0.310545    0.802874
   84.398543  308.984629    0.321912    0.909914
   84.399629  308.973252    0.332742    1.011889
   84.400714  308.961853    0.338563    1.066757
   84.401798  308.950444    0.950163    6.820389
   84.402882  308.939028    0.683383    4.310800
   84.403967  308.927618    0.284831    0.593275
   84.405052  308.916217    0.346359    1.140504
   84.406138  308.904812    0.246515    0.513466
   84.407223  308.893403    0.232961    0.485234
   84.408310  308.881981    0.332547    1.010874
   84.409398  308.870544    0.425636    1.886696
   84.410485  308.859101    0.118060    0.245908
   84.411572  308.847655    0.372973    1.391486
   84.412656  308.836212    0.199869    0.416308
   84.413739  308.824773    0.321942    0.911626
   84.414821  308.813336    0.267662    0.557513
   84.415902  308.801899    0.284313    0.592196
   84.416985  308.790464    0.352285    1.197373
   84.418070  308.779030    0.273668    0.570023
   84.419155  308.767596    0.170151    0.354408
   84.420240  308.756163    0.258505    0.538440
   84.421325  308.744728    0.326129    0.951727
   84.422410  308.733293    0.388655    1.540030
   84.423494  308.721855    0.276644    0.576223
   84.466614  308.259691    0.285728    0.595143
   84.467690  308.248064    0.218529    0.455174
   84.473047  308.189899    0.233794    0.486970
   84.474115  308.178235    0.271230    0.564945
   84.475182  308.166562    0.211686    0.440920
   84.476249  308.154881    0.278605    0.580307
   84.477317  308.143194    0.285201    0.594045
   84.481596  308.096380    0.242371    0.504835
   84.482668  308.084657    0.282564    0.588553
   84.483741  308.072924    0.148023    0.308318
   84.484813  308.061181    0.143964    0.299862
   84.485885  308.049420    0.263875    0.549625
   84.486956  308.037639    0.414752    1.791599
   84.488026  308.025851    0.321599    0.915378
   84.489097  308.014059    0.458428    2.202681
   84.490167  308.002271    0.519220    2.774670
   84.494449  307.955192    0.315072    0.854589
   84.495518  307.943459    0.343712    1.124116
   84.496586  307.931730    0.337031    1.061358
   84.581281  306.975692    0.358988    1.276115
   84.613687  306.596903    0.344103    1.139263
   84.657183  306.077314    0.299289    0.721937
   84.658211  306.064850    0.374910    1.433431
   84.663360  306.002414    0.093630    0.195021
   84.664392  305.989890    0.097397    0.202869
   84.665422  305.977354    0.209487    0.436340
   84.666452  305.964799    0.126595    0.263685
   84.667479  305.952226    0.157231    0.327496
   84.668506  305.939645    0.335440    1.063138
   84.686987  305.713185    0.257292    0.535914
   84.688010  305.700560    0.267789    0.557778
   84.689033  305.687934    0.223235    0.464977
   84.696194  305.599638    0.204299    0.425535
   84.701282  305.536108    0.099643    0.207546
   84.704338  305.497961    0.119574    0.249060
   84.705360  305.485247    0.000000    0.000000
   84.706381  305.472528    0.055663    0.115941
   84.707402  305.459799    0.240995    0.501968
   84.708422  305.447055    0.261984    0.545686
   84.709441  305.434305    0.264793    0.551537
   84.710459  305.421548    0.188615    0.392866
   84.711476  305.408786    0.254434    0.529961
   84.712491  305.396019    0.221529    0.461422
   84.713506  305.383249    0.267012    0.556160
   84.714522  305.370478    0.230293    0.479677
   84.715539  305.357706    0.247573    0.515670
   84.716560  305.344934    0.304900    0.780564
   84.717581  305.332164    0.369559    1.388934
   84.718602  305.319393    0.211548    0.440633
   84.719623  305.306625    0.327108    0.989783
   84.720641  305.293859    0.229470    0.477964
   84.721659  305.281095    0.295779    0.695257
   84.722675  305.268331    0.227661    0.474195
   84.723689  305.255566    0.211525    0.440585
   84.724702  305.242802    0.107836    0.224612
   84.725713  305.230035    0.088528    0.184394
   84.726725  305.217267    0.064614    0.134584
   84.727737  305.204495    0.410570    1.775739
   84.728750  305.191719    0.427324    1.933450
   84.732796  305.140591    0.214387    0.446547
   84.733805  305.127800    0.316946    0.895582
   84.734814  305.114996    0.400048    1.677454
   84.735822  305.102173    0.322090    0.944176
   84.736830  305.089328    0.300269    0.739000
   84.739857  305.050662    0.309097    0.822349
   84.740866  305.037714    0.218792    0.455723
   84.741876  305.024755    0.243255    0.506675
   84.747944  304.947103    0.248442    0.517479
   84.748955  304.934149    0.288651    0.630904
   84.754002  304.869350    0.198851    0.414187
   84.755009  304.856400    0.239941    0.499773
   84.756016  304.843471    0.305734    0.792320
   84.757023  304.830567    0.252538    0.526011
   84.763057  304.752977    0.293444    0.677422
   84.764059  304.740011    0.254340    0.529766
   84.765060  304.727046    0.384786    1.536904
   84.766059  304.714071    0.399202    1.672623
   84.780073  304.531362    0.392112    1.607358
   84.781073  304.518242    0.240558    0.501058
   84.783072  304.491986    0.372636    1.424453
   84.784072  304.478862    0.389940    1.587339
   84.785073  304.465750    0.353048    1.240389
   84.786074  304.452639    0.376420    1.460354
   84.787075  304.439528    0.305702    0.795189
   84.788076  304.426416    0.250907    0.522615
   84.789077  304.413300    0.265034    0.552039
   84.792077  304.373929    0.219587    0.457379
   84.793075  304.360789    0.349991    1.212451
   84.794072  304.347647    0.280403    0.584052
   84.795068  304.334507    0.269812    0.561993
   84.796063  304.321379    0.388412    1.574188
   84.797057  304.308267    0.392482    1.612578
   84.798049  304.295158    0.154872    0.322583
   84.799041  304.282047    0.266665    0.555436
   84.800033  304.268932    0.192427    0.400805
   84.801025  304.255809    0.197058    0.410453
   84.802016  304.242677    0.270810    0.564070
   84.805980  304.190001    0.418307    1.856440
   84.806971  304.176799    0.282155    0.587702
   84.807961  304.163595    0.303175    0.773563
   84.808950  304.150388    0.240461    0.500856
   84.811921  304.110693    0.334222    1.066034
   84.812914  304.097419    0.287185    0.623644
   84.813907  304.084131    0.171868    0.357984
   84.814901  304.070833    0.224237    0.467063
   84.815895  304.057529    0.357902    1.289211
   84.816889  304.044224    0.505494    2.677766
   84.817882  304.030913    0.330152    1.028368
   84.818875  304.017598    0.550755    3.103755
   84.819867  304.004275    0.502971    2.654335
   84.820857  303.990945    0.266983    0.556099
   84.821847  303.977618    0.328060    1.009098
   84.822836  303.964298    0.277253    0.577490
   84.823824  303.950997    1.204279    9.252188
   84.824813  303.937722    0.319980    0.933388
   84.825801  303.924454    0.222869    0.464214
   84.826789  303.911193    0.207625    0.432461
   84.827776  303.897931    0.211891    0.441349
   84.828762  303.884665    0.206566    0.430256
   84.829748  303.871395    0.191169    0.398186
   84.830734  303.858119    0.546966    3.069334
   84.831717  303.844831    0.247885    0.516321
   84.832699  303.831527    0.426581    1.937029
   84.833681  303.818216    0.422103    1.895007
   84.834662  303.804903    0.386149    1.556874
   84.835643  303.791593    0.271240    0.564966
   84.836624  303.778291    0.546858    3.068917
   84.837606  303.764985    0.396031    1.650140
   84.838588  303.751676    0.404102    1.726170
   84.839569  303.738363    0.299056    0.738061
   84.840552  303.725043    0.282926    0.589306
   84.841534  303.711711    0.295688    0.706579
   84.842517  303.698362    0.259233    0.539957
   84.843499  303.684984    0.255267    0.531696
   84.844483  303.671572    0.234468    0.488373
   84.845466  303.658140    0.330502    1.034496
   84.846449  303.644692    0.578909    3.371440
   84.847432  303.631229    0.291366    0.666531
   84.848414  303.617753    0.374624    1.449869
   84.849397  303.604269    0.318240    0.919541
   84.850380  303.590777    0.271223    0.564931
   84.851363  303.577283    0.336562    1.092109
   84.852348  303.563789    0.281314    0.585948
   84.853333  303.550293    0.267987    0.558191
   84.854318  303.536796    0.308391    0.827399
   84.855302  303.523298    0.273041    0.568717
   84.856286  303.509799    0.261972    0.545662
   84.857269  303.496302    0.304367    0.789843
   84.858250  303.482806    0.313281    0.873801
   84.859229  303.469312    0.256513    0.534290
   84.860206  303.455821    0.251579    0.524015
   84.861181  303.442336    0.253483    0.527980
   84.862155  303.428860    0.350631    1.225565
   84.863129  303.415396    0.294891    0.701301
   84.864103  303.401949    0.408336    1.768621
   84.865076  303.388509    0.262527    0.546818
   84.866049  303.375077    0.386970    1.567821
   84.867021  303.361653    0.474489    2.391239
   84.867991  303.348234    0.424017    1.916536
   84.868961  303.334812    0.338201    1.109337
   84.869931  303.321381    0.353614    1.254428
   84.870899  303.307931    0.362787    1.340820
   84.871867  303.294456    0.418123    1.861487
   84.872835  303.280961    0.468881    2.339084
   84.873803  303.267447    0.270317    0.563043
   84.874775  303.253907    0.294017    0.694282
   84.875749  303.240342    0.423517    1.912632
   84.876725  303.226759    0.304937    0.797212
   84.877702  303.213160    0.409565    1.781584
   84.878678  303.199552    0.465084    2.303970
   84.879654  303.185938    0.349809    1.219638
   84.880629  303.172312    0.383237    1.534213
   84.881604  303.158674    0.359671    1.312620
   84.882580  303.145016    0.245746    0.511864
   84.888425  303.062900    0.281886    0.587140
   84.889397  303.049227    0.318774    0.928690
   84.890368  303.035573    0.346494    1.189566
   84.891336  303.021940    0.521164    2.832845
   84.895204  302.967436    0.417205    1.855268
   84.896170  302.953801    0.315666    0.900158
   84.897136  302.940164    0.329811    1.033325
   84.898101  302.926526    0.353063    1.252161
   84.899065  302.912886    0.325669    0.994554
   84.900028  302.899243    0.386376    1.565750
   84.900990  302.885597    0.330996    1.044868
   84.901953  302.871943    0.503280    2.665699
   84.902915  302.858281    0.622035    3.782972
   84.903878  302.844616    0.489994    2.540919
   84.904841  302.830951    0.316915    0.912804
   84.905804  302.817295    0.387723    1.579020
   84.906769  302.803649    0.222723    0.463910
   84.907733  302.789997    0.645741    4.006479
   84.908697  302.776332    0.518332    2.807998
   84.909660  302.762643    0.393708    1.635722
   84.910621  302.748923    0.501322    2.648185
   84.911582  302.735182    0.419753    1.880931
   84.912543  302.721419    1.205949    9.277046
   84.913506  302.707631    0.319131    0.934549
   84.914470  302.693817    0.382489    1.530681
   84.915435  302.679987    0.477838    2.427764
   84.916400  302.666143    0.270489    0.563401
   84.917366  302.652291    0.283659    0.601254
   84.918332  302.638434    0.389041    1.592715
   84.919299  302.624572    0.338477    1.117144
   84.920265  302.610709    0.311186    0.860515
   84.921229  302.596850    0.348704    1.213555
   84.922192  302.582998    0.319193    0.936039
   84.923155  302.569146    0.301853    0.773010
   84.924116  302.555295    0.382228    1.529225
   84.925077  302.541436    0.352903    1.253460
   84.926038  302.527569    0.433139    2.008367
   84.926998  302.513705    0.384818    1.553899
   84.927958  302.499845    0.302953    0.783862
   84.928915  302.486001    0.489812    2.541808
   84.929872  302.472177    0.425686    1.938651
   84.930827  302.458357    0.291734    0.678620
   84.931781  302.444542    0.316743    0.913991
   84.932735  302.430721    0.448697    2.155427
   84.933688  302.416893    0.453954    2.204977
   84.934639  302.403064    0.456386    2.227957
   84.935591  302.389233    0.471702    2.372140
   84.936541  302.375403    0.514519    2.775033
   84.937491  302.361574    0.589088    3.476624
   84.938441  302.347742    0.374584    1.458810
   84.939390  302.333905    0.363743    1.356928
   84.940340  302.320064    0.359224    1.314516
   84.941291  302.306217    0.356970    1.293408
   84.942242  302.292357    0.314559    0.894537
   84.943194  302.278483    0.422570    1.910731
   84.944147  302.264587    0.353239    1.258616
   84.945103  302.250664    0.265049    0.552070
   84.946059  302.236721    0.267690    0.557571
   84.947970  302.208761    0.346029    1.191183
   84.948924  302.194736    0.316840    0.916698
   84.949878  302.180696    0.351704    1.244769
   84.950831  302.166650    0.419237    1.880181
   84.951784  302.152612    0.304431    0.800257
   84.952736  302.138589    0.484944    2.498507
   84.953688  302.124566    0.217665    0.453374
   84.954640  302.110540    0.365789    1.377769
   84.955592  302.096507    0.281059    0.585418
   84.956544  302.082462    0.504697    2.684731
   84.957496  302.068416    0.489038    2.537520
   84.958447  302.054370    0.380075    1.512564
   84.959396  302.040327    0.650288    4.054652
   84.960343  302.026289    0.324072    0.985925
   84.961289  302.012257    0.679728    4.331799
   84.962234  301.998232    0.242115    0.504301
   84.963177  301.984221    0.330663    1.048229
   84.964118  301.970223    0.471185    2.370265
   84.965059  301.956232    0.357386    1.299818
   84.966000  301.942244    0.350331    1.233547
   84.966943  301.928253    0.311271    0.866193
   84.967887  301.914258    0.273888    0.570482
   84.968833  301.900260    0.299998    0.760345
   84.969778  301.886262    0.363553    1.358327
   84.970722  301.872266    0.309540    0.850307
   84.972607  301.844274    0.454624    2.215363
   84.973549  301.830260    0.349466    1.226208
   84.974490  301.816224    0.321563    0.963814
   84.975432  301.802159    0.262262    0.546266
   84.976373  301.788076    0.466336    2.325940
   84.977315  301.773975    0.284421    0.614705
   84.978258  301.759856    0.321878    0.967169
   84.979201  301.745722    0.198672    0.413814
   84.980146  301.731575    0.421443    1.904017
   84.981090  301.717413    0.295796    0.722110
   84.982036  301.703246    0.399854    1.701119
   84.982984  301.689072    0.407053    1.768943
   84.983931  301.674885    0.277463    0.577928
   84.984877  301.660683    0.259339    0.540178
   84.985822  301.646455    0.330956    1.053382
   84.986764  301.632196    0.381131    1.525500
   84.987705  301.617929    0.262733    0.547246
   84.988644  301.603660    0.460418    2.271579
   84.989582  301.589402    0.417068    1.863875
   84.990519  301.575164    0.408893    1.787076
   84.991456  301.560936    0.501057    2.654195
   84.992391  301.546718    0.369458    1.416295
   84.993328  301.532516    0.522015    2.851556
   84.994265  301.518330    0.426332    1.951536
   84.995202  301.504151    0.344496    1.181779
   84.997073  301.475796    0.509848    2.737501
   84.998006  301.461610    0.324101    0.990225
   84.998938  301.447424    0.364372    1.369161
   84.999869  301.433237    0.395495    1.662054
   85.000800  301.419053    0.602447    3.609020
   85.001730  301.404874    0.402010    1.723540
   85.002660  301.390692    0.341278    1.152319
   85.003591  301.376504    0.376954    1.488039
   85.006392  301.333885    0.525193    2.882878
   85.007328  301.319653    0.338459    1.126306
   85.008264  301.305403    0.361735    1.345378
   85.009202  301.291132    0.311338    0.871371
   85.010140  301.276846    0.387391    1.586936
   85.011077  301.262543    0.291998    0.689639
   85.012013  301.248226    0.218045    0.454166
   85.012947  301.233894    0.026943    0.056119
   85.013879  301.219548    0.204356    0.425654
   85.014812  301.205189    0.228467    0.475873
   85.015745  301.190815    0.053811    0.112082
   85.016678  301.176426    0.092388    0.192435
   85.017612  301.162029    0.406969    1.771922
   85.018546  301.147629    0.040851    0.085089
   85.019479  301.133233    0.050601    0.105397
   85.020412  301.118844    0.333570    1.081740
   85.021344  301.104456    0.377182    1.492109
   85.022275  301.090064    0.249015    0.518673
   85.023203  301.075666    0.321818    0.971481
   85.024129  301.061260    0.319805    0.952649
   85.025054  301.046851    0.526589    2.898038
   85.025977  301.032439    0.809608    5.560588
   85.026900  301.018024    0.405417    1.758333
   85.027822  301.003608    0.497837    2.627854
   85.028744  300.989195    0.578706    3.388715
   85.029665  300.974786    0.424316    1.936419
   85.030587  300.960390    0.308169    0.843889
   85.031509  300.946009    0.195394    0.406986
   85.032430  300.931635    0.400995    1.717336
   85.033353  300.917265    0.438315    2.068515
   85.034276  300.902896    0.334905    1.095805
   85.035201  300.888528    0.390246    1.616511
   85.036126  300.874158    0.600678    3.596216
   85.037052  300.859784    0.790756    5.384451
   85.037976  300.845403    0.324285    0.996299
   85.038898  300.831014    0.284488    0.622017
   85.039820  300.816617    0.026877    0.055983
   85.040742  300.802210    0.004113    0.008566
   85.041663  300.787792    0.003191    0.006648
   85.042584  300.773361    0.052838    0.110057
   85.043505  300.758917    0.082175    0.171162
   85.044426  300.744458    0.028222    0.058783
   85.045350  300.729983    0.004354    0.009069
   85.046276  300.715490    0.107983    0.224918
   85.047202  300.700980    0.610275    3.687709
   85.048128  300.686452    0.423529    1.931026
   85.049052  300.671904    0.680100    4.344782
   85.049974  300.657334    0.265772    0.553577
   85.050896  300.642750    0.055827    0.116282
   85.051816  300.628155    0.000000    0.000000
   85.052737  300.613550    0.022083    0.045997
   85.053657  300.598941    0.046061    0.095940
   85.054576  300.584327    0.183771    0.382776
   85.055495  300.569715    0.416377    1.864551
   85.056412  300.555108    0.392313    1.638276
   85.057328  300.540508    0.310512    0.868842
   85.058243  300.525916    0.438483    2.072808
   85.059156  300.511329    0.379481    1.517864
   85.060069  300.496754    0.091563    0.190717
   85.060981  300.482192    0.013345    0.027796
   85.062803  300.453079    0.344038    1.184840
   85.063713  300.438521    0.292853    0.703423
   85.064622  300.423957    0.369741    1.426830
   85.065531  300.409392    0.283343    0.614159
   85.066441  300.394826    0.123203    0.256619
   85.067352  300.380266    0.275441    0.573716
   85.068264  300.365710    0.446696    2.151178
   85.069177  300.351150    0.370012    1.429882
   85.070090  300.336582    0.215764    0.449415
   85.071003  300.321999    0.168287    0.350524
   85.071916  300.307397    0.193019    0.402040
   85.072829  300.292780    0.169999    0.354091
   85.073743  300.278146    0.387374    1.593717
   85.074656  300.263491    0.336081    1.111284
   85.075571  300.248811    0.311322    0.878465
   85.076485  300.234119    0.465231    2.326447
   85.077399  300.219413    0.351478    1.256430
   85.078312  300.204705    0.361543    1.351214
   85.079226  300.189995    0.298616    0.759343
   85.080138  300.175276    0.326018    1.017224
   85.081963  300.145804    0.242597    0.505306
   85.082875  300.131046    0.234296    0.488016
   85.083787  300.116279    0.324678    1.005015
   85.084697  300.101503    0.318632    0.948241
   85.085604  300.086722    0.209278    0.435906
   85.086508  300.071936    0.385333    1.575917
   85.087411  300.057149    0.412388    1.830535
   85.088312  300.042364    0.426223    1.960783
   85.089212  300.027584    0.503089    2.683990
   85.090111  300.012814    0.309250    0.860575
   85.091010  299.998048    0.397345    1.689416
   85.091909  299.983283    0.351290    1.256259
   85.092810  299.968516    0.433209    2.027003
   85.093712  299.953743    0.330337    1.059351
   85.094615  299.938975    0.504222    2.695248
   85.095518  299.924211    0.525034    2.891128
   85.096419  299.909461    0.649224    4.059525
   85.097320  299.894729    0.451162    2.196390
   85.098219  299.879999    0.335894    1.112121
   85.100019  299.850528    0.422557    1.927592
   85.100919  299.835774    0.345188    1.199853
   85.101820  299.821010    0.443695    2.126642
   85.102721  299.806233    0.271997    0.566542
   85.103622  299.791440    0.293847    0.717176
   85.104523  299.776629    0.313838    0.905338
   85.105424  299.761805    0.520321    2.847893
   85.106326  299.746968    0.220851    0.460010
   85.107228  299.732122    0.332506    1.081250
   85.108130  299.717268    0.273172    0.568989
   85.109032  299.702401    0.400867    1.724550
   85.109933  299.687519    0.400206    1.718424
   85.110835  299.672615    0.432790    2.025055
   85.111736  299.657686    0.322837    0.990796
   85.112637  299.642744    0.523826    2.881664
   85.113537  299.627793    0.331010    1.067875
   85.114435  299.612837    0.290342    0.685402
   85.115332  299.597879    0.299153    0.768392
   85.116227  299.582921    0.380528    1.534008
   85.117121  299.567966    0.287010    0.654355
   85.118014  299.553019    0.267539    0.557256
   85.118906  299.538086    0.274832    0.572448
   85.119797  299.523157    0.248628    0.517867
   85.120688  299.508229    0.347806    1.226683
   85.121579  299.493300    0.282976    0.616906
   85.122469  299.478369    0.316112    0.928724
   85.123359  299.463436    0.360898    1.350140
   85.124249  299.448499    0.487588    2.542051
   85.125137  299.433556    0.317301    0.940211
   85.126025  299.418606    0.276377    0.575666
   85.126914  299.403651    0.539764    3.033191
   85.127802  299.388692    0.300252    0.780117
   85.128692  299.373730    0.448680    2.176526
   85.129583  299.358764    0.653416    4.102653
   85.130474  299.343795    0.392695    1.650058
   85.131367  299.328821    0.392848    1.651598
   85.132260  299.313845    0.378323    1.515055
   85.133155  299.298865    0.304379    0.819543
   85.134049  299.283877    0.485499    2.523493
   85.134942  299.268881    0.317115    0.939553
   85.135833  299.253871    0.340520    1.159833
   85.137610  299.223812    0.363160    1.373013
   85.138497  299.208765    0.516365    2.814365
   85.139386  299.193706    0.315344    0.923390
   85.140276  299.178635    0.982236    7.197168
   85.141166  299.163556    0.463482    2.317173
   85.142055  299.148471    0.351438    1.263235
   85.142944  299.133385    0.373986    1.475456
   85.143831  299.118302    0.233540    0.486440
   85.144717  299.103213    0.331351    1.074574
   85.145602  299.088118    0.363213    1.374404
   85.147372  299.057900    0.266027    0.554108
   85.148257  299.042775    0.357337    1.319430
   85.149140  299.027637    0.556816    3.196090
   85.150022  299.012479    0.245086    0.510491
   85.150901  298.997298    0.385575    1.585370
   85.151781  298.982111    0.380510    1.537817
   85.152659  298.966926    0.371818    1.456145
   85.153539  298.951761    0.460538    2.290865
   85.154418  298.936625    0.691180    4.460697
   85.155299  298.921493    0.300485    0.785392
   85.156179  298.906358    0.408643    1.802967
   85.157059  298.891206    0.338690    1.145000
   85.158819  298.860847    0.266610    0.555323
   85.159699  298.845661    0.279503    0.588508
   85.161459  298.815301    0.482367    2.497112
   85.162339  298.800126    0.371514    1.454376
   85.163220  298.784954    0.470969    2.390085
   85.164099  298.769787    0.044525    0.092740
   85.164979  298.754628    0.389086    1.619984
   85.165858  298.739464    0.307312    0.850804
   85.166737  298.724291    0.393791    1.664441
   85.167617  298.709099    0.311160    0.887206
   85.168497  298.693884    0.407275    1.791493
   85.169377  298.678655    0.470514    2.386504
   85.170257  298.663414    0.369349    1.434904
   85.172015  298.632907    0.461595    2.302894
   85.172893  298.617641    0.410266    1.820126
   85.173770  298.602365    0.325003    1.018127
   85.174645  298.587081    0.273574    0.569827
   85.175518  298.571789    0.328065    1.047133
   85.177263  298.541179    0.000000    0.000000
   85.178136  298.525859    0.291186    0.700496
   85.179009  298.510527    0.245732    0.511836
   85.181623  298.464529    0.234148    0.487707
   85.182490  298.449216    0.307643    0.855805
   85.183357  298.433903    0.284388    0.637136
   85.185087  298.403258    0.377271    1.511113
   85.185952  298.387914    0.542558    3.066122
   85.187681  298.357210    0.308139    0.861060
   85.188547  298.341859    0.324092    1.011236
   85.189415  298.326515    0.338581    1.147633
   85.191153  298.295810    0.341349    1.173865
   85.192021  298.280440    0.201354    0.419401
   85.192890  298.265053    0.212970    0.443596
   85.193759  298.249659    0.298554    0.771578
   85.194628  298.234258    0.334993    1.114473
   85.197237  298.188051    0.316211    0.938091
   85.198106  298.172647    0.561439    3.245129
   85.198974  298.157242    0.457983    2.271992
   85.199842  298.141836    0.371155    1.455269
   85.200708  298.126431    0.346639    1.224735
   85.201573  298.111025    0.321757    0.990763
   85.202437  298.095624    0.527599    2.927287
   85.203299  298.080226    0.312094    0.900059
   85.205019  298.049421    0.395380    1.683767
   85.205880  298.034008    0.348996    1.247517
   85.206740  298.018587    0.367495    1.421639
   85.207600  298.003154    0.280928    0.607376
   85.208459  297.987706    0.406252    1.786445
   85.209317  297.972239    0.466165    2.350165
   85.210174  297.956748    0.416758    1.885476
   85.211029  297.941241    0.263836    0.549545
   85.211885  297.925719    0.324945    1.021958
   85.212740  297.910179    0.503837    2.704954
   85.213594  297.894621    0.199943    0.416462
   85.214449  297.879055    0.351380    1.270940
   85.215304  297.863485    0.372075    1.465725
   85.216159  297.847918    0.297715    0.766294
   85.217015  297.832359    0.316750    0.945470
   85.217872  297.816802    0.314742    0.926677
   85.218728  297.801243    0.518213    2.840901
   85.219585  297.785686    0.353105    1.287772
   85.220441  297.770129    0.106813    0.222481
   85.221297  297.754567    0.347587    1.236063
   85.222152  297.739001    0.298682    0.776101
   85.223008  297.723420    0.380850    1.549183
   85.224718  297.692226    0.488816    2.565056
   85.225574  297.676623    0.439591    2.102076
   85.226429  297.661028    0.371878    1.465181
   85.228140  297.629854    0.138268    0.287998
   85.228995  297.614264    0.461140    2.305199
   85.229849  297.598665    0.410049    1.824667
   85.230703  297.583056    0.540396    3.050990
   85.231556  297.567441    0.432188    2.033136
   85.232409  297.551823    0.456100    2.258188
   85.233262  297.536205    0.327550    1.048973
   85.234114  297.520588    0.472402    2.411740
   85.234966  297.504969    0.457378    2.270511
   85.235816  297.489346    0.579452    3.419003
   85.236665  297.473722    0.433619    2.047196
   85.237512  297.458096    0.378839    1.531970
   85.238359  297.442460    0.288509    0.682304
   85.240050  297.411141    0.357596    1.332429
   85.240895  297.395444    0.401014    1.740975
   85.241741  297.379732    0.378420    1.528527
   85.242585  297.364006    0.323997    1.016651
   85.243429  297.348271    0.503976    2.709867
   85.244272  297.332528    0.416029    1.882627
   85.245115  297.316777    0.307041    0.857434
   85.245957  297.301017    0.368825    1.438763
   85.246801  297.285251    0.579639    3.422054
   85.247647  297.269480    0.348890    1.251420
   85.248493  297.253701    0.203618    0.424116
   85.249339  297.237917    0.278221    0.586815
   85.250186  297.222124    0.320850    0.987939
   85.252727  297.174710    0.455601    2.255889
   85.253573  297.158900    0.524833    2.907276
   85.254416  297.143090    0.338376    1.153320
   85.255258  297.127283    0.401701    1.749131
   85.256099  297.111483    0.307096    0.859255
   85.256940  297.095698    0.112299    0.233909
   85.260302  297.032674    0.297429    0.768811
   85.261143  297.016922    0.475847    2.447353
   85.261984  297.001168    0.285318    0.655078
   85.265336  296.938058    0.444174    2.149892
   85.266171  296.922243    0.288574    0.686208
   85.267006  296.906400    0.261581    0.544848
   85.267842  296.890525    0.249512    0.519709
   85.268677  296.874633    0.373454    1.485006
   84.199722  216.829652    0.294045    1.139027
   84.198597  216.819046    0.328873    1.466748
   84.197473  216.808452    0.287474    1.077371
   84.196349  216.797869    0.252001    0.743743
   84.195225  216.787295    0.395929    2.097813
   84.194102  216.776728    0.432106    2.438222
   84.192979  216.766166    0.288665    1.088906
   84.191857  216.755610    0.255361    0.775680
   84.181735  216.660621    0.500591    3.083376
   84.180610  216.650065    0.063877    0.133050
   84.179483  216.639506    0.133108    0.277251
   84.167054  216.523574    0.445862    2.569599
   84.165923  216.513071    0.504605    3.122292
   84.164790  216.502576    0.473143    2.826406
   84.163658  216.492089    0.209001    0.435328
   84.162525  216.481610    0.357865    1.742120
   84.161393  216.471143    0.250485    0.732044
   84.155740  216.418904    0.525170    3.316518
   84.154612  216.408464    0.529150    3.354035
   84.153483  216.398028    0.547114    3.523114
   84.152354  216.387599    0.812261    6.017527
   84.151224  216.377176    0.623098    4.238092
   84.150094  216.366757    0.457622    2.681483
   84.148964  216.356340    0.465714    2.757697
   84.147834  216.345924    0.345743    1.629169
   84.146704  216.335508    0.282241    1.031871
   84.145573  216.325092    0.278557    0.997292
   84.144442  216.314676    0.546361    3.516699
   84.143309  216.304255    0.969397    7.496430
   84.142175  216.293828    1.130633    9.013320
   84.141041  216.283404    0.932985    7.154055
   84.139906  216.272984    0.829161    6.177436
   84.138771  216.262578    0.929977    7.125931
   84.137636  216.252185    0.922008    7.051048
   84.136500  216.241799    0.877200    6.629607
   84.135364  216.231417    0.556009    3.608134
   84.134228  216.221031    0.443359    2.548480
   84.133092  216.210640    0.481118    2.903778
   84.131955  216.200252    0.416338    2.294456
   84.130818  216.189869    0.438716    2.505061
   84.129681  216.179497    0.411329    2.247499
   84.128544  216.169135    0.396917    2.112008
   84.127407  216.158780    0.510931    3.184661
   84.126270  216.148428    0.569258    3.733445
   84.125134  216.138074    0.561052    3.656331
   84.123998  216.127718    0.545933    3.514190
   84.122862  216.117366    0.400653    2.147573
   84.121726  216.107023    0.420891    2.338041
   84.120590  216.096694    0.198730    0.413934
   84.119453  216.086381    0.587371    3.904345
   84.118316  216.076077    0.458424    2.691380
   84.117179  216.065779    0.438941    2.508173
   84.116042  216.055485    0.315542    1.347406
   84.114904  216.045193    0.308861    1.284639
   84.113767  216.034902    0.280915    1.021821
   84.112629  216.024610    0.314686    1.339604
   84.111491  216.014312    0.346115    1.635351
   84.110352  216.004006    0.261351    0.838033
   84.109212  215.993700    0.382018    1.973268
   84.108072  215.983399    0.158550    0.330243
   84.106932  215.973108    0.273075    0.948573
   84.105791  215.962830    0.200866    0.418384
   84.103510  215.942294    0.226796    0.513453
   84.102370  215.932036    0.301018    1.211773
   84.101230  215.921784    0.248165    0.714647
   84.100091  215.911535    0.277513    0.990809
   84.098952  215.901286    0.255033    0.779421
   84.097813  215.891033    0.256900    0.797064
   84.096673  215.880772    0.251013    0.741767
   84.095533  215.870511    0.117730    0.245220
   84.088676  215.809059    0.198412    0.413273
   84.087530  215.798834    0.339083    1.570935
   84.082949  215.757933    0.241902    0.657043
   84.081804  215.747708    0.234608    0.588508
   84.080660  215.737490    0.341369    1.592930
   84.079517  215.727287    0.250595    0.739075
   84.078373  215.717101    0.309163    1.290124
   84.077229  215.706924    0.239514    0.634995
   84.076086  215.696755    0.213021    0.443701
   84.074942  215.686589    0.065298    0.136009
   84.068076  215.625633    0.408702    2.227258
   84.066931  215.615478    0.309899    1.297868
   84.065787  215.605326    0.074903    0.156015
   84.064644  215.595178    0.254053    0.772669
   84.010596  215.122813    0.000000    0.000000
   84.005975  215.082975    0.024955    0.051980
   84.000193  215.033195    0.000000    0.000000
   83.989765  214.944043    0.344604    1.629838
   83.988608  214.934153    0.290046    1.116677
   83.987452  214.924261    0.425939    2.395149
   83.986295  214.914368    0.249346    0.733957
   83.985139  214.904478    0.283153    1.052073
   83.983982  214.894595    0.438430    2.512901
   83.982825  214.884722    0.287390    1.092097
   83.981668  214.874863    0.380441    1.967539
   83.980511  214.865012    0.365222    1.824446
   83.979354  214.855166    0.402308    2.173414
   83.978196  214.845326    0.300317    1.214034
   83.977037  214.835491    0.223112    0.487821
   83.975878  214.825657    0.228429    0.537922
   83.974719  214.815823    0.455742    2.676409
   83.973560  214.805983    0.453861    2.658794
   83.972403  214.796136    0.289075    1.108675
   83.971246  214.786290    0.425435    2.391543
   83.970089  214.776446    0.632779    4.342181
   83.968931  214.766609    0.466152    2.774743
   83.967772  214.756782    0.632286    4.337702
   83.966612  214.746961    0.666028    4.655213
   83.965452  214.737147    0.699127    4.966661
   83.964291  214.727342    0.581021    3.855687
   83.963128  214.717548    0.808029    5.991303
   83.961964  214.707756    0.675285    4.742620
   83.960801  214.697964    0.592718    3.965967
   83.959636  214.688163    0.588489    3.926258
   83.958472  214.678351    0.563249    3.688904
   83.954976  214.648929    0.456515    2.685067
   83.953811  214.639139    0.421762    2.358211
   83.952645  214.629358    0.493274    3.031035
   83.951479  214.619585    0.470256    2.814571
   83.950313  214.609821    0.476258    2.871118
   83.949148  214.600065    0.563876    3.695454
   83.947983  214.590318    0.768620    5.621624
   83.946818  214.580577    0.596418    4.001747
   83.945653  214.570844    0.486490    2.967699
   83.944489  214.561117    0.846646    6.355891
   83.943326  214.551396    0.646897    4.476866
   83.942162  214.541677    0.492189    3.021558
   83.941000  214.531958    0.763413    5.573126
   83.939838  214.522237    0.640401    4.415998
   83.938676  214.512517    1.040910    8.183798
   83.937513  214.502800    0.873881    6.612584
   83.936350  214.493086    0.808254    5.995288
   83.935187  214.483377    0.604678    4.080260
   83.934022  214.473670    0.770996    5.644948
   83.932857  214.463964    0.567618    3.731783
   83.931692  214.454260    0.701944    4.995516
   83.930525  214.444556    0.495252    3.051175
   83.929358  214.434851    0.407706    2.227688
   83.928191  214.425143    0.417539    2.320263
   83.927024  214.415422    0.534896    3.424369
   83.925856  214.405689    0.333540    1.530223
   83.924689  214.395958    0.601881    4.054674
   83.923520  214.386233    0.396411    2.121836
   83.922351  214.376529    0.460295    2.722893
   83.921180  214.366850    0.331149    1.508058
   83.920009  214.357182    0.360660    1.785753
   83.918838  214.347522    0.389212    2.054439
   83.917667  214.337865    0.533137    3.408464
   83.916496  214.328209    0.388635    2.049168
   83.915326  214.318556    0.429049    2.429434
   83.914155  214.308907    0.458827    2.709647
   83.912986  214.299258    0.370073    1.874791
   83.911817  214.289611    0.394468    2.104364
   83.910648  214.279967    0.494965    3.049852
   83.909480  214.270327    0.536258    3.438393
   83.908312  214.260694    0.613820    4.168128
   83.907144  214.251068    0.585768    3.904313
   83.905975  214.241445    0.503816    3.133438
   83.904807  214.231824    0.442177    2.553661
   83.903637  214.222200    0.301043    1.226049
   83.902466  214.212571    0.499987    3.097664
   83.901295  214.202944    0.323950    1.441700
   83.900123  214.193319    0.000000    0.000000
   83.898952  214.183700    0.439177    2.525848
   83.895441  214.154878    0.166101    0.345972
   83.894272  214.145274    0.212126    0.441838
   83.893102  214.135671    0.310192    1.312855
   83.891933  214.126073    0.521020    3.296268
   83.890764  214.116482    0.501146    3.109389
   83.889594  214.106902    0.583954    3.888474
   83.888423  214.097334    0.776606    5.700898
   83.887251  214.087775    0.379822    1.968295
   83.886080  214.078223    0.349359    1.681805
   83.884909  214.068680    0.440285    2.537257
   83.883738  214.059144    0.333380    1.531650
   83.882567  214.049611    0.340434    1.598093
   83.881396  214.040078    0.365695    1.835806
   83.880224  214.030536    0.374760    1.921173
   83.879052  214.020984    0.386385    2.030613
   83.877878  214.011432    0.296162    1.181937
   83.876703  214.001884    0.532576    3.406047
   83.875527  213.992346    0.486478    2.972466
   83.874348  213.982820    0.377516    1.947505
   83.871989  213.963793    0.299478    1.213542
   83.869630  213.944812    0.367447    1.853114
   83.868452  213.935330    0.372353    1.899351
   83.867273  213.925849    0.410097    2.254500
   83.866096  213.916358    0.415071    2.301373
   83.864920  213.906854    0.370681    1.883862
   83.863744  213.897348    0.357533    1.760264
   83.862569  213.887840    0.436092    2.499374
   83.861393  213.878335    0.371668    1.893395
   83.859042  213.859337    0.326350    1.467239
   83.857867  213.849850    0.303910    1.256220
   83.855516  213.830926    0.304813    1.264885
   83.854341  213.821479    0.322598    1.432274
   83.853165  213.812034    0.277869    1.011573
   83.851989  213.802581    0.306100    1.277230
   83.850812  213.793116    0.341364    1.609054
   83.849635  213.783650    0.288570    1.112485
   83.848458  213.774185    0.334675    1.546297
   83.847281  213.764723    0.327493    1.478811
   83.846103  213.755267    0.438056    2.518995
   83.844926  213.745816    0.290284    1.128938
   83.843748  213.736372    0.241652    0.671524
   83.842569  213.726937    0.324938    1.455103
   83.841389  213.717515    0.214422    0.446619
   83.840209  213.708100    0.199091    0.414687
   83.837846  213.689281    0.223513    0.501291
   83.836663  213.679874    0.233293    0.593381
   83.834298  213.661070    0.356046    1.748318
   83.833117  213.651670    0.316785    1.379064
   83.831937  213.642272    0.310394    1.319022
   83.830758  213.632879    0.360093    1.786636
   83.829579  213.623490    0.363933    1.822845
   83.828399  213.614109    0.342119    1.617714
   83.827219  213.604738    0.379247    1.967068
   83.826038  213.595372    0.369334    1.873900
   83.824857  213.586011    0.307388    1.291231
   83.822490  213.567305    0.299823    1.220228
   83.821306  213.557955    0.390828    2.076430
   83.820121  213.548603    0.285001    1.080958
   83.818936  213.539245    0.324063    1.448512
   83.817752  213.529877    0.287180    1.101622
   83.816568  213.520506    0.260914    0.854613
   83.815383  213.511134    0.251099    0.762357
   83.814200  213.501761    0.334582    1.547794
   83.813016  213.492387    0.550986    3.583661
   83.811833  213.483017    0.463793    2.763488
   83.810650  213.473654    0.569466    3.757667
   83.809466  213.464301    0.288859    1.117983
   83.808282  213.454963    0.344314    1.639755
   83.807098  213.445633    0.718456    5.159514
   83.805914  213.436310    0.480903    2.924856
   83.804730  213.426994    0.334476    1.547451
   83.803546  213.417684    0.742808    5.388844
   83.802362  213.408379    0.627820    4.307198
   83.801178  213.399077    0.311210    1.328819
   83.799994  213.389775    0.432431    2.469274
   83.798810  213.380472    0.748858    5.446084
   83.797626  213.371173    0.515008    3.246267
   83.796441  213.361880    0.497358    3.080307
   83.795255  213.352602    0.522730    3.319073
   83.794068  213.343339    0.309648    1.314612
   83.792880  213.334080    0.258261    0.831279
   83.791692  213.324823    0.333387    1.538102
   83.790503  213.315559    0.544198    3.521355
   83.789313  213.306286    0.380132    1.978007
   83.788124  213.297008    0.424153    2.392208
   83.786934  213.287729    0.363719    1.823774
   83.785745  213.278443    0.314402    1.359912
   83.784557  213.269153    0.288265    1.114110
   83.783370  213.259864    0.262988    0.876400
   83.780994  213.241306    0.312335    1.340793
   83.779805  213.232046    0.320495    1.417640
   83.778616  213.222795    0.383236    2.007943
   83.777427  213.213549    0.340596    1.606894
   83.776237  213.204309    0.344094    1.639889
   83.773858  213.185844    0.386488    2.038864
   83.772669  213.176621    0.315078    1.367170
   83.771479  213.167407    0.401691    2.182049
   83.770291  213.158201    0.486698    2.981812
   83.769102  213.148999    0.380544    1.983268
   83.767914  213.139797    0.436920    2.513695
   83.766726  213.130591    0.391068    2.082436
   83.765537  213.121378    0.465043    2.778428
   83.764348  213.112164    0.463151    2.760707
   83.763159  213.102954    0.694177    4.934125
   83.761970  213.093748    0.396479    2.133662
   83.760781  213.084550    0.326659    1.476926
   83.759591  213.075358    0.364121    1.829420
   83.757212  213.056991    0.323357    1.446106
   83.756023  213.047819    0.374044    1.923018
   83.754834  213.038654    0.364599    1.834245
   83.753646  213.029493    0.350739    1.703941
   83.752457  213.020337    0.362235    1.812171
   83.751269  213.011187    0.352100    1.716901
   83.750081  213.002038    0.393493    2.106383
   83.748892  212.992892    0.332125    1.529151
   83.747701  212.983745    0.368793    1.874184
   83.746508  212.974597    0.327993    1.490449
   83.744119  212.956300    0.324540    1.458126
   83.741723  212.937994    0.444501    2.586802
   83.740523  212.928842    0.360206    1.793895
   83.739324  212.919696    0.446420    2.605021
   83.736928  212.901441    0.395778    2.128775
   83.735733  212.892329    0.431138    2.461499
   83.734537  212.883224    0.449926    2.638320
   83.733343  212.874125    0.423440    2.389241
   83.729763  212.846850    0.586369    3.922213
   83.728570  212.837758    0.419100    2.348737
   83.726186  212.819568    0.414484    2.305473
   83.724994  212.810479    0.538347    3.470780
   83.723803  212.801401    0.506059    3.167111
   83.722612  212.792338    0.536482    3.453393
   83.721421  212.783279    0.430282    2.454412
   83.720229  212.774221    0.386068    2.038560
   83.719036  212.765159    0.431790    2.468766
   83.717842  212.756089    0.563159    3.704679
   83.716647  212.747020    0.469885    2.827298
   83.714254  212.728894    0.418434    2.343439
   83.713057  212.719844    0.378249    1.965485
   83.711860  212.710798    0.443793    2.582165
   83.710663  212.701757    0.389689    2.073265
   83.708267  212.683704    0.595411    4.008723
   83.705871  212.665655    0.435485    2.504409
   83.704672  212.656611    0.659238    4.609411
   83.703472  212.647547    0.383002    2.010851
   83.702272  212.638482    0.418845    2.348120
   83.701072  212.629424    0.509695    3.202853
   83.699872  212.620386    0.469569    2.825454
   83.698672  212.611373    0.544058    3.526278
   83.697472  212.602374    0.426497    2.420429
   83.696272  212.593387    0.567722    3.749060
   83.695073  212.584416    0.436479    2.514491
   83.693874  212.575460    0.543410    3.520507
   83.692675  212.566507    0.450152    2.643272
   83.691476  212.557554    0.500053    3.112792
   83.689074  212.539600    0.513957    3.243754
   83.687873  212.530611    0.450028    2.642435
   83.686672  212.521620    0.507082    3.179242
   83.685471  212.512635    0.439919    2.547497
   83.684272  212.503658    0.499659    3.109566
   83.683074  212.494687    0.487694    2.997093
   83.681875  212.485721    0.496425    3.079308
   83.680676  212.476764    0.563011    3.705786
   83.679477  212.467817    0.462479    2.760127
   83.678278  212.458873    0.496817    3.083240
   83.677079  212.449932    0.452292    2.664452
   83.675880  212.440990    0.377562    1.961521
   83.674681  212.432044    0.494869    3.065150
   83.673481  212.423099    0.494947    3.065963
   83.672282  212.414154    0.476213    2.889807
   83.669885  212.396265    0.497173    3.087147
   83.668686  212.387322    0.558674    3.665784
   83.667487  212.378381    0.566918    3.743422
   83.666286  212.369442    0.431396    2.468603
   83.665083  212.360505    0.396178    2.137374
   83.663880  212.351573    0.419690    2.358637
   83.662676  212.342646    0.371538    1.905731
   83.661472  212.333728    0.582841    3.893614
   83.660268  212.324820    0.558029    3.660278
   83.659064  212.315917    0.560867    3.687056
   83.657859  212.307016    0.422093    2.381637
   83.656654  212.298116    0.523312    3.333918
   83.655448  212.289213    0.329226    1.508168
   83.654243  212.280312    0.381942    2.004169
   83.653037  212.271411    0.401443    2.187697
   83.651830  212.262511    0.362868    1.824894
   83.650624  212.253611    0.443237    2.581029
   83.649417  212.244716    0.447119    2.617622
   83.648210  212.235827    0.449039    2.635771
   83.647004  212.226950    0.448091    2.626932
   83.644594  212.209231    0.279191    1.038191
   83.643389  212.200380    0.311964    1.346574
   83.642186  212.191528    0.414459    2.310861
   83.640983  212.182676    0.356363    1.764407
   83.639781  212.173827    0.371693    1.908700
   83.638579  212.164984    0.342171    1.631057
   83.637378  212.156148    0.431423    2.470764
   83.636176  212.147321    0.294498    1.182740
   83.634974  212.138501    0.195476    0.407158
   83.633772  212.129688    0.422832    2.390178
   83.632570  212.120886    0.520246    3.306667
   83.631367  212.112096    0.404192    2.214982
   83.630163  212.103305    0.293648    1.175140
   83.628959  212.094513    0.295622    1.193786
   83.627753  212.085705    0.247840    0.744363
   83.626545  212.076879    0.277445    1.022946
   83.625337  212.068049    0.322944    1.451053
   83.624129  212.059217    0.083467    0.173854
   83.622921  212.050391    0.173863    0.362139
   83.621714  212.041572    0.320657    1.429775
   83.619299  212.023951    0.217476    0.459272
   83.618089  212.015149    0.513903    3.247941
   83.616879  212.006355    0.176071    0.366739
   83.615667  211.997568    0.272139    0.973749
   83.614455  211.988788    0.251343    0.778187
   83.613243  211.980016    0.254358    0.806635
   83.612030  211.971251    0.206071    0.429225
   83.607185  211.936268    0.132390    0.275755
   83.605976  211.927536    0.315997    1.386974
   83.603559  211.910066    0.347826    1.686562
   83.602350  211.901316    0.286312    1.107958
   83.601141  211.892566    0.306340    1.296454
   83.599933  211.883816    0.246059    0.729454
   83.598723  211.875069    0.072813    0.151663
   83.597513  211.866328    0.225921    0.540170
   83.596303  211.857591    0.136748    0.284832
   83.591467  211.822696    0.000000    0.000000
   83.590258  211.813982    0.260242    0.863532
   83.586629  211.787832    0.261029    0.871177
   83.585419  211.779123    0.359985    1.802168
