Converting ICESat/GLAS binary freeboard vector data to ASCII
Wed Feb 12 09:58:24 2014

write_fb:
  file_in:       laser3k0130002.dat
  laser_period:  3k
  track:         0130
  cycle:         002
  file_out:      laser3k0130002.txt
  non_zero_only:        0
  nan_replace:       -999

read_fb:
  Year:                  2008
  Month:                   10
  Day:                     18
  Hour:                     1
  Minute:                  50
  Doy:                    292
  record_count:          1689
  non_zero_count:        1681
  nan_count:                0

    Latitude   Longitude   Freeboard   Thickness
   83.954854   72.023635    0.068705    0.148878
   83.968861   71.905876    0.230854    1.240866
   83.970026   71.896018    0.130221    0.293969
   83.971191   71.886159    0.180204    0.763958
   83.972355   71.876299    0.393218    2.767636
   83.973518   71.866443    0.363136    2.484428
   83.974680   71.856592    0.224942    1.184178
   83.975840   71.846751    0.214052    1.081515
   83.976997   71.836928    0.135150    0.339043
   83.979307   71.817294    0.236001    1.287355
   83.980462   71.807476    0.255879    1.474136
   83.981617   71.797650    0.146692    0.446766
   83.982771   71.787820    0.013543    0.029346
   83.985080   71.768147    0.182885    0.786600
   83.986234   71.758304    0.143353    0.414495
   83.989696   71.728738    0.030424    0.065926
   83.997819   71.659415    0.407675    2.898911
   83.998983   71.649475    0.276041    1.660374
   84.000146   71.639535    0.134933    0.332710
   84.001308   71.629589    0.026078    0.056510
   84.002471   71.619638    0.149823    0.472352
   84.003634   71.609679    0.096107    0.208255
   84.004797   71.599709    0.019368    0.041969
   84.017509   71.490203    0.125850    0.272706
   84.018660   71.480237    0.185186    0.802006
   84.019810   71.470266    0.142573    0.400924
   84.020960   71.460291    0.036413    0.078904
   84.022109   71.450313    0.067613    0.146512
   84.024405   71.430351    0.339679    2.254304
   84.025554   71.420364    0.177459    0.728036
   84.026702   71.410374    0.254326    1.450938
   84.027852   71.400379    0.284521    1.734773
   84.029002   71.390381    0.338736    2.244580
   84.030152   71.380377    0.363936    2.481429
   84.031303   71.370370    0.296518    1.846996
   84.032455   71.360361    0.370582    2.543522
   84.033607   71.350346    0.301449    1.892951
   84.034760   71.340324    0.311199    1.984459
   84.035913   71.330293    0.225471    1.177771
   84.037068   71.320250    0.272844    1.623206
   84.038224   71.310199    0.142829    0.399897
   84.039380   71.300137    0.175640    0.708346
   84.040535   71.290065    0.076648    0.166091
   84.041690   71.279980    0.125922    0.272862
   84.042845   71.269888    0.087937    0.190553
   84.044000   71.259791    0.167717    0.632954
   84.045155   71.249693    0.297187    1.850705
   84.046311   71.239601    0.201070    0.946277
   84.047466   71.229508    0.396091    2.780698
   84.048621   71.219412    0.115690    0.250691
   84.049774   71.209315    0.180627    0.753321
   84.052075   71.189110    0.130916    0.285245
   84.053224   71.179006    0.173275    0.683515
   84.054371   71.168905    0.325536    2.115672
   84.055518   71.158809    0.138490    0.355854
   84.056663   71.148713    0.138752    0.358103
   84.057808   71.138617    0.067557    0.146391
   84.058952   71.128521    0.232143    1.236237
   84.060096   71.118419    0.288103    1.762453
   84.061239   71.108317    0.222696    1.146936
   84.062382   71.098215    0.436024    3.153572
   84.064667   71.078029    0.358355    2.422485
   84.065810   71.067939    0.433836    3.132342
   84.066953   71.057842    0.325570    2.113638
   84.068096   71.047732    0.400430    2.817651
   84.069237   71.037598    0.381583    2.640142
   84.070379   71.027452    0.353510    2.375831
   84.072666   71.007144    0.356648    2.404930
   84.073812   70.996994    0.356566    2.403944
   84.074959   70.986838    0.361750    2.452496
   84.076107   70.976672    0.308892    1.955024
   84.077257   70.966493    0.390046    2.718257
   84.078409   70.956289    0.273343    1.620174
   84.079562   70.946076    0.358299    2.419170
   84.080715   70.935856    0.323278    2.089500
   84.083017   70.915420    0.270624    1.593734
   84.084166   70.905204    0.357043    2.406490
   84.085314   70.894988    0.321100    2.068149
   84.087607   70.874544    0.223192    1.146660
   84.088752   70.864320    0.311885    1.980812
   84.089896   70.854098    0.282490    1.704072
   84.091038   70.843883    0.371105    2.537485
   84.092179   70.833681    0.381888    2.638710
   84.093318   70.823482    0.393517    2.747894
   84.094456   70.813286    0.325566    2.108448
   84.095594   70.803089    0.333566    2.183489
   84.096729   70.792893    0.289017    1.764190
   84.097865   70.782692    0.405147    2.856448
   84.099000   70.772485    0.303077    1.896025
   84.100136   70.762266    0.282137    1.698826
   84.101273   70.752029    0.347350    2.312089
   84.102410   70.741782    0.316709    2.023633
   84.103547   70.731527    0.382258    2.640057
   84.104685   70.721266    0.402917    2.834189
   84.105822   70.711001    0.349226    2.328883
   84.106960   70.700731    0.348804    2.324701
   84.108099   70.690456    0.333213    2.177817
   84.109238   70.680176    0.327665    2.125413
   84.110379   70.669895    0.372973    2.551428
   84.111521   70.659606    0.321213    2.064288
   84.112663   70.649309    0.502234    3.766998
   84.113805   70.639000    0.387006    2.682795
   84.114947   70.628668    0.328882    2.135787
   84.116090   70.618329    0.291248    1.781540
   84.117232   70.607986    0.347168    2.307382
   84.118374   70.597645    0.390881    2.718393
   84.119515   70.587319    0.301837    1.880506
   84.120655   70.576992    0.292860    1.795845
   84.121796   70.566664    0.273767    1.616017
   84.122937   70.556332    0.302664    1.887648
   84.124079   70.545990    0.344704    2.282919
   84.126361   70.525295    0.411135    2.907420
   84.128639   70.504584    0.318278    2.033460
   84.129776   70.494224    0.278780    1.661676
   84.130911   70.483863    0.219864    1.107221
   84.132045   70.473501    0.337118    2.210053
   84.133178   70.463142    0.430913    3.092198
   84.134309   70.452783    0.525736    3.984015
   84.135440   70.442420    0.313874    1.990747
   84.136570   70.432056    0.421842    3.006223
   84.137700   70.421688    0.295065    1.813376
   84.138830   70.411316    0.395629    2.759204
   84.139960   70.400941    0.318698    2.035272
   84.141090   70.390560    0.327976    2.122344
   84.143352   70.369784    0.353368    2.360785
   84.144483   70.359389    0.350179    2.330570
   84.145614   70.348992    0.370612    2.522576
   84.146746   70.338595    0.393929    2.741715
   84.147877   70.328192    0.330065    2.140716
   84.151279   70.296914    0.350513    2.332433
   84.152416   70.286461    0.328724    2.127234
   84.153552   70.276002    0.343017    2.261479
   84.154690   70.265540    0.337894    2.213076
   84.158101   70.234156    0.413970    2.928098
   84.159237   70.223690    0.448803    3.255575
   84.160372   70.213220    0.278921    1.657218
   84.161506   70.202748    0.196410    0.880801
   84.162639   70.192278    0.088385    0.191522
   84.163771   70.181811    0.133569    0.289434
   84.164901   70.171358    0.154575    0.486596
   84.167157   70.150448    0.337176    2.203959
   84.168285   70.139984    0.321877    2.059827
   84.169412   70.129503    0.472790    3.479305
   84.170539   70.119014    0.448099    3.246814
   84.171667   70.108518    0.347897    2.303967
   84.172794   70.098014    0.298665    1.840609
   84.173921   70.087505    0.378509    2.591518
   84.175049   70.076988    0.272451    1.593576
   84.176176   70.066466    0.276996    1.636123
   84.177303   70.055938    0.238793    1.276515
   84.178429   70.045401    0.187181    0.790769
   84.179554   70.034862    0.270738    1.576607
   84.180680   70.024319    0.233220    1.223453
   84.181806   70.013778    0.325884    2.094954
   84.182932   70.003243    0.367433    2.485607
   84.184060   69.992705    0.309739    1.942653
   84.185187   69.982164    0.349386    2.315406
   84.186315   69.971612    0.269640    1.564995
   84.187442   69.961042    0.214221    1.043434
   84.188569   69.950467    0.339640    2.223078
   84.189697   69.939888    0.383738    2.637710
   84.190825   69.929310    0.161181    0.543832
   84.191953   69.918744    0.280242    1.663659
   84.193082   69.908176    0.202987    0.936681
   84.194211   69.897605    0.370581    2.513084
   84.195340   69.887025    0.330296    2.133896
   84.196469   69.876431    0.300271    1.851223
   84.197597   69.865829    0.285221    1.709431
   84.198726   69.855224    0.208106    0.983768
   84.199854   69.844616    0.188186    0.796158
   84.200982   69.834009    0.194054    0.851144
   84.202110   69.823400    0.111215    0.240995
   84.203237   69.812788    0.230192    1.190682
   84.204364   69.802173    0.277466    1.635188
   84.205490   69.791555    0.307388    1.916460
   84.206615   69.780932    0.191605    0.827037
   84.207739   69.770306    0.171589    0.638528
   84.209983   69.749037    0.075654    0.163937
   84.212223   69.727757    0.000000    0.000000
   84.213342   69.717122    0.000000    0.000000
   84.214461   69.706501    0.053756    0.116486
   84.215579   69.695881    0.126809    0.274784
   84.217815   69.674619    0.458275    3.333562
   84.218934   69.663960    0.090805    0.196767
   84.220053   69.653292    0.198280    0.887272
   84.221171   69.642616    0.195368    0.859662
   84.222289   69.631937    0.230718    1.192001
   84.223405   69.621260    0.272832    1.587971
   84.224521   69.610577    0.293774    1.784767
   84.225638   69.599886    0.367542    2.478511
   84.226757   69.589187    0.291396    1.761967
   84.227878   69.578476    0.400245    2.785734
   84.229001   69.567753    0.207832    0.975426
   84.230124   69.557022    0.358940    2.396737
   84.231248   69.546277    0.201149    0.912125
   84.232372   69.535515    0.263014    1.493895
   84.233496   69.524748    0.363930    2.443040
   84.234620   69.513978    0.254441    1.412817
   84.236864   69.492459    0.196853    0.870643
   84.237985   69.481712    0.265077    1.512238
   84.239105   69.470968    0.099807    0.216273
   84.240225   69.460229    0.099632    0.215894
   84.243585   69.428037    0.117552    0.254726
   84.244703   69.417302    0.080127    0.173630
   84.245818   69.406558    0.052141    0.112985
   84.246932   69.395808    0.140130    0.335104
   84.248045   69.385053    0.260976    1.471732
   84.249158   69.374291    0.150411    0.431394
   84.250271   69.363523    0.200666    0.903950
   84.251383   69.352748    0.446267    3.214187
   84.252495   69.341966    0.374833    2.541971
   84.253607   69.331177    0.318015    2.007257
   84.254718   69.320380    0.323321    2.056954
   84.255829   69.309577    0.316005    1.987921
   84.256940   69.298765    0.363928    2.438531
   84.258051   69.287945    0.430154    3.061335
   84.259164   69.277114    0.328074    2.100820
   84.260277   69.266276    0.427344    3.034474
   84.261390   69.255434    0.318558    2.010870
   84.262505   69.244589    0.213319    1.020638
   84.263621   69.233751    0.126994    0.275187
   84.264738   69.222908    0.140680    0.336874
   84.265855   69.212057    0.217514    1.059456
   84.266972   69.201193    0.131122    0.284130
   84.268087   69.190306    0.299036    1.825937
   84.269201   69.179412    0.374324    2.533986
   84.270316   69.168513    0.406374    2.835275
   84.271430   69.157616    0.144164    0.368360
   84.272544   69.146727    0.100231    0.217194
   84.273659   69.135839    0.115063    0.249331
   84.274773   69.124952    0.117949    0.255586
   84.275887   69.114066    0.094322    0.204389
   84.277000   69.103181    0.092904    0.201315
   84.278112   69.092296    0.044666    0.096788
   84.279225   69.081408    0.146271    0.386687
   84.280337   69.070518    0.118749    0.257320
   84.281449   69.059623    0.149086    0.412745
   84.283672   69.037819    0.072845    0.157848
   84.284782   69.026909    0.131554    0.285067
   84.285891   69.015993    0.053525    0.115984
   84.286999   69.005073    0.136185    0.295102
   84.288106   68.994147    0.111487    0.241584
   84.289212   68.983217    0.072611    0.157343
   84.290318   68.972284    0.139620    0.321983
   84.291423   68.961345    0.105657    0.228951
   84.292528   68.950400    0.193729    0.830579
   84.293633   68.939446    0.139573    0.320910
   84.294739   68.928479    0.189509    0.790462
   84.295845   68.917506    0.557754    4.254453
   84.296950   68.906529    0.461734    3.350947
   84.298056   68.895550    0.440517    3.151133
   84.299163   68.884577    0.297391    1.804490
   84.300269   68.873602    0.255899    1.413947
   84.301375   68.862621    0.374021    2.524943
   84.302481   68.851632    0.622207    4.859502
   84.303586   68.840630    0.291443    1.747681
   84.304692   68.829621    0.335550    2.162391
   84.305797   68.818609    0.272900    1.572810
   84.306904   68.807596    0.438465    3.130118
   84.308012   68.796588    0.306225    1.885878
   84.310231   68.774563    0.216887    1.045017
   84.311340   68.763542    0.409547    2.857220
   84.312447   68.752506    0.286463    1.699107
   84.313554   68.741469    0.341339    2.215132
   84.314661   68.730434    0.344267    2.242465
   84.316868   68.708402    0.269201    1.535861
   84.317970   68.697399    0.194124    0.829374
   84.323469   68.642329    0.281718    1.652323
   84.324569   68.631276    0.403520    2.797942
   84.325669   68.620188    0.260081    1.448351
   84.326770   68.609086    0.429131    3.038450
   84.327872   68.597974    0.478349    3.501247
   84.328974   68.586855    0.379076    2.567131
   84.331178   68.564621    0.450963    3.242976
   84.332279   68.553499    0.235695    1.217660
   84.333380   68.542375    0.298011    1.803667
   84.334480   68.531251    0.266355    1.505658
   84.335579   68.520125    0.301287    1.834058
   84.336678   68.508997    0.241222    1.268791
   84.339974   68.475601    0.384529    2.616291
   84.341072   68.464464    0.510894    3.804833
   84.342170   68.453326    0.359282    2.378351
   84.343268   68.442186    0.413270    2.886024
   84.344365   68.431044    0.261500    1.458057
   84.345462   68.419898    0.367339    2.453508
   84.346560   68.408751    0.318724    1.995952
   84.347658   68.397602    0.334605    2.145134
   84.348757   68.386449    0.282394    1.653755
   84.349856   68.375289    0.309676    1.910190
   84.350955   68.364118    0.370957    2.486468
   84.352054   68.352930    0.276565    1.598279
   84.353154   68.341736    0.378377    2.555844
   84.354253   68.330539    0.285802    1.684738
   84.355352   68.319345    0.325957    2.062277
   84.356450   68.308164    0.519838    3.885964
   84.357548   68.296984    0.211449    0.984632
   84.359742   68.274614    0.236974    1.224329
   84.360840   68.263417    0.308643    1.898326
   84.361937   68.252212    0.355301    2.337035
   84.363033   68.241000    0.339442    2.187632
   84.364128   68.229780    0.187441    0.757496
   84.365222   68.218549    0.284302    1.668484
   84.367408   68.196072    0.381335    2.580876
   84.368500   68.184831    0.330848    2.105722
   84.369589   68.173594    0.316225    1.967937
   84.370679   68.162354    0.314134    1.948056
   84.371769   68.151111    0.344649    2.234910
   84.372859   68.139863    0.278819    1.615407
   84.373951   68.128609    0.259152    1.430178
   84.375044   68.117350    0.254781    1.388843
   84.376138   68.106084    0.296792    1.783842
   84.377231   68.094811    0.327039    2.068175
   84.378325   68.083532    0.372265    2.493419
   84.380514   68.060942    0.381824    2.582909
   84.381607   68.049625    0.305471    1.864414
   84.382701   68.038281    0.296327    1.778180
   84.383794   68.026927    0.374836    2.516531
   84.384887   68.015570    0.401658    2.768636
   84.385979   68.004217    0.402180    2.773336
   84.387072   67.992880    0.300400    1.815635
   84.388164   67.981547    0.353447    2.314451
   84.389256   67.970218    0.363431    2.408161
   84.390347   67.958892    0.328035    2.074971
   84.391438   67.947571    0.255618    1.393498
   84.392527   67.936250    0.314006    1.942559
   84.393616   67.924932    0.317639    1.976530
   84.394705   67.913614    0.321765    2.015122
   84.395792   67.902295    0.337370    2.161715
   84.396879   67.890976    0.331388    2.105228
   84.397965   67.879654    0.359514    2.369602
   84.399050   67.868331    0.291051    1.725334
   84.401217   67.845674    0.379445    2.556461
   84.402301   67.834334    0.250942    1.347377
   84.403384   67.822983    0.377992    2.542365
   84.404469   67.811612    0.319105    1.988180
   84.405554   67.800230    0.276017    1.582626
   84.406639   67.788837    0.305454    1.859335
   84.408812   67.766023    0.286906    1.684418
   84.409898   67.754603    0.326736    2.058894
   84.410985   67.743172    0.199845    0.864974
   84.412071   67.731731    0.420582    2.941312
   84.414242   67.708807    0.263965    1.467535
   84.415327   67.697339    0.127428    0.276126
   84.418583   67.662965    0.060857    0.131872
   84.419668   67.651517    0.115320    0.249890
   84.420753   67.640076    0.000000    0.000000
   84.421836   67.628646    0.172701    0.607482
   84.424001   67.605782    0.172641    0.606491
   84.425083   67.594334    0.051310    0.111185
   84.426167   67.582856    0.163383    0.518971
   84.427250   67.571369    0.299022    1.794756
   84.428333   67.559877    0.339208    2.172587
   84.430499   67.536904    0.500185    3.686524
   84.431582   67.525423    0.239006    1.229306
   84.432664   67.513942    0.270580    1.526123
   84.433746   67.502461    0.335263    2.134405
   84.434828   67.490981    0.377758    2.533956
   84.435910   67.479495    0.245609    1.290574
   84.436991   67.468003    0.138418    0.299942
   84.439153   67.444976    0.267947    1.500072
   84.440234   67.433443    0.348414    2.256836
   84.441314   67.421900    0.290284    1.709773
   84.442393   67.410349    0.224306    1.088887
   84.443471   67.398791    0.264017    1.462245
   84.444548   67.387226    0.366452    2.425666
   84.445625   67.375653    0.349645    2.267350
   84.446703   67.364075    0.360264    2.367027
   84.447784   67.352490    0.292069    1.725279
   84.449945   67.329303    0.143772    0.329775
   84.451025   67.317699    0.013784    0.029869
   84.452103   67.306085    0.150328    0.391022
   84.453180   67.294469    0.108851    0.235872
   84.454256   67.282850    0.128931    0.279383
   84.455332   67.271233    0.101254    0.219410
   84.456406   67.259622    0.046434    0.100618
   84.457481   67.248013    0.125928    0.272876
   84.458555   67.236407    0.066023    0.143067
   84.459629   67.224802    0.081684    0.177004
   84.460704   67.213202    0.036834    0.079817
   84.461780   67.201602    0.099992    0.216674
   84.462855   67.190003    0.037108    0.080411
   84.463929   67.178404    0.076744    0.166298
   84.465002   67.166805    0.240596    1.237634
   84.466075   67.155202    0.471509    3.409702
   84.467147   67.143594    0.291606    1.717083
   84.468220   67.131979    0.383996    2.586013
   84.469294   67.120354    0.163787    0.514214
   84.470368   67.108719    0.250418    1.328972
   84.471443   67.097076    0.303801    1.830943
   84.472517   67.085421    0.369570    2.449447
   84.473591   67.073750    0.333422    2.109170
   84.475738   67.050384    0.233992    1.173377
   84.477886   67.026999    0.256165    1.381528
   84.478960   67.015301    0.267835    1.491103
   84.480034   67.003600    0.221165    1.051846
   84.481108   66.991896    0.197240    0.826558
   84.482180   66.980191    0.214354    0.987339
   84.483251   66.968482    0.257748    1.395345
   84.484321   66.956768    0.223388    1.071896
   84.485391   66.945045    0.288403    1.683303
   84.486459   66.933306    0.089416    0.193757
   84.488594   66.909817    0.312762    1.911803
   84.489662   66.898074    0.304220    1.831237
   84.490729   66.886344    0.298577    1.777936
   84.491797   66.874612    0.265457    1.466145
   84.492864   66.862874    0.219312    1.031828
   84.495000   66.839353    0.159035    0.464361
   84.496067   66.827574    0.294875    1.742030
   84.497135   66.815788    0.426540    2.980433
   84.498202   66.804002    0.319217    1.970597
   84.499269   66.792219    0.312067    1.903122
   84.501403   66.768652    0.319816    1.975587
   84.502470   66.756868    0.272696    1.532094
   84.507805   66.697925    0.254730    1.362014
   84.508872   66.686116    0.317987    1.956875
   84.509938   66.674299    0.266870    1.475783
   84.512070   66.650647    0.211167    0.951342
   84.514200   66.626976    0.104180    0.225751
   84.515264   66.615138    0.087705    0.190050
   84.516329   66.603307    0.107644    0.233256
   84.517393   66.591473    0.120503    0.261121
   84.518457   66.579635    0.054044    0.117110
   84.519520   66.567793    0.168552    0.548941
   84.520582   66.555944    0.291121    1.701776
   84.521643   66.544088    0.272732    1.528569
   84.522704   66.532224    0.227036    1.098478
   84.523765   66.520349    0.402850    2.752203
   84.524827   66.508462    0.245516    1.271897
   84.526949   66.484658    0.532736    3.973444
   84.529072   66.460815    0.287668    1.667572
   84.530134   66.448881    0.264441    1.448851
   84.531195   66.436944    0.214825    0.981884
   84.532257   66.425007    0.193359    0.779728
   84.533319   66.413073    0.112251    0.243239
   84.534380   66.401140    0.246923    1.283195
   84.535441   66.389208    0.351622    2.267914
   84.537564   66.365363    0.206823    0.905314
   84.538625   66.353444    0.208566    0.921497
   84.539685   66.341518    0.156423    0.430756
   84.540744   66.329578    0.157899    0.444425
   84.541800   66.317607    0.069524    0.150652
   84.542855   66.305629    0.086912    0.188332
   84.543910   66.293651    0.107645    0.233258
   84.544965   66.281681    0.084055    0.182141
   84.546022   66.269740    0.191875    0.762978
   84.547080   66.257801    0.167019    0.528937
   84.548138   66.245860    0.096676    0.209489
   84.549197   66.233909    0.141925    0.307541
   84.550257   66.221933    0.197262    0.812793
   84.551317   66.209947    0.327435    2.037158
   84.552376   66.197951    0.331713    2.077192
   84.553433   66.185945    0.454182    3.229083
   84.554488   66.173929    0.312825    1.899073
   84.555541   66.161905    0.289441    1.678877
   84.557647   66.137844    0.271380    1.508548
   84.558700   66.125814    0.355018    2.295143
   84.559754   66.113779    0.326651    2.028073
   84.561863   66.089693    0.397520    2.694325
   84.562917   66.077633    0.329614    2.055303
   84.563972   66.065570    0.379981    2.528904
   84.565026   66.053503    0.169022    0.544132
   84.566079   66.041438    0.314255    1.910169
   84.567130   66.029381    0.303017    1.804239
   84.568181   66.017322    0.182086    0.666392
   84.569232   66.005260    0.275765    1.547445
   84.570282   65.993191    0.184870    0.692151
   84.571332   65.981110    0.603603    4.631108
   84.572382   65.969021    0.411600    2.824648
   84.573432   65.956925    0.311100    1.879000
   84.574483   65.944821    0.305189    1.823183
   84.575536   65.932709    0.317165    1.935636
   84.576590   65.920590    0.304008    1.811648
   84.577643   65.908467    0.370123    2.433397
   84.578696   65.896341    0.305198    1.822411
   84.579749   65.884216    0.216604    0.988768
   84.580801   65.872087    0.147952    0.342724
   84.581852   65.859953    0.167012    0.521811
   84.582903   65.847814    0.132765    0.287692
   84.583953   65.835664    0.186116    0.701099
   84.585003   65.823510    0.171154    0.560132
   84.586052   65.811354    0.160319    0.457991
   84.587101   65.799197    0.171218    0.560315
   84.588150   65.787044    0.183355    0.674278
   84.589200   65.774891    0.246794    1.270853
   84.590248   65.762737    0.328740    2.041536
   84.591297   65.750585    0.284407    1.624264
   84.593390   65.726286    0.398461    2.696782
   84.595480   65.701949    0.460866    3.283424
   84.596524   65.689745    0.468816    3.358002
   84.597567   65.677528    0.418870    2.887930
   84.598610   65.665302    0.461915    3.292660
   84.600698   65.640846    0.357203    2.307174
   84.601743   65.628616    0.332187    2.071623
   84.602788   65.616382    0.368482    2.412848
   84.603833   65.604142    0.539154    4.018203
   84.604878   65.591895    0.572476    4.331466
   84.605922   65.579643    0.490150    3.556785
   84.606967   65.567387    0.313135    1.891328
   84.608011   65.555126    0.410145    2.803724
   84.609055   65.542865    0.345091    2.191523
   84.610099   65.530597    0.282745    1.604806
   84.611142   65.518322    0.222074    1.033834
   84.612186   65.506034    0.199589    0.822100
   84.617406   65.444476    0.288719    1.659510
   84.618451   65.432182    0.145649    0.315609
   84.619495   65.419891    0.127956    0.277271
   84.620539   65.407601    0.282683    1.602084
   84.621581   65.395314    0.268887    1.472092
   84.622622   65.383026    0.245900    1.255632
   84.623662   65.370735    0.145649    0.315611
   84.624702   65.358441    0.245795    1.254218
   84.625739   65.346140    0.188264    0.712789
   84.626776   65.333835    0.293475    1.702336
   84.627812   65.321523    0.232767    1.131018
   84.628847   65.309203    0.207224    0.890522
   84.629883   65.296872    0.176702    0.603178
   84.630918   65.284535    0.199647    0.818810
   84.631953   65.272196    0.171956    0.558107
   84.635053   65.235203    0.166754    0.508532
   84.636086   65.222865    0.092839    0.201175
   84.637120   65.210511    0.147539    0.327345
   84.638154   65.198132    0.180777    0.639811
   84.639189   65.185739    0.223301    1.039643
   84.640225   65.173334    0.137904    0.298826
   84.641261   65.160918    0.161497    0.457806
   84.642299   65.148495    0.096214    0.208487
   84.645412   65.111175    0.373418    2.450558
   84.646449   65.098720    0.168797    0.525406
   84.647485   65.086259    0.381213    2.523458
   84.648521   65.073791    0.317525    1.924108
   84.649557   65.061315    0.229879    1.099376
   84.650594   65.048830    0.135807    0.294283
   84.651631   65.036343    0.215048    0.959427
   84.652668   65.023855    0.287521    1.640992
   84.654735   64.998898    0.358942    2.312450
   84.655767   64.986430    0.324959    1.992542
   84.656798   64.973967    0.573574    4.331139
   84.657828   64.961508    0.284183    1.608519
   84.659889   64.936611    0.290376    1.666349
   84.660918   64.924163    0.105873    0.229418
   84.661947   64.911708    0.165467    0.490870
   84.666055   64.861821    0.274015    1.511156
   84.667081   64.849360    0.297835    1.735030
   84.668107   64.836893    0.435463    3.029531
   84.670159   64.811914    0.218111    0.984400
   84.671188   64.799375    0.339856    2.129482
   84.672218   64.786820    0.333860    2.072858
   84.673247   64.774250    0.325798    1.996804
   84.675305   64.749097    0.370928    2.420928
   84.676334   64.736514    0.320049    1.942080
   84.678391   64.711330    0.306813    1.817137
   84.679419   64.698727    0.341862    2.146637
   84.680448   64.686118    0.374712    2.455456
   84.681476   64.673506    0.364263    2.356944
   84.682504   64.660889    0.271148    1.480769
   84.683530   64.648271    0.296257    1.716758
   84.684557   64.635649    0.364344    2.357065
   84.685583   64.623025    0.310439    1.849746
   84.686609   64.610400    0.356483    2.282685
   84.687635   64.597776    0.404423    2.733453
   84.688661   64.585150    0.350143    2.222610
   84.690712   64.559881    0.325156    1.987123
   84.697876   64.471346    0.053931    0.116865
   84.698898   64.458704    0.157101    0.404467
   84.699920   64.446057    0.201330    0.820330
   84.700941   64.433407    0.269296    1.459490
   84.702982   64.408091    0.435142    3.019235
   84.704000   64.395420    0.321920    1.953906
   84.705018   64.382744    0.348367    2.202484
   84.706035   64.370064    0.123953    0.268597
   84.707052   64.357384    0.169887    0.523039
   84.708069   64.344712    0.352876    2.244260
   84.709087   64.332034    0.478416    3.425050
   84.711123   64.306636    0.745046    5.932897
   84.712142   64.293894    0.422381    2.897262
   84.713162   64.281135    0.159689    0.425822
   84.714182   64.268362    0.107846    0.233695
   84.715202   64.255575    0.117498    0.254609
   84.716222   64.242776    0.120292    0.260664
   84.717242   64.229970    0.110439    0.239312
   84.718262   64.217158    0.167316    0.496501
   84.719281   64.204347    0.220777    0.999206
   84.720300   64.191542    0.180575    0.620807
   84.721318   64.178737    0.322098    1.951944
   84.722336   64.165934    0.396729    2.653809
   84.723354   64.153134    0.349767    2.211806
   84.724372   64.140339    0.411422    2.791603
   84.725390   64.127545    0.320318    1.934344
   84.726408   64.114751    0.202378    0.824628
   84.727424   64.101959    0.262850    1.393288
   84.728437   64.089164    0.359068    2.298235
   84.729450   64.076369    0.307712    1.814896
   84.730462   64.063575    0.333465    2.056951
   84.731474   64.050779    0.316050    1.892913
   84.732485   64.037986    0.271681    1.475300
   84.733496   64.025189    0.291874    1.665050
   84.735516   63.999588    0.316247    1.893907
   84.736525   63.986778    0.241335    1.188979
   84.737533   63.973963    0.255273    1.319885
   84.738542   63.961142    0.200617    0.805503
   84.739551   63.948316    0.162044    0.442418
   84.740561   63.935485    0.272236    1.478820
   84.741571   63.922646    0.194592    0.748185
   84.742582   63.909800    0.267209    1.431107
   84.743593   63.896946    0.205301    0.848496
   84.744605   63.884084    0.287370    1.620341
   84.745618   63.871211    0.327500    1.997640
   84.746630   63.858323    0.425948    2.923556
   84.747642   63.845418    0.347232    2.182839
   84.748653   63.832484    0.438696    3.043058
   84.749663   63.819536    0.185824    0.663987
   84.750673   63.806577    0.260980    1.370791
   84.751683   63.793611    0.380292    2.492989
   84.752695   63.780643    0.262299    1.382771
   84.753707   63.767670    0.338778    2.102024
   84.754719   63.754695    0.200156    0.797745
   84.755731   63.741718    0.287574    1.619901
   84.756742   63.728742    0.395619    2.636108
   84.757752   63.715767    0.337561    2.089721
   84.758762   63.702790    0.273271    1.484709
   84.759769   63.689813    0.420451    2.869062
   84.760774   63.676833    0.345945    2.167951
   84.761778   63.663855    0.266631    1.421604
   84.762781   63.650879    0.251757    1.281466
   84.763782   63.637908    0.373583    2.427309
   84.764784   63.624945    0.250204    1.266432
   84.765785   63.611986    0.330454    2.021152
   84.766785   63.599027    0.326591    1.984603
   84.767785   63.586069    0.276111    1.509503
   84.768786   63.573106    0.460895    3.247622
   84.769786   63.560143    0.382744    2.512214
   84.770786   63.547182    0.230285    1.077765
   84.771787   63.534225    0.274465    1.493176
   84.773787   63.508337    0.376780    2.455262
   84.774787   63.495381    0.316891    1.891654
   84.775788   63.482408    0.295550    1.690679
   84.776789   63.469404    0.396123    2.636586
   84.777790   63.456381    0.196289    0.756466
   84.778791   63.443338    0.379289    2.477799
   84.780795   63.417188    0.341993    2.126513
   84.781797   63.404084    0.329852    2.012083
   84.782799   63.390964    0.406487    2.732806
   84.783803   63.377831    0.335787    2.067491
   84.784809   63.364687    0.304013    1.768373
   84.785815   63.351533    0.543665    4.022637
   84.786820   63.338369    0.314366    1.865334
   84.787825   63.325195    0.347643    2.178169
   84.788828   63.312010    0.286851    1.606066
   84.789829   63.298822    0.354522    2.242455
   84.790830   63.285633    0.221932    0.994917
   84.791830   63.272447    0.350905    2.207999
   84.792831   63.259271    0.302341    1.750929
   84.793831   63.246101    0.316258    1.881635
   84.794830   63.232941    0.321703    1.932648
   84.795828   63.219794    0.289778    1.632104
   84.796823   63.206667    0.313365    1.853781
   84.797818   63.193551    0.311199    1.833186
   84.798811   63.180437    0.238830    1.152183
   84.799803   63.167323    0.289877    1.632182
   84.800795   63.154200    0.307804    1.800616
   84.801785   63.141075    0.293524    1.666068
   84.802775   63.127948    0.371732    2.401587
   84.803765   63.114819    0.246632    1.224512
   84.804754   63.101692    0.260190    1.351842
   84.820637   62.890269    0.144239    0.312555
   84.851176   62.477096    0.136323    0.295401
   84.852160   62.463635    0.202185    0.795885
   84.853145   62.450158    0.179021    0.577754
   84.856097   62.409677    0.300080    1.715954
   84.857080   62.396177    0.276223    1.491306
   84.858063   62.382671    0.392936    2.589054
   84.859045   62.369160    0.219760    0.959711
   84.860026   62.355641    0.217861    0.941632
   84.861007   62.342121    0.183507    0.618242
   84.861987   62.328602    0.211474    0.881119
   84.862966   62.315087    0.201865    0.790511
   84.863943   62.301581    0.005122    0.011100
   84.864919   62.288080    0.000000    0.000000
   84.865894   62.274584    0.143129    0.310149
   84.866869   62.261093    0.286496    1.585805
   84.867843   62.247609    0.216129    0.923623
   84.868816   62.234129    0.237890    1.128126
   84.869788   62.220653    0.432900    2.962434
   84.871729   62.193708    0.620208    4.724083
   84.872699   62.180236    0.295288    1.667237
   84.873668   62.166761    0.257656    1.313008
   84.874638   62.153283    0.519416    3.775263
   84.875609   62.139802    0.167843    0.467682
   84.876580   62.126310    0.271123    1.439060
   84.877552   62.112801    0.356135    2.238575
   84.878525   62.099268    0.142737    0.309301
   84.879497   62.085694    0.112480    0.243736
   84.880471   62.072100    0.158091    0.374871
   84.881444   62.058493    0.132501    0.287119
   84.882418   62.044875    0.069781    0.151210
   84.883392   62.031258    0.322457    1.920475
   84.884367   62.017636    0.257393    1.308182
   84.885342   62.004011    0.316493    1.863936
   84.886317   61.990390    0.354280    2.219203
   84.887293   61.976781    0.226106    1.013208
   84.888269   61.963171    0.033578    0.072760
   84.889244   61.949554    0.063160    0.136862
   84.890218   61.935925    0.110878    0.240263
   84.891191   61.922273    0.092251    0.199902
   84.892162   61.908609    0.029028    0.062901
   84.893133   61.894935    0.094572    0.204930
   84.894102   61.881249    0.161486    0.403800
   84.895071   61.867546    0.266577    1.392213
   84.896039   61.853838    0.315122    1.848681
   84.897006   61.840132    0.153307    0.332205
   84.897973   61.826434    0.123917    0.268518
   84.899909   61.799089    0.253512    1.268236
   84.900876   61.785422    0.270841    1.431046
   84.901842   61.771751    0.207632    0.836207
   84.903772   61.744392    0.591314    4.445203
   84.904736   61.730707    0.220255    0.954314
   84.907621   61.689634    0.207901    0.837451
   84.918230   61.538595    0.129712    0.281075
   84.919195   61.524776    0.000654    0.001417
   84.920160   61.510950    0.124835    0.270508
   84.921124   61.497117    0.170029    0.478178
   84.922087   61.483284    0.165789    0.438077
   84.923049   61.469450    0.249257    1.223077
   84.924010   61.455617    0.244640    1.179430
   84.924971   61.441789    0.232573    1.065701
   84.925930   61.427976    0.151476    0.328237
   84.927847   61.400349    0.289612    1.601643
   84.928805   61.386525    0.216273    0.911505
   84.929762   61.372686    0.239841    1.133002
   84.931674   61.344981    0.317312    1.861373
   84.932629   61.331117    0.410666    2.739367
   84.933583   61.317240    0.721335    5.661728
   84.934536   61.303360    0.385743    2.504482
   84.935489   61.289480    0.288320    1.587777
   84.936443   61.275607    0.329545    1.975386
   84.937397   61.261755    0.225142    0.993015
   84.938353   61.247904    0.336946    2.044582
   84.939308   61.234053    0.213349    0.881649
   84.940264   61.220196    0.255453    1.277526
   84.941219   61.206330    0.201625    0.770933
   85.325059   54.686429    0.360825    2.176181
   85.325873   54.670164    0.329323    1.879624
   85.326686   54.653891    0.388403    2.435192
   85.327499   54.637602    0.118076    0.255862
   85.328310   54.621310    0.140788    0.305077
   85.329121   54.605023    0.134899    0.292315
   85.329931   54.588746    0.162007    0.351055
   85.330740   54.572499    0.221921    0.867979
   85.331549   54.556255    0.298699    1.590045
   85.332356   54.540009    0.285627    1.466861
   85.333163   54.523753    0.342267    1.999477
   85.333969   54.507470    0.240095    1.038104
   85.334775   54.491178    0.300777    1.608745
   85.335581   54.474879    0.243158    1.066489
   85.336387   54.458577    0.180012    0.472249
   85.337193   54.442278    0.276583    1.380515
   85.338000   54.425975    0.206157    0.717780
   85.338806   54.409665    0.317682    1.766723
   85.339612   54.393349    0.267624    1.295591
   85.340417   54.377025    0.249090    1.121027
   85.341221   54.360690    0.212932    0.780665
   85.342025   54.344340    0.200400    0.662557
   85.342829   54.327971    0.156195    0.338462
   85.343633   54.311568    0.269254    1.309864
   85.344437   54.295153    0.191496    0.578159
   85.345241   54.278730    0.397275    2.513782
   85.346044   54.262306    0.320930    1.795365
   85.346848   54.245896    0.377540    2.327705
   85.347650   54.229484    0.299259    1.591070
   85.348453   54.213071    0.349991    2.068114
   85.349255   54.196653    0.383058    2.378975
   85.350057   54.180228    0.319706    1.782785
   85.350858   54.163798    0.329059    1.870564
   85.351658   54.147365    0.436163    2.877916
   85.352458   54.130927    0.355124    2.115338
   85.353256   54.114484    0.453251    3.038248
   85.354054   54.098039    0.548550    3.934539
   85.354852   54.081595    0.413741    2.666139
   85.355649   54.065154    0.456973    3.072623
   85.356446   54.048725    0.421648    2.740094
   85.357242   54.032294    0.525495    3.716813
   85.358836   53.999407    0.386074    2.404802
   85.359633   53.982934    0.330432    1.881152
   85.360430   53.966449    0.474995    3.240889
   85.361227   53.949956    0.430742    2.824381
   85.362815   53.916954    0.422128    2.742919
   85.363607   53.900447    0.349306    2.057647
   85.364399   53.883936    0.460743    3.105761
   85.365191   53.867424    0.404268    2.574268
   85.365986   53.850916    0.443384    2.942037
   85.366781   53.834403    0.679240    5.160598
   85.367575   53.817883    0.426782    2.785425
   85.368369   53.801349    0.341365    1.981669
   85.369160   53.784793    0.485238    3.334923
   85.369951   53.768228    0.470254    3.193748
   85.370741   53.751658    0.474553    3.233980
   85.371531   53.735090    0.349128    2.053848
   85.372320   53.718535    0.433064    2.843255
   85.373898   53.685407    0.519616    3.657061
   85.374687   53.668820    0.460274    3.098597
   85.375476   53.652197    0.450645    3.007804
   85.377053   53.618925    0.456508    3.062526
   85.378628   53.585683    0.340087    1.966896
   85.379416   53.569074    0.371844    2.265433
   85.380203   53.552457    0.328743    1.859750
   85.380990   53.535825    0.329194    1.863782
   85.381777   53.519161    0.351627    2.074596
   85.382564   53.502486    0.261965    1.230908
   85.383349   53.485803    0.311425    1.695983
   85.384134   53.469117    0.325891    1.831853
   85.384918   53.452436    0.258931    1.201726
   85.385701   53.435754    0.377420    2.316173
   85.386484   53.419074    0.342135    1.984030
   85.388047   53.385721    0.380277    2.342416
   85.388827   53.369050    0.313053    1.709806
   85.389608   53.352380    0.387677    2.411604
   85.390388   53.335713    0.439792    2.901653
   85.391168   53.319056    0.199181    0.637933
   85.391948   53.302394    0.229285    0.920923
   85.392728   53.285724    0.170452    0.369356
   85.393507   53.269037    0.232690    0.952523
   85.394285   53.252320    0.323575    1.807301
   85.395062   53.235589    0.157579    0.341462
   85.395839   53.218843    0.031550    0.068366
   85.396616   53.202086    0.000000    0.000000
   85.397394   53.185321    0.244134    1.059121
   85.398171   53.168547    0.188957    0.539836
   85.398949   53.151761    0.331155    1.877329
   85.399728   53.134964    0.252974    1.141643
   85.400507   53.118156    0.227586    0.902594
   85.401286   53.101339    0.317678    1.749901
   85.402065   53.084515    0.316913    1.742498
   85.402842   53.067685    0.308370    1.661916
   85.403617   53.050850    0.340821    1.966975
   85.404392   53.034014    0.296326    1.548183
   85.405166   53.017176    0.611711    4.514901
   85.405939   53.000340    0.344432    2.000306
   85.406712   52.983513    0.314192    1.715620
   85.407485   52.966686    0.285980    1.450002
   85.408258   52.949859    0.148735    0.322297
   85.409030   52.933029    0.337822    1.937273
   85.409802   52.916194    0.344903    2.003679
   85.410573   52.899356    0.320585    1.774692
   85.411343   52.882515    0.360549    2.150433
   85.412113   52.865672    0.491313    3.380362
   85.412882   52.848830    0.385113    2.381090
   85.413650   52.831984    0.266889    1.268703
   85.414417   52.815131    0.283889    1.428419
   85.415185   52.798266    0.381029    2.342039
   85.415953   52.781383    0.386138    2.389880
   85.416721   52.764491    0.277938    1.371794
   85.417489   52.747593    0.234455    0.962526
   85.418256   52.730690    0.288250    1.468379
   85.419023   52.713788    0.330815    1.868589
   85.420556   52.679969    0.317774    1.745487
   85.421323   52.663051    0.475381    3.227929
   85.422091   52.646130    0.454921    3.035248
   85.422859   52.629197    0.330657    1.866038
   85.423627   52.612251    0.171807    0.372291
   85.424394   52.595286    0.182887    0.475490
   85.425158   52.578289    0.433404    2.831971
   85.425923   52.561279    0.560417    4.026617
   85.426686   52.544257    0.334509    1.901212
   85.427449   52.527232    0.307991    1.651529
   85.428212   52.510212    0.353831    2.082555
   85.429736   52.476163    0.348823    2.035017
   85.430498   52.459132    0.379045    2.319108
   85.431260   52.442095    0.446585    2.954268
   85.432021   52.425055    0.420919    2.712609
   85.432782   52.408016    0.351358    2.058007
   85.433543   52.390979    0.333075    1.885798
   85.434303   52.373947    0.298918    1.564262
   85.435062   52.356919    0.277867    1.366020
   85.435820   52.339893    0.033329    0.072221
   85.437335   52.305863    0.103411    0.224082
   85.438091   52.288852    0.329490    1.850805
   85.438845   52.271840    0.370621    2.237524
   85.439599   52.254818    0.257904    1.176948
   85.440352   52.237780    0.509839    3.546764
   85.441103   52.220736    0.346720    2.012039
   85.441855   52.203686    0.333551    1.887940
   85.442606   52.186637    0.453858    3.019497
   85.443358   52.169596    0.209538    0.720892
   85.444864   52.135493    0.358405    2.120903
   85.445618   52.118420    0.350908    2.050167
   85.447884   52.067076    0.320188    1.760532
   85.448638   52.049917    0.345788    2.001145
   85.449388   52.032720    0.319800    1.756457
   85.450138   52.015510    0.369102    2.220045
   85.450888   51.998292    0.334635    1.895585
   85.451638   51.981080    0.181877    0.458332
   85.452390   51.963892    0.411222    2.615638
   85.453142   51.946706    0.504624    3.494091
   85.453894   51.929520    0.376723    2.290677
   85.454644   51.912330    0.376192    2.285464
   85.455391   51.895131    0.364887    2.178904
   85.456138   51.877927    0.264779    1.236944
   85.456884   51.860719    0.351672    2.054157
   85.457629   51.843508    0.281463    1.393467
   85.458374   51.826289    0.350249    2.040349
   85.459861   51.791851    0.422914    2.723509
   85.460604   51.774635    0.387141    2.386763
   85.461345   51.757433    0.664032    4.991359
   85.462086   51.740230    0.310536    1.665694
   85.462827   51.723026    0.316577    1.722310
   85.464312   51.688597    0.287431    1.447700
   85.465055   51.671372    0.221581    0.828013
   85.465799   51.654139    0.301768    1.582148
   85.466542   51.636899    0.358028    2.111197
   85.467283   51.619652    0.405864    2.560992
   85.468024   51.602396    0.423836    2.729842
   85.468764   51.585132    0.371759    2.239730
   85.469504   51.567859    0.731196    5.620858
   85.470244   51.550579    0.354716    2.078979
   85.470983   51.533288    0.356075    2.091546
   85.471722   51.515985    0.465682    3.122445
   85.472462   51.498669    0.428175    2.769387
   85.473201   51.481331    0.364530    2.170444
   85.474678   51.446635    0.515518    3.590421
   85.475417   51.429284    0.469485    3.157153
   85.476156   51.411946    0.428705    2.773315
   85.476894   51.394604    0.705581    5.377769
   85.477631   51.377256    0.375661    2.273882
   85.479103   51.342515    0.246812    1.061334
   85.479838   51.325125    0.434020    2.822251
   85.480571   51.307726    0.514960    3.583464
   85.481305   51.290321    0.356123    2.089021
   85.482039   51.272911    0.421155    2.700587
   85.482772   51.255499    0.408246    2.578940
   85.483505   51.238086    0.559769    4.004156
   85.484967   51.203278    0.461725    3.081389
   85.485697   51.185880    0.382308    2.334083
   85.486426   51.168478    0.297483    1.535893
   85.487884   51.133644    0.337098    1.908136
   85.488613   51.116214    0.343850    1.971439
   85.490069   51.081348    0.439736    2.873052
   85.490797   51.063923    0.260460    1.186328
   85.491524   51.046497    0.321020    1.755823
   85.492251   51.029072    0.451462    2.982725
   85.492977   51.011648    0.480163    3.252511
   85.493702   50.994228    0.222500    0.828375
   85.495878   50.941911    0.259645    1.177176
   85.496604   50.924427    0.440636    2.879611
   85.497329   50.906926    0.440620    2.879246
   85.498779   50.871888    0.444210    2.912598
   85.499503   50.854357    0.394653    2.446181
   85.500225   50.836815    0.334952    1.884336
   85.500948   50.819262    0.302160    1.575639
   85.501670   50.801697    0.395868    2.456973
   85.502394   50.784113    0.432819    2.804370
   85.503117   50.766522    0.320134    1.744085
   85.503840   50.748926    0.496718    3.405053
   85.504563   50.731328    0.331243    1.848161
   85.506007   50.696145    0.302640    1.578655
   85.506728   50.678553    0.388337    2.384627
   85.507447   50.660961    0.370261    2.214363
   85.508165   50.643366    0.386486    2.366786
   85.508881   50.625771    0.329173    1.827406
   85.509597   50.608176    0.534313    3.757016
   85.510312   50.590583    0.433161    2.805232
   85.511028   50.572992    0.341703    1.944642
   85.511743   50.555402    0.437589    2.846458
   85.512458   50.537813    0.246328    1.046991
   85.513171   50.520224    0.379578    2.300303
   85.513883   50.502643    0.345250    1.977157
   85.514595   50.485057    0.332080    1.853051
   85.515307   50.467461    0.353002    2.049653
   85.516019   50.449852    0.347020    1.993166
   85.516733   50.432217    0.386999    2.369052
   85.517447   50.414568    0.603814    4.408488
   85.519587   50.361545    0.303726    1.584820
   85.520298   50.343848    0.227034    0.863141
   85.521009   50.326143    0.232205    0.911568
   85.521720   50.308433    0.352028    2.038574
   85.523140   50.272999    0.096543    0.209200
   85.523849   50.255273    0.089260    0.193419
   85.524559   50.237542    0.102577    0.222275
   85.525269   50.219802    0.312436    1.665046
   85.525978   50.202058    0.283153    1.389356
   85.526688   50.184310    0.299471    1.542658
   85.527397   50.166560    0.124603    0.270004
   85.528105   50.148816    0.289545    1.448851
   85.528812   50.131068    0.269558    1.260611
   85.529518   50.113312    0.249206    1.068946
   85.530224   50.095548    0.289919    1.451732
   85.530928   50.077768    0.245183    1.030667
   85.531632   50.059980    0.350429    2.020542
   85.532336   50.042182    0.281508    1.371964
   85.533040   50.024375    0.289672    1.448551
   85.533745   50.006554    0.135993    0.294686
   85.534449   49.988729    0.162867    0.352921
   85.535153   49.970905    0.061734    0.133773
   85.535855   49.953088    0.211489    0.712200
   85.536554   49.935291    0.171825    0.372332
   85.537253   49.917498    0.176262    0.381947
   85.537951   49.899702    0.288685    1.437777
   85.538650   49.881901    0.093285    0.202142
   85.539350   49.864086    0.098179    0.212746
   85.540051   49.846262    0.226822    0.855173
   85.540752   49.828431    0.145332    0.314922
   85.541451   49.810592    0.206086    0.659671
   85.542150   49.792743    0.194722    0.552550
   85.542847   49.774887    0.369466    2.196218
   85.543545   49.757022    0.594637    4.314263
   85.544242   49.739150    0.390916    2.397573
   85.544940   49.721270    0.261555    1.180421
   85.545638   49.703383    0.284206    1.393290
   85.546335   49.685487    0.217238    0.763087
   85.547031   49.667581    0.362191    2.126498
   85.547726   49.649663    0.245326    1.026898
   85.548420   49.631738    0.221239    0.800089
   85.549114   49.613809    0.460266    3.048479
   85.549807   49.595877    0.343792    1.952561
   85.550501   49.577943    0.206791    0.663526
   85.551195   49.560009    0.301067    1.550198
   85.553271   49.506219    0.232240    0.902082
   85.553961   49.488293    0.279984    1.351010
   85.555338   49.452431    0.054132    0.117299
   85.556026   49.434488    0.144310    0.312709
   85.556714   49.416539    0.125472    0.271888
   85.557401   49.398586    0.101453    0.219840
   85.560144   49.326751    0.079080    0.171359
   85.561517   49.290805    0.055943    0.121224
   85.562204   49.272818    0.084430    0.182954
   85.562890   49.254819    0.014107    0.030568
   85.563576   49.236798    0.087012    0.188547
   85.564260   49.218741    0.054469    0.118030
   85.564944   49.200673    0.078943    0.171063
   85.565627   49.182598    0.077558    0.168061
   85.566310   49.164526    0.039873    0.086402
   85.568357   49.110369    0.039433    0.085449
   85.570405   49.056061    0.114767    0.248691
   85.571087   49.037942    0.306400    1.594195
   85.571768   49.019838    0.299728    1.531214
   85.572447   49.001774    0.323819    1.757634
   85.573126   48.983717    0.244566    1.011863
   85.573804   48.965661    0.370279    2.194275
   85.574482   48.947595    0.179852    0.402653
   85.575159   48.929503    0.379169    2.277484
   85.575835   48.911402    0.285836    1.399254
   85.576511   48.893297    0.355340    2.052891
   85.577187   48.875190    0.266458    1.216531
   85.577863   48.857090    0.244273    1.007617
   85.578539   48.838986    0.241297    0.979408
   85.579215   48.820873    0.384466    2.326038
   85.579890   48.802749    0.283665    1.377550
   85.580563   48.784608    0.377864    2.263502
   85.581237   48.766455    0.230365    0.875720
   85.581909   48.748291    0.207535    0.660735
   85.582582   48.730114    0.388970    2.367346
   85.583254   48.711925    0.260549    1.159027
   85.583926   48.693728    0.249751    1.057239
   85.584597   48.675524    0.309913    1.622984
   85.585268   48.657317    0.309893    1.622588
   85.585940   48.639110    0.586101    4.220757
   85.586610   48.620900    0.293997    1.472620
   85.587952   48.584475    0.286291    1.399704
   85.588622   48.566266    0.262570    1.176341
   85.589292   48.548050    0.286587    1.402059
   85.589961   48.529824    0.185321    0.449208
   85.590629   48.511580    0.331976    1.828627
   85.591295   48.493303    0.310493    1.626317
   85.591960   48.475014    0.326697    1.778536
   85.593290   48.438415    0.312303    1.642702
   85.593956   48.420122    0.250061    1.056958
   85.594621   48.401826    0.406549    2.528878
   85.595287   48.383529    0.235433    0.918925
   85.595952   48.365232    0.385779    2.333062
   85.597284   48.328640    0.490972    3.322224
   85.597949   48.310340    0.353038    2.024420
   85.598613   48.292035    0.390438    2.376042
   85.599277   48.273719    0.420669    2.660219
   85.599939   48.255403    0.338315    1.885280
   85.600601   48.237086    0.308237    1.602111
   85.601261   48.218774    0.292656    1.455325
   85.601921   48.200478    0.311908    1.636221
   85.603894   48.145560    0.299329    1.517246
   85.604551   48.127213    0.322641    1.736338
   85.605207   48.108858    0.220851    0.778551
   85.605863   48.090497    0.345778    1.953576
   85.606519   48.072140    0.320785    1.718246
   85.607831   48.035458    0.262644    1.170868
   85.608486   48.017100    0.400353    2.466127
   85.609142   47.998715    0.304504    1.564227
   85.609797   47.980282    0.255834    1.106159
   85.610453   47.961830    0.235994    0.919302
   85.611107   47.943364    0.311165    1.626251
   85.611761   47.924893    0.326167    1.767165
   85.612414   47.906426    0.427487    2.720107
   85.613067   47.887957    0.226945    0.833320
   85.613719   47.869486    0.242040    0.975111
   85.615024   47.832545    0.253633    1.083745
   85.615676   47.814074    0.360104    2.085140
   85.616328   47.795603    0.342888    1.922979
   85.616979   47.777130    0.303801    1.555054
   85.617629   47.758651    0.274281    1.277138
   85.618278   47.740173    0.283872    1.367156
   85.618926   47.721695    0.249152    1.040321
   85.619574   47.703221    0.347330    1.963697
   85.620221   47.684755    0.315626    1.665241
   85.620868   47.666291    0.394737    2.409250
   85.621514   47.647827    0.392768    2.390513
   85.622806   47.610895    0.260023    1.141313
   85.623452   47.592424    0.369852    2.174295
   85.624097   47.573945    0.425630    2.698811
   85.624742   47.555457    0.363197    2.111265
   85.625385   47.536957    0.298937    1.506544
   85.627312   47.481375    0.348768    1.974678
   85.628595   47.444227    0.349886    1.984777
   85.629878   47.407040    0.235580    0.909034
   85.630520   47.388441    0.387150    2.334695
   85.631162   47.369839    0.414494    2.591712
   85.631804   47.351233    0.308493    1.594312
   85.632445   47.332626    0.316552    1.669918
   85.633085   47.314019    0.262235    1.158721
   85.633724   47.295410    0.232648    0.880180
   85.634363   47.276799    0.331132    1.806438
   85.635637   47.239569    0.309003    1.597834
   85.636273   47.220947    0.334374    1.836301
   85.636908   47.202318    0.317966    1.681734
   85.637542   47.183679    0.327917    1.775131
   85.638807   47.146357    0.289109    1.409629
   85.639440   47.127684    0.198698    0.558884
   85.640074   47.109002    0.271068    1.239485
   85.640710   47.090311    0.337381    1.863095
   85.641346   47.071616    0.344238    1.927397
   85.641981   47.052922    0.091263    0.197760
   85.643249   47.015568    0.388939    2.347270
   85.643881   46.996902    0.392058    2.376398
   85.644512   46.978231    0.318808    1.687102
   85.645142   46.959549    0.324396    1.739456
   85.645770   46.940840    0.273686    1.262200
   85.646398   46.922123    0.318908    1.687402
   85.647025   46.903401    0.241430    0.958333
   85.647652   46.884679    0.340248    1.887740
   85.648279   46.865969    0.455609    2.972762
   85.648906   46.847255    0.324819    1.742169
   85.649533   46.828531    0.292460    1.437537
   85.650159   46.809792    0.451378    2.932321
   85.650784   46.791023    0.203543    0.600648
   85.651409   46.772244    0.332540    1.813954
   85.652034   46.753455    0.225054    0.802580
   85.652659   46.734661    0.363758    2.107203
   85.653285   46.715869    0.274577    1.268036
   85.653910   46.697074    0.260781    1.138042
   85.654534   46.678279    0.232735    0.873992
   85.655157   46.659486    0.224809    0.799213
   85.657016   46.603126    0.263369    1.161329
   85.657635   46.584341    0.225235    0.802371
   85.658256   46.565559    0.246205    0.999438
   85.658877   46.546772    0.340189    1.883363
   85.659498   46.527980    0.271281    1.234913
   85.660117   46.509175    0.334607    1.830430
   85.660735   46.490350    0.280824    1.324264
   85.661352   46.471516    0.190323    0.472676
   85.661969   46.452674    0.195429    0.520496
   85.663201   46.414983    0.163455    0.354194
   85.663816   46.396131    0.319710    1.689011
   85.664432   46.377269    0.281241    1.326912
   85.665049   46.358394    0.185994    0.430683
   85.665666   46.339499    0.437353    2.795083
   85.666283   46.320593    0.291893    1.426483
   85.666900   46.301679    0.361909    2.084930
   85.667515   46.282761    0.211723    0.671871
   85.668129   46.263843    0.236442    0.904199
   85.668741   46.244921    0.007651    0.016579
   85.669963   46.207057    0.173967    0.376972
   85.670574   46.188110    0.237935    0.917393
   85.671183   46.169158    0.354818    2.016738
   85.671793   46.150204    0.435297    2.773627
   85.672403   46.131249    0.295885    1.461917
   85.673014   46.112300    0.705276    5.312982
   85.673625   46.093353    0.169493    0.367279
   85.674236   46.074408    0.245290    0.985318
   85.675452   46.036551    0.219412    0.741452
   85.676058   46.017628    0.146962    0.318455
   85.676663   45.998699    0.107979    0.233983
   85.677268   45.979750    0.212716    0.677826
   85.677872   45.960767    0.248657    1.015723
   85.678475   45.941771    0.379251    2.244049
   85.679078   45.922768    0.359467    2.057722
   85.679681   45.903767    0.383691    2.285391
   85.680285   45.884782    0.345161    1.922713
   85.680888   45.865794    0.310817    1.599420
   85.681490   45.846799    0.437581    2.791723
   85.682093   45.827793    0.340226    1.875655
   85.682695   45.808765    0.446547    2.875647
   85.683296   45.789725    0.348523    1.953285
   85.683898   45.770679    0.367640    2.132916
   85.684499   45.751625    0.330934    1.787394
   85.685099   45.732565    0.175390    0.380056
   85.685700   45.713503    0.328203    1.761279
   85.688093   45.637306    0.314697    1.633381
   85.688689   45.618268    0.261675    1.134376
   85.689285   45.599226    0.305176    1.543390
   85.689881   45.580178    0.324316    1.723231
   85.690477   45.561124    0.288883    1.389692
   85.691072   45.542063    0.627883    4.578568
   85.691666   45.522993    0.599169    4.308236
   85.692259   45.503911    0.332737    1.801610
   85.692852   45.484820    0.511777    3.485688
   85.693443   45.465718    1.191336    9.878315
   85.694035   45.446604    0.572087    4.052625
   85.694626   45.427478    1.199461    9.954331
   85.695217   45.408339    0.468622    3.078870
   85.695807   45.389192    0.254480    1.064151
   85.696398   45.370033    0.313303    1.617302
   85.696989   45.350863    0.366668    2.119118
   85.698171   45.312510    0.406152    2.490127
   85.698761   45.293338    0.403144    2.461626
   85.699940   45.255026    0.325618    1.731887
   85.700528   45.235868    0.323297    1.709840
   85.701115   45.216701    0.324241    1.718511
   85.702285   45.178326    0.412979    2.552879
   85.703452   45.139934    0.441008    2.816127
   85.704034   45.120737    0.431704    2.728391
   85.704617   45.101539    0.373534    2.180955
   85.705199   45.082340    0.242632    0.949309
   85.705781   45.063145    0.332077    1.790532
   85.706364   45.043963    0.330568    1.776127
   85.706947   45.024773    0.262968    1.139978
   85.707529   45.005571    0.220856    0.743607
   85.708111   44.986344    0.321983    1.694729
   85.708691   44.967071    0.379476    2.235376
   85.709271   44.947783    0.057978    0.125634
   85.709851   44.928485    0.162379    0.351863
   85.710429   44.909190    0.160395    0.347562
   85.711006   44.889914    0.240245    0.924730
   85.711583   44.870639    0.311844    1.598070
   85.712159   44.851363    0.263224    1.140471
   85.712737   44.832084    0.273518    1.237103
   85.713316   44.812801    0.299060    1.477168
   85.713895   44.793512    0.371633    2.159681
   85.714473   44.774216    0.388971    2.322564
   85.715627   44.735581    0.411354    2.532706
   85.716202   44.716248    0.390394    2.335317
   85.716776   44.696912    0.401181    2.436575
   85.717349   44.677582    0.307075    1.551084
   85.717921   44.658273    0.297401    1.459860
   85.718492   44.638963    0.380679    2.243075
   85.719062   44.619648    0.193020    0.477492
   85.719632   44.600321    0.326525    1.733199
   85.720202   44.580972    0.435089    2.754291
   85.720772   44.561611    0.275325    1.251122
   85.721342   44.542238    0.326406    1.731444
   85.721912   44.522856    0.363058    2.076026
   85.722482   44.503462    0.227906    0.804396
   85.723051   44.484060    0.426292    2.670471
   85.723621   44.464651    0.365935    2.102455
   85.724189   44.445235    0.361207    2.057766
   85.724758   44.425818    0.347348    1.927180
   85.725325   44.406394    0.146683    0.317851
   85.725893   44.386964    0.267668    1.177176
   85.726459   44.367524    0.376057    2.196607
   85.727026   44.348065    0.201796    0.557068
   85.727592   44.328604    0.327169    1.736276
   85.728158   44.309145    0.532800    3.670508
   85.728723   44.289700    0.416526    2.576468
   85.729287   44.270285    0.331026    1.771924
   85.729850   44.250875    0.649398    4.766746
   85.730413   44.231465    0.265085    1.151173
   85.730976   44.212048    0.324993    1.714535
   85.731538   44.192613    0.353940    1.986635
   85.732100   44.173169    0.306230    1.537602
   85.732660   44.153714    0.115191    0.249609
   85.733220   44.134250    0.184090    0.398908
   85.733778   44.114772    0.073300    0.158835
   85.734336   44.095287    0.160874    0.348601
   85.734893   44.075797    0.339435    1.848905
   85.735450   44.056305    0.284960    1.336232
   85.736008   44.036820    0.377384    2.205482
   85.736565   44.017331    0.453289    2.919327
   85.737122   43.997837    0.281477    1.302823
   85.737680   43.978336    0.293755    1.418115
   85.738237   43.958821    0.319668    1.661676
   85.739351   43.919771    0.333731    1.793546
   85.739906   43.900236    0.627679    4.558597
   85.740457   43.880696    0.485255    3.218559
   85.741008   43.861147    0.102555    0.222228
   85.741558   43.841592    0.377314    2.202695
   85.742109   43.822028    0.285881    1.342342
   85.742660   43.802454    0.360161    2.040902
   85.743211   43.782870    0.413342    2.540984
   85.743763   43.763278    0.395501    2.372939
   85.744314   43.743675    0.381487    2.240886
   85.744866   43.724057    0.423420    2.635154
   85.745969   43.684811    0.369358    2.126145
   85.746519   43.665192    0.401129    2.424811
   85.747068   43.645592    0.324258    1.701456
   85.747617   43.625993    0.267592    1.168162
   85.748164   43.606395    0.316597    1.628960
   85.748711   43.586792    0.428573    2.682140
   85.749257   43.567173    0.334998    1.801633
   85.749802   43.547554    0.428246    2.678643
   85.750345   43.527933    0.346605    1.910407
   85.750888   43.508317    0.347625    1.919782
   85.751429   43.488709    0.239810    0.905323
   85.751968   43.469104    0.194487    0.478738
   85.752508   43.449503    0.302718    1.496694
   85.753048   43.429908    0.255157    1.049059
   85.753590   43.410330    0.407701    2.483886
   85.754132   43.390746    0.469459    3.064652
   85.754673   43.371146    0.300809    1.477891
   85.755214   43.351517    0.924841    7.348159
   85.755752   43.331831    0.410182    2.506374
   85.756290   43.312124    0.358685    2.021711
   85.757365   43.272670    0.348999    1.930167
   85.757902   43.252951    0.413667    2.538305
   85.758439   43.233222    0.314751    1.607564
   85.758976   43.213484    0.274188    1.225754
   85.759512   43.193731    0.392023    2.334061
   85.760050   43.173955    0.429039    2.682070
   85.760586   43.154169    0.360528    2.037347
   85.761123   43.134375    0.343695    1.878779
   85.761659   43.114576    0.361471    2.045790
   85.762194   43.094774    0.402039    2.427214
   85.762729   43.074974    0.298995    1.457639
   85.763263   43.055181    0.363780    2.066876
   85.763795   43.035401    0.432848    2.716414
   85.764327   43.015652    0.444067    2.821738
   85.765387   42.976171    0.290588    1.377490
   85.765916   42.956426    0.300327    1.468897
   85.766446   42.936660    0.271444    1.196971
   85.766975   42.916892    0.311120    1.570001
   85.767503   42.897123    0.373508    2.156695
   85.768031   42.877357    0.503174    3.376297
   85.768558   42.857605    0.421787    2.610447
   85.769608   42.818096    0.626425    4.535121
   85.770133   42.798332    0.431058    2.697028
   85.770656   42.778554    0.397335    2.379574
   85.771178   42.758765    0.261411    1.100680
   85.771701   42.738963    0.402402    2.426819
   85.772223   42.719144    0.357909    2.008043
   85.772745   42.699301    0.000000    0.000000
   85.773267   42.679445    0.325804    1.705598
   85.773790   42.659580    0.318990    1.641286
   85.774313   42.639710    0.316772    1.620210
   85.775360   42.599976    0.235241    0.852787
   85.775883   42.580097    0.302375    1.484134
   85.776405   42.560204    0.306903    1.526513
   85.776926   42.540288    0.476865    3.125197
   85.777445   42.520363    0.190298    0.429143
   85.777964   42.500432    0.093857    0.203381
   85.778998   42.460565    0.361449    2.038589
   85.779515   42.440631    0.388771    2.295398
   85.780030   42.420697    0.261433    1.097280
   85.780546   42.400763    0.196375    0.485045
   85.781063   42.380831    0.357196    1.997725
   85.781579   42.360898    0.350250    1.932171
   85.782095   42.340962    0.373636    2.151958
   85.782611   42.321021    0.388289    2.289589
   85.783125   42.301070    0.431954    2.700155
   85.783638   42.281115    0.643604    4.691000
   85.784151   42.261160    0.454238    2.909362
   85.784663   42.241207    0.323935    1.683343
   85.785174   42.221264    0.489130    3.237175
   85.786194   42.181375    0.342207    1.854597
   85.787212   42.141461    0.328410    1.724383
   85.787720   42.121495    0.344870    1.879016
   85.788228   42.101526    0.402651    2.422370
   85.788736   42.081555    0.442419    2.796273
   85.789244   42.061587    0.390010    2.303031
   85.789752   42.041616    0.414421    2.532463
   85.790767   42.001665    0.363213    2.050304
   85.791273   41.981682    0.300924    1.464116
   85.792283   41.941692    0.454919    2.912380
   85.792787   41.921678    0.490164    3.243724
   85.793795   41.881601    0.372633    2.137652
   85.794299   41.861541    0.386338    2.266364
   85.795810   41.801250    0.565170    3.948055
   85.796313   41.781129    0.257820    1.056499
   85.796815   41.761010    0.302886    1.480234
   85.797315   41.740902    0.203998    0.549749
   85.797813   41.720792    0.491249    3.251800
   85.798311   41.700675    0.137117    0.297121
   85.798809   41.680544    0.150948    0.327092
   85.799306   41.660383    0.166140    0.360012
   85.799802   41.640220    0.093539    0.202691
   85.800794   41.599928    0.142971    0.309806
   85.802278   41.539690    0.354956    1.967730
   85.803265   41.499565    0.318961    1.628681
   85.803758   41.479499    0.367644    2.086448
   85.804740   41.439341    0.400948    2.399323
   85.805228   41.419228    0.456682    2.923424
   85.805716   41.399105    0.147140    0.318840
   85.806690   41.358838    0.191325    0.426485
   85.807178   41.338710    0.400106    2.390341
   85.807667   41.318574    0.363842    2.048981
   85.808156   41.298426    0.406063    2.445955
   85.808644   41.278258    0.353904    1.955061
   85.809134   41.258058    0.391229    2.305981
   85.809623   41.237842    0.400027    2.388531
   85.810111   41.217613    0.398260    2.371696
   85.810599   41.197375    0.321668    1.650954
   85.811086   41.177130    0.360871    2.019537
   85.811572   41.156881    0.457169    2.925232
   85.812541   41.116379    0.470888    3.053860
   85.813022   41.096137    0.451403    2.870347
   85.813502   41.075894    0.359883    2.009177
   85.813982   41.055651    0.434253    2.708591
   85.814462   41.035404    0.230081    0.787660
   85.814945   41.015150    0.522284    3.536294
   85.815427   40.994894    0.346654    1.883872
   85.815910   40.974635    0.314081    1.577234
   85.816391   40.954376    0.290645    1.356554
   85.817349   40.913861    0.427974    2.648027
   85.817826   40.893601    0.389435    2.285265
   85.818302   40.873340    0.359201    2.000634
   85.819248   40.832815    0.603281    4.296344
   85.819720   40.812541    0.400071    2.384467
   85.820194   40.792252    0.400244    2.385882
   85.820669   40.771929    0.400706    2.390017
   85.821145   40.751603    0.420080    2.572065
   85.821621   40.731278    0.372481    2.124069
   85.822097   40.710973    0.311126    1.546669
   85.822572   40.690717    0.294286    1.388033
   85.823046   40.670464    0.355681    1.965386
   85.823519   40.650206    0.355261    1.961219
   85.823992   40.629925    0.497439    3.298523
   85.824934   40.589241    0.282479    1.275900
   85.825404   40.568877    0.338355    1.801327
   85.826341   40.528142    0.185540    0.402051
   85.826808   40.507772    0.140954    0.305436
   85.827275   40.487398    0.252383    0.991714
   85.827743   40.467020    0.348220    1.893068
   85.828210   40.446644    0.367808    2.077131
   85.828678   40.426259    0.295021    1.392179
   85.829612   40.385454    0.371699    2.113091
   85.830079   40.365008    0.335841    1.775545
   85.830544   40.344558    0.181036    0.392290
   85.831009   40.324110    0.405902    2.434206
   85.831472   40.303676    0.381795    2.207217
   85.831933   40.283278    0.112410    0.243584
   85.832393   40.262892    0.000000    0.000000
   85.833311   40.222153    0.308172    1.513772
   85.833770   40.201806    0.335470    1.770360
   85.834689   40.161097    0.323347    1.655895
   85.835147   40.140717    0.277410    1.223536
   85.835605   40.120293    0.440073    2.753554
   86.019080   20.124396    0.439292    2.552434
   86.019010   20.102115    0.514060    3.255596
   86.018940   20.079841    0.443669    2.593188
   86.018870   20.057568    0.375608    1.952706
   86.018801   20.035296    0.457650    2.724292
   86.018730   20.013018    0.426450    2.430571
   86.018657   19.990729    0.233269    0.613047
   86.018583   19.968417    0.167904    0.363834
   86.018037   19.812085    0.369111    1.889269
   86.017959   19.789700    0.400440    2.183786
   86.017880   19.767307    0.628886    4.332643
   86.017802   19.744910    0.346107    1.672230
   86.017723   19.722515    0.304995    1.285267
   86.017644   19.700130    0.261805    0.878752
   86.017484   19.655383    0.362982    1.830140
   86.017402   19.633031    0.499151    3.110912
   86.017318   19.610704    0.449933    2.647692
   86.017233   19.588385    0.356775    1.771118
   86.017148   19.566068    0.289115    1.134399
   86.017062   19.543741    0.272602    0.978845
   86.016978   19.521392    0.504632    3.161422
   86.016636   19.431999    0.446620    2.614840
   86.016549   19.409670    0.465399    2.791286
   86.016461   19.387345    0.331222    1.528835
   86.016371   19.365027    0.403047    2.204304
   86.016279   19.342717    0.367193    1.866806
   86.016186   19.320409    0.340177    1.612446
   86.016091   19.298103    0.335405    1.567340
   86.015997   19.275793    0.328144    1.498828
   86.015904   19.253474    0.378240    1.969887
   86.015810   19.231156    0.300807    1.241230
   86.015716   19.208840    0.293535    1.172614
   86.015622   19.186534    0.411086    2.278248
   86.015528   19.164249    0.487788    2.999596
   86.015433   19.141964    0.388640    2.066669
   86.015338   19.119672    0.362300    1.818666
   86.015242   19.097361    0.527640    3.373865
   86.015144   19.075008    0.282048    1.063292
   86.015046   19.052645    0.330233    1.516366
   86.014946   19.030278    0.467593    2.808354
   86.014847   19.007918    0.308104    1.307776
   86.014746   18.985583    0.432292    2.475844
   86.014645   18.963251    0.343982    1.644871
   86.014544   18.940918    0.380731    1.990364
   86.014443   18.918578    0.420811    2.367199
   86.014343   18.896212    0.379881    1.981951
   86.014243   18.873848    0.354446    1.742460
   86.014141   18.851496    0.311016    1.333688
   86.014039   18.829166    0.239586    0.661519
   86.013933   18.806883    0.249162    0.751386
   86.013826   18.784618    0.284736    1.085837
   86.013719   18.762367    0.374104    1.926341
   86.013611   18.740125    0.166851    0.361552
   86.013503   18.717884    0.118951    0.257758
   86.013395   18.695649    0.000000    0.000000
   86.012956   18.606726    0.311148    1.332624
   86.012844   18.584491    0.304046    1.265599
   86.012732   18.562250    0.326088    1.472746
   86.012619   18.539997    0.474085    2.864793
   86.012506   18.517738    0.297322    1.201714
   86.012393   18.495471    0.340431    1.607047
   86.012279   18.473197    0.500484    3.112510
   86.012164   18.450915    0.492374    3.036009
   86.012048   18.428625    0.420955    2.363936
   86.011932   18.406330    0.427981    2.429823
   86.011814   18.384028    0.435224    2.497743
   86.011695   18.361718    0.245750    0.715090
   86.011575   18.339408    0.400495    2.170615
   86.011455   18.317099    0.358856    1.778696
   86.011095   18.250239    0.444022    2.579252
   86.010975   18.227968    0.356467    1.755375
   86.010854   18.205699    0.460760    2.736287
   86.010732   18.183427    0.395220    2.119523
   86.010609   18.161159    0.430137    2.447791
   86.010485   18.138899    0.487174    2.984144
   86.010361   18.116647    0.565196    3.717910
   86.010237   18.094409    0.413967    2.295042
   86.010112   18.072179    0.335390    1.555628
   86.009861   18.027738    0.472444    2.844524
   86.009733   18.005530    0.475058    2.868904
   86.009606   17.983322    0.631904    4.344199
   86.009477   17.961111    0.272601    0.963906
   86.009349   17.938890    0.296162    1.185338
   86.009221   17.916649    0.425840    2.405051
   86.009092   17.894402    0.171350    0.371302
   86.008963   17.872150    0.251896    0.768287
   86.008833   17.849898    0.335059    1.550418
   86.008702   17.827645    0.264722    0.888518
   86.008570   17.805396    0.370194    1.880525
   86.008438   17.783153    0.568244    3.743433
   86.008304   17.760917    0.448689    2.618529
   86.008169   17.738699    0.336900    1.566689
   86.008034   17.716487    0.331416    1.514883
   86.007898   17.694281    0.172713    0.374255
   86.007761   17.672079    0.433932    2.478873
   86.007625   17.649879    0.277472    1.006790
   86.007488   17.627680    0.056421    0.122260
   86.007351   17.605475    0.186300    0.403697
   86.007212   17.583263    0.445344    2.585382
   86.006932   17.538795    0.249790    0.745325
   86.006791   17.516554    0.393249    2.094677
   86.006650   17.494308    0.488678    2.992205
   86.006369   17.449814    0.286543    1.090230
   86.006227   17.427570    0.379774    1.967071
   86.006085   17.405331    0.346036    1.649471
   86.005941   17.383102    0.336756    1.561967
   86.005796   17.360880    0.344424    1.633891
   86.005651   17.338665    0.368155    1.856927
   86.005506   17.316455    0.223866    0.499339
   86.005361   17.294254    0.215665    0.467328
   86.005217   17.272059    0.533372    3.410538
   86.005072   17.249871    0.344978    1.638046
   86.004926   17.227688    0.343255    1.621621
   86.004780   17.205507    0.375796    1.927539
   86.004632   17.183335    0.441885    2.549045
   86.004335   17.139019    0.254094    0.782010
   86.004185   17.116889    0.436776    2.500346
   86.004034   17.094764    0.345339    1.639965
   86.003732   17.050519    0.429061    2.427144
   86.003580   17.028386    0.235841    0.609243
   86.003428   17.006247    0.384502    2.007533
   86.003275   16.984099    0.249941    0.741470
   86.003122   16.961941    0.251662    0.757446
   86.002968   16.939765    0.184387    0.399551
   86.002657   16.895394    0.347131    1.654918
   86.002501   16.873204    0.503855    3.129065
   86.002342   16.851019    0.368787    1.858221
   86.002183   16.828830    0.286219    1.081265
   86.002024   16.806641    0.429434    2.428326
   86.001863   16.784448    0.414434    2.287002
   86.001702   16.762245    0.391479    2.070844
   86.001540   16.740043    0.376283    1.927681
   86.001378   16.717842    0.465584    2.767560
   86.001216   16.695649    0.386613    2.024442
   86.001054   16.673469    0.422148    2.358515
   86.000893   16.651293    0.438296    2.510216
   86.000731   16.629124    0.467259    2.782466
   86.000568   16.606958    0.356418    1.739534
   86.000405   16.584793    0.375935    1.922932
   86.000240   16.562635    0.395123    2.103222
   86.000075   16.540484    0.363416    1.804735
   85.999908   16.518347    0.474741    2.851794
   85.999741   16.496229    0.404410    2.189958
   85.999402   16.452016    0.545988    3.521412
   85.999062   16.407798    0.384946    2.006006
   85.998891   16.385682    0.357958    1.751912
   85.998720   16.363561    0.528468    3.355749
   85.998549   16.341431    0.488846    2.982802
   85.998379   16.319282    0.321432    1.407666
   85.998209   16.297130    0.309381    1.294092
   85.998038   16.274973    0.366156    1.827979
   85.997866   16.252820    0.345923    1.637429
   85.997692   16.230675    0.220090    0.476917
   85.997516   16.208533    0.343324    1.612554
   85.997339   16.186395    0.413940    2.276651
   85.997162   16.164260    0.295394    1.161240
   85.996984   16.142130    0.493623    3.025838
   85.996806   16.120005    0.386375    2.016710
   85.996628   16.097888    0.342512    1.603865
   85.996449   16.075784    0.430217    2.428720
   85.996270   16.053700    0.384883    2.002043
   85.996091   16.031621    0.555518    3.607053
   85.995911   16.009542    0.323434    1.423549
   85.995730   15.987453    0.347228    1.647170
   85.995547   15.965341    0.299929    1.202008
   85.995364   15.943224    0.381627    1.970351
   85.995180   15.921106    0.313355    1.327886
   85.994996   15.898993    0.458741    2.695372
   85.994813   15.876891    0.616864    4.182673
   85.994629   15.854795    0.467051    2.773125
   85.994445   15.832702    0.438357    2.502972
   85.994260   15.810616    0.591331    3.941848
   85.994072   15.788534    0.439934    2.517390
   85.993884   15.766455    0.308449    1.280258
   85.993696   15.744380    0.497492    3.058433
   85.993508   15.722307    0.760151    5.529150
   85.993322   15.700233    0.537022    3.429882
   85.993136   15.678164    0.506463    3.142195
   85.992950   15.656097    0.375279    1.907887
   85.992762   15.634038    0.466607    2.766835
   85.992572   15.611985    0.258590    0.809741
   85.992188   15.567901    0.271755    0.933164
   85.990632   15.391631    0.163397    0.354069
   85.990038   15.325538    0.544828    3.499734
   85.989839   15.303524    0.390030    2.043292
   85.989640   15.281512    0.309251    1.283160
   85.989439   15.259504    0.384132    1.987388
   85.989238   15.237500    0.439952    2.512293
   85.989036   15.215499    0.451840    2.623919
   85.988834   15.193505    0.404390    2.177329
   85.988631   15.171521    0.427931    2.398573
   85.988429   15.149537    0.439335    2.505645
   85.988226   15.127550    0.471054    2.803826
   85.988022   15.105554    0.330749    1.483716
   85.987818   15.083542    0.456152    2.663217
   85.987613   15.061521    0.221121    0.479152
   85.987407   15.039494    0.366137    1.815991
   85.987201   15.017462    0.527328    3.332163
   85.986995   14.995421    0.399226    2.126850
   85.986787   14.973380    0.468952    2.782577
   85.986579   14.951339    0.445839    2.564931
   85.986369   14.929303    0.476739    2.855404
   85.986158   14.907278    0.573259    3.763191
   85.985946   14.885258    0.391883    2.056719
   85.985733   14.863245    0.372002    1.869479
   85.985521   14.841237    0.335848    1.529153
   85.985311   14.819235    0.311875    1.303423
   85.985100   14.797241    0.318190    1.362619
   85.984889   14.775256    0.158889    0.344299
   85.984678   14.753285    0.015908    0.034471
   85.984464   14.731331    0.269870    0.907424
   85.984035   14.687462    0.419874    2.318143
   85.983819   14.665546    0.373613    1.882743
   85.983601   14.643649    0.409122    2.216572
   85.983384   14.621757    0.442913    2.534246
   85.983166   14.599867    0.416798    2.288365
   85.982948   14.577972    0.403481    2.162878
   85.982731   14.556058    0.395484    2.087438
   85.982513   14.534138    0.475865    2.843401
   85.982295   14.512211    0.354649    1.702872
   85.982076   14.490274    0.392084    2.054819
   85.981855   14.468324    0.485030    2.928984
   85.981633   14.446370    0.155963    0.337958
   85.981410   14.424413    0.452877    2.626088
   85.981186   14.402459    0.391194    2.045610
   85.980961   14.380517    0.201493    0.436620
   85.980735   14.358575    0.448986    2.588859
   85.980509   14.336628    0.369814    1.843851
   85.980283   14.314672    0.264853    0.856243
   85.980057   14.292693    0.512757    3.188148
   85.979830   14.270711    0.225331    0.488274
   85.979604   14.248733    0.263241    0.840452
   85.978697   14.160958    0.421036    2.324046
   85.978468   14.139044    0.314580    1.322369
   85.978239   14.117141    0.415544    2.271963
   85.978008   14.095247    0.475007    2.831136
   85.977777   14.073361    0.672021    4.684311
   85.977544   14.051482    0.441663    2.517040
   85.977309   14.029611    0.428348    2.391579
   85.977073   14.007744    0.436162    2.464881
   85.976837   13.985881    0.416188    2.276767
   85.976602   13.964019    0.442168    2.520959
