Converting ICESat/GLAS binary freeboard vector data to ASCII
Wed Feb 12 09:58:11 2014

write_fb:
  file_in:       laser3k0117002.dat
  laser_period:  3k
  track:         0117
  cycle:         002
  file_out:      laser3k0117002.txt
  non_zero_only:        0
  nan_replace:       -999

read_fb:
  Year:                  2008
  Month:                   10
  Day:                     17
  Hour:                     4
  Minute:                  53
  Doy:                    291
  record_count:          1888
  non_zero_count:        1879
  nan_count:                0

    Latitude   Longitude   Freeboard   Thickness
   82.443669   36.109663    0.298813    1.722135
   82.444981   36.103387    0.285702    1.598533
   82.447602   36.090830    0.321927    1.938770
   82.448911   36.084544    0.286403    1.604311
   82.451528   36.071948    0.254159    1.300442
   82.452837   36.065629    0.172988    0.536572
   82.454148   36.059284    0.166761    0.477720
   82.455460   36.052930    0.194308    0.736595
   82.456772   36.046572    0.238108    1.148368
   82.458085   36.040216    0.100818    0.217528
   82.465962   36.002152    0.436677    3.014478
   82.467275   35.995797    0.445229    3.094657
   82.468588   35.989436    0.216539    0.943026
   82.469902   35.983064    0.397419    2.644349
   82.471217   35.976688    0.374459    2.428093
   82.472532   35.970313    0.109167    0.235543
   82.473846   35.963942    0.305573    1.779509
   82.475158   35.957579    0.260639    1.356534
   82.476471   35.951221    0.206421    0.846215
   82.477783   35.944865    0.180456    0.601683
   82.479097   35.938512    0.187521    0.667882
   82.480412   35.932164    0.111523    0.240626
   82.481727   35.925817    0.211939    0.897041
   82.483042   35.919469    0.278303    1.521080
   82.484356   35.913120    0.249716    1.251888
   82.485667   35.906768    0.298702    1.712447
   82.486977   35.900412    0.186679    0.658332
   82.488287   35.894051    0.212148    0.897666
   82.489596   35.887681    0.189411    0.683499
   82.490904   35.881297    0.081669    0.176211
   82.492212   35.874908    0.206976    0.848201
   82.493521   35.868515    0.402287    2.685285
   82.494830   35.862123    0.543297    4.011547
   82.496140   35.855734    0.407867    2.737232
   82.497451   35.849344    0.046685    0.100729
   82.501381   35.830173    0.096678    0.208596
   82.503997   35.817381    0.136801    0.295167
   82.505304   35.810974    0.148301    0.319980
   82.511842   35.778814    0.197038    0.750662
   82.513154   35.772369    0.069438    0.149822
   82.515780   35.759476    0.095090    0.205169
   82.517093   35.753032    0.000000    0.000000
   82.530215   35.688557    0.230181    1.058663
   82.531524   35.682127    0.222051    0.981916
   82.532832   35.675701    0.257161    1.311944
   82.534140   35.669274    0.178933    0.575763
   82.535447   35.662843    0.279150    1.518269
   82.538060   35.649958    0.304175    1.753161
   82.539366   35.643503    0.321713    1.917875
   82.540671   35.637043    0.269943    1.430600
   82.541975   35.630578    0.209548    0.862178
   82.543278   35.624109    0.237289    1.122877
   82.544581   35.617637    0.282711    1.549909
   82.545883   35.611162    0.333402    2.026511
   82.547185   35.604686    0.204077    0.809646
   82.548489   35.598212    0.335913    2.049601
   82.551096   35.585255    0.239072    1.138059
   82.552401   35.578772    0.256833    1.304873
   82.553706   35.572285    0.353225    2.211404
   82.555012   35.565793    0.271166    1.439180
   82.556318   35.559296    0.296854    1.680571
   82.557623   35.552791    0.369798    2.366516
   82.558927   35.546276    0.312515    1.827369
   82.560230   35.539756    0.261609    1.348207
   82.561534   35.533231    0.266182    1.390959
   82.564150   35.520173    0.322106    1.916525
   82.565460   35.513642    0.283131    1.549609
   82.566771   35.507111    0.270172    1.427435
   82.568083   35.500583    0.274440    1.467313
   82.569394   35.494060    0.222077    0.974456
   82.570705   35.487539    0.264296    1.371350
   82.572015   35.481016    0.247260    1.210820
   82.573324   35.474490    0.289461    1.607558
   82.574632   35.467957    0.289544    1.608068
   82.575938   35.461422    0.261769    1.346519
   82.577244   35.454886    0.428863    2.918162
   82.578549   35.448349    0.301032    1.715347
   82.579854   35.441812    0.397338    2.621058
   82.581158   35.435277    0.347657    2.153429
   82.582462   35.428743    0.263385    1.360392
   82.583764   35.422216    0.338245    2.064357
   82.585065   35.415699    0.349682    2.171686
   82.586365   35.409184    0.254178    1.272985
   82.587665   35.402669    0.249022    1.224215
   82.588964   35.396150    0.246324    1.198566
   82.590262   35.389623    0.309120    1.789045
   82.591561   35.383091    0.364850    2.313050
   82.592860   35.376553    0.297497    1.679172
   82.594158   35.370008    0.284186    1.553691
   82.596756   35.356898    0.325213    1.939108
   82.598056   35.350333    0.294213    1.647222
   82.600653   35.337190    0.391060    2.557765
   82.601953   35.330610    0.272626    1.443352
   82.603254   35.324023    0.285392    1.563176
   82.604557   35.317429    0.383646    2.487218
   82.605865   35.310827    0.328506    1.968232
   82.607174   35.304218    0.282283    1.533126
   82.608484   35.297603    0.335156    2.030252
   82.609795   35.290980    0.366221    2.322232
   82.611104   35.284348    0.327845    1.960944
   82.612414   35.277713    0.368231    2.340606
   82.615029   35.264451    0.311019    1.801855
   82.616335   35.257837    0.279226    1.502504
   82.618943   35.244622    0.241569    1.147721
   82.621547   35.231416    0.258921    1.310427
   82.622848   35.224817    0.391846    2.560629
   82.624148   35.218222    0.274425    1.455741
   82.625447   35.211633    0.283380    1.539718
   82.626745   35.205056    0.265846    1.374514
   82.628043   35.198480    0.380151    2.449552
   82.629340   35.191901    0.340348    2.074848
   82.630637   35.185313    0.262718    1.344294
   82.631935   35.178709    0.453686    3.140522
   82.633233   35.172096    0.332021    1.995717
   82.634530   35.165477    0.208584    0.834241
   82.635828   35.158850    0.262143    1.337819
   82.637125   35.152215    0.217914    0.921476
   82.638422   35.145576    0.308832    1.776509
   82.639719   35.138935    0.318115    1.863574
   82.641016   35.132297    0.314591    1.830159
   82.642313   35.125668    0.188060    0.639576
   82.643610   35.119037    0.214636    0.889316
   82.644908   35.112403    0.237452    1.103687
   82.646207   35.105761    0.298101    1.673967
   82.647507   35.099102    0.246751    1.190642
   82.648807   35.092437    0.205410    0.801466
   82.650107   35.085768    0.223657    0.972856
   82.651408   35.079097    0.273909    1.445327
   82.652709   35.072427    0.236256    1.090841
   82.654010   35.065755    0.262964    1.341834
   82.655312   35.059082    0.236406    1.091727
   82.656614   35.052407    0.277703    1.479955
   82.657917   35.045732    0.361728    2.270144
   82.660524   35.032372    0.221937    0.954543
   82.661827   35.025687    0.153988    0.332250
   82.663130   35.018995    0.457318    3.168322
   82.664432   35.012300    0.324687    1.920357
   82.667035   34.998912    0.206581    0.808756
   82.668334   34.992223    0.281710    1.515261
   82.669632   34.985536    0.154094    0.332479
   82.672228   34.972163    0.099476    0.214633
   82.673525   34.965475    0.056340    0.121561
   82.674823   34.958788    0.256874    1.280293
   82.676119   34.952103    0.081460    0.175762
   82.677415   34.945421    0.205067    0.792392
   82.682586   34.918717    0.266935    1.373350
   82.683876   34.912022    0.172703    0.486618
   82.685166   34.905321    0.218718    0.919230
   82.687749   34.891895    0.216662    0.899362
   82.690339   34.878435    0.288054    1.570439
   82.691636   34.871697    0.180340    0.556873
   82.692934   34.864956    0.134988    0.291254
   82.694232   34.858216    0.289332    1.581668
   82.698129   34.837963    0.231741    1.039089
   82.699431   34.831190    0.179817    0.550360
   82.700733   34.824413    0.225116    0.976238
   82.702035   34.817632    0.236838    1.086241
   82.703338   34.810852    0.313842    1.810375
   82.704640   34.804074    0.258487    1.289366
   82.705942   34.797299    0.215087    0.880824
   82.707242   34.790529    0.248762    1.197348
   82.708541   34.783768    0.230756    1.027695
   82.709838   34.777026    0.274379    1.437808
   82.711133   34.770286    0.211769    0.848555
   82.712427   34.763545    0.156447    0.337557
   82.713721   34.756794    0.251468    1.221480
   82.715013   34.750019    0.172281    0.476284
   82.716306   34.743240    0.247652    1.185057
   82.717597   34.736459    0.297095    1.649922
   82.718887   34.729680    0.242152    1.132785
   82.720176   34.722913    0.267566    1.371601
   82.721464   34.716148    0.186942    0.612881
   82.722753   34.709384    0.291502    1.596244
   82.724041   34.702618    0.267972    1.374633
   82.725330   34.695850    0.278612    1.474459
   82.726619   34.689079    0.220909    0.931366
   82.727910   34.682302    0.262949    1.326586
   82.729202   34.675520    0.307704    1.747349
   82.730496   34.668729    0.283070    1.515342
   82.731791   34.661930    0.199406    0.728023
   82.733086   34.655122    0.242226    1.130578
   82.735673   34.641460    0.295487    1.631093
   82.740851   34.614057    0.228807    1.002756
   82.742149   34.607210    0.235914    1.069351
   82.743448   34.600363    0.203699    0.766030
   82.744748   34.593518    0.271565    1.404212
   82.746049   34.586676    0.260699    1.301725
   82.747350   34.579832    0.241633    1.122109
   82.748651   34.572985    0.336863    2.017705
   82.749949   34.566131    0.211457    0.837709
   82.751242   34.559262    0.159457    0.348267
   82.755119   34.538654    0.187388    0.610238
   82.756413   34.531799    0.203694    0.763371
   82.757707   34.524950    0.336905    2.016267
   82.759000   34.518107    0.176128    0.503530
   82.762864   34.497627    0.310095    1.763018
   82.764148   34.490805    0.319302    1.849371
   82.765431   34.483979    0.226124    0.972556
   82.767995   34.470300    0.239790    1.100596
   82.769277   34.463452    0.261900    1.308338
   82.770561   34.456598    0.221087    0.924131
   82.771847   34.449735    0.247260    1.170088
   82.773135   34.442869    0.224304    0.953881
   82.774423   34.436000    0.186628    0.599186
   82.775712   34.429133    0.178268    0.520278
   82.776999   34.422276    0.202115    0.744356
   82.779577   34.408540    0.187816    0.609321
   82.780868   34.401645    0.113645    0.245204
   82.782162   34.394713    0.266107    1.345310
   82.783458   34.387765    0.151531    0.326950
   82.784754   34.380806    0.173125    0.470066
   82.786050   34.373839    0.286769    1.538895
   82.787346   34.366869    0.250708    1.199394
   82.788643   34.359899    0.271514    1.394861
   82.789938   34.352934    0.304096    1.701107
   82.791232   34.345983    0.241669    1.113576
   82.792525   34.339060    0.289865    1.566711
   82.793816   34.332145    0.236872    1.067928
   82.795107   34.325236    0.230887    1.011360
   82.796398   34.318325    0.322394    1.871934
   82.797690   34.311405    0.283142    1.502423
   82.798980   34.304484    0.445243    3.027100
   82.800270   34.297564    0.224660    0.951741
   82.801557   34.290646    0.335323    1.992524
   82.802840   34.283730    0.285446    1.523057
   82.804122   34.276815    0.236320    1.060651
   82.805402   34.269900    0.212401    0.835372
   82.806683   34.262983    0.195957    0.680425
   82.810526   34.242219    0.194326    0.664303
   82.811809   34.235299    0.240223    1.095814
   82.813094   34.228385    0.152999    0.330117
   82.814379   34.221468    0.167693    0.412979
   82.815665   34.214545    0.192937    0.650196
   82.816950   34.207612    0.212236    0.831487
   82.818233   34.200659    0.349739    2.124767
   82.819516   34.193697    0.196576    0.683647
   82.820800   34.186726    0.151877    0.327695
   82.822084   34.179748    0.276068    1.430935
   82.823369   34.172762    0.170703    0.439467
   82.824655   34.165772    0.346195    2.090121
   82.825942   34.158780    0.263746    1.314235
   82.827230   34.151790    0.290679    1.567345
   82.828519   34.144808    0.236148    1.054095
   82.829809   34.137824    0.191141    0.630435
   82.831099   34.130836    0.248128    1.166272
   82.832388   34.123837    0.152832    0.329755
   82.833676   34.116821    0.286235    1.524231
   82.834964   34.109797    0.274167    1.410448
   82.836251   34.102769    0.264793    1.321996
   82.837538   34.095738    0.245663    1.141776
   82.840113   34.081678    0.226709    0.962947
   82.841400   34.074649    0.234066    1.031896
   82.842687   34.067622    0.196281    0.676177
   82.843973   34.060599    0.220440    0.903191
   82.846543   34.046562    0.230818    1.000295
   82.847826   34.039546    0.227796    0.971609
   82.849109   34.032531    0.169323    0.421277
   82.850390   34.025519    0.151677    0.327264
   82.852951   34.011502    0.203041    0.737689
   82.854230   34.004498    0.209157    0.794964
   82.856786   33.990494    0.294225    1.594713
   82.858063   33.983493    0.047274    0.101999
   82.859339   33.976494    0.024727    0.053352
   82.860615   33.969491    0.011827    0.025518
   82.861892   33.962484    0.042307    0.091283
   82.864453   33.948445    0.245393    1.133784
   82.865736   33.941411    0.133871    0.288846
   82.867020   33.934366    0.196057    0.669141
   82.868304   33.927310    0.253782    1.211916
   82.869589   33.920238    0.248308    1.160165
   82.870874   33.913155    0.168004    0.404453
   82.872160   33.906062    0.512943    3.649154
   82.873447   33.898959    0.239608    1.077538
   82.876023   33.884725    0.216025    0.855160
   82.878600   33.870480    0.189741    0.607371
   82.879889   33.863363    0.220629    0.897690
   82.881178   33.856249    0.282780    1.482103
   82.882466   33.849136    0.247288    1.147952
   82.883753   33.842028    0.249386    1.167433
   82.886318   33.827826    0.249272    1.165836
   82.887599   33.820727    0.205006    0.749154
   82.888879   33.813627    0.294068    1.586730
   82.890158   33.806522    0.243060    1.106617
   82.891436   33.799418    0.203026    0.729748
   82.892713   33.792313    0.184656    0.556672
   82.893990   33.785209    0.218237    0.872325
   82.895267   33.778108    0.373932    2.336733
   82.896544   33.771008    0.195392    0.656891
   82.897821   33.763911    0.226197    0.946428
   82.899097   33.756818    0.230933    0.990719
   82.900371   33.749736    0.209902    0.792614
   82.901646   33.742653    0.275170    1.406356
   82.902921   33.735565    0.190750    0.611923
   82.904197   33.728465    0.221474    0.900700
   82.905475   33.721341    0.201069    0.708480
   82.908033   33.707071    0.087807    0.189456
   82.910594   33.692793    0.176656    0.477771
   82.911875   33.685651    0.288618    1.530777
   82.913157   33.678505    0.202370    0.719154
   82.915718   33.664182    0.167512    0.390712
   82.916999   33.657008    0.190223    0.604103
   82.918279   33.649827    0.147111    0.317413
   82.919560   33.642642    0.173366    0.444998
   82.920842   33.635453    0.234734    1.022050
   82.922124   33.628260    0.087928    0.189717
   82.923406   33.621064    0.115136    0.248421
   82.924687   33.613866    0.483597    3.362400
   82.925966   33.606668    0.114687    0.247453
   82.927244   33.599468    0.017850    0.038514
   82.928522   33.592266    0.345977    2.066978
   82.929801   33.585060    0.151379    0.326622
   82.931082   33.577847    0.256194    1.221844
   82.932362   33.570633    0.217173    0.854495
   82.933642   33.563422    0.202154    0.712942
   82.934921   33.556216    0.221193    0.891795
   82.936198   33.549022    0.183348    0.535510
   82.937474   33.541832    0.299319    1.626227
   82.938748   33.534647    0.192623    0.622246
   82.941293   33.520292    0.175902    0.464424
   82.942564   33.513119    0.181327    0.515201
   82.943835   33.505943    0.254265    1.201098
   82.945106   33.498761    0.229427    0.967177
   82.947654   33.484367    0.272876    1.375410
   82.948928   33.477165    0.188102    0.577648
   82.950203   33.469963    0.222551    0.901466
   82.951478   33.462769    0.249229    1.152187
   82.952753   33.455569    0.176337    0.466212
   82.954029   33.448362    0.262723    1.278617
   82.955306   33.441141    0.258876    1.242166
   82.956584   33.433896    0.254596    1.201647
   82.957862   33.426642    0.287586    1.511739
   82.959141   33.419379    0.244532    1.106456
   82.960421   33.412111    0.187858    0.573047
   82.961701   33.404840    0.316794    1.785732
   82.962981   33.397568    0.303064    1.656317
   82.964260   33.390297    0.287070    1.505599
   82.965539   33.383031    0.233340    0.999884
   82.966815   33.375782    0.299759    1.624454
   82.968091   33.368532    0.318596    1.801401
   82.970642   33.354017    0.209399    0.773638
   82.971919   33.346731    0.185364    0.547277
   82.974471   33.332150    0.222746    0.898428
   82.975746   33.324864    0.230978    0.975612
   82.977019   33.317592    0.185767    0.550038
   82.978292   33.310323    0.238594    1.046747
   82.980836   33.295789    0.190281    0.591741
   82.982108   33.288519    0.235700    1.018756
   82.983381   33.281248    0.240296    1.061729
   82.984654   33.273973    0.200460    0.686725
   82.985927   33.266695    0.250785    1.159894
   82.987201   33.259411    0.226628    0.932386
   82.989746   33.244832    0.300318    1.625101
   82.992287   33.230246    0.194340    0.627614
   82.993556   33.222951    0.241030    1.066587
   82.994824   33.215653    0.331932    1.921485
   82.996093   33.208352    0.192665    0.611095
   82.997363   33.201045    0.171117    0.408131
   82.998634   33.193734    0.268576    1.324705
   82.999905   33.186421    0.218100    0.849603
   83.002450   33.171786    0.228807    0.949815
   83.003724   33.164465    0.203310    0.709700
   83.007544   33.142484    0.103296    0.222876
   83.008816   33.135150    0.083772    0.180751
   83.010088   33.127807    0.163277    0.352293
   83.017734   33.083553    0.126435    0.272800
   83.019005   33.076190    0.220363    0.867040
   83.021547   33.061458    0.214042    0.807066
   83.022818   33.054078    0.268500    1.319112
   83.024088   33.046695    0.295722    1.574946
   83.025358   33.039313    0.207674    0.746394
   83.026627   33.031934    0.349343    2.078867
   83.027894   33.024564    0.430378    2.840935
   83.034217   32.987759    0.226876    0.925249
   83.035481   32.980398    0.198249    0.655688
   83.038010   32.965644    0.231659    0.969476
   83.039276   32.958252    0.281682    1.439808
   83.040543   32.950852    0.172850    0.415726
   83.041811   32.943445    0.188992    0.567327
   83.043080   32.936033    0.153154    0.330451
   83.044349   32.928615    0.239602    1.042922
   83.045618   32.921191    0.277026    1.394723
   83.046887   32.913762    0.180726    0.488537
   83.048153   32.906327    0.147612    0.318493
   83.049419   32.898889    0.247179    1.113171
   83.051954   32.884002    0.278952    1.411560
   83.053227   32.876555    0.194631    0.618070
   83.054499   32.869105    0.202943    0.696002
   83.055772   32.861656    0.232042    0.969493
   83.057044   32.854206    0.274449    1.368178
   83.058314   32.846760    0.188232    0.556847
   83.062115   32.824410    0.290706    1.520087
   83.063379   32.816948    0.238395    1.027725
   83.064643   32.809483    0.226407    0.914694
   83.065905   32.802017    0.219304    0.847613
   83.067168   32.794551    0.331055    1.898638
   83.068430   32.787088    0.268451    1.309452
   83.069693   32.779626    0.189382    0.565361
   83.070955   32.772164    0.217144    0.826279
   83.072217   32.764703    0.184973    0.523376
   83.073478   32.757248    0.305463    1.656608
   83.074739   32.749788    0.191027    0.579817
   83.076000   32.742323    0.143930    0.310548
   83.079792   32.719828    0.219929    0.850683
   83.081057   32.712314    0.198349    0.647422
   83.082321   32.704803    0.201085    0.672908
   83.084848   32.689809    0.218615    0.837301
   83.086111   32.682319    0.234075    0.982482
   83.087374   32.674837    0.293765    1.543751
   83.089900   32.659898    0.338646    1.965457
   83.091164   32.652425    0.109810    0.236930
   83.092428   32.644941    0.089858    0.193881
   83.093695   32.637438    0.314186    1.734585
   83.094962   32.629924    0.113239    0.244328
   83.096228   32.622400    0.083482    0.180124
   83.097494   32.614864    0.204617    0.703070
   83.098758   32.607315    0.175953    0.433154
   83.100021   32.599760    0.207736    0.731899
   83.101284   32.592201    0.292551    1.529522
   83.102547   32.584641    0.217806    0.826115
   83.103811   32.577089    0.247273    1.103069
   83.105075   32.569536    0.215542    0.804302
   83.106339   32.561982    0.261233    1.233881
   83.107603   32.554428    0.391408    2.458225
   83.108868   32.546873    0.323178    1.816106
   83.110132   32.539316    0.241009    1.042859
   83.111396   32.531754    0.154717    0.333822
   83.112658   32.524185    0.240859    1.040942
   83.113918   32.516604    0.281385    1.421921
   83.115176   32.509020    0.440489    2.918410
   83.116433   32.501435    0.201474    0.669658
   83.117690   32.493854    0.222904    0.871005
   83.118947   32.486283    0.234001    0.975141
   83.120203   32.478715    0.215418    0.800077
   83.121460   32.471150    0.311985    1.708260
   83.125233   32.448478    0.239492    1.025531
   83.126491   32.440919    0.218053    0.823589
   83.127749   32.433354    0.229986    0.935589
   83.129006   32.425777    0.212816    0.773811
   83.130264   32.418194    0.272083    1.331106
   83.131521   32.410604    0.193619    0.592710
   83.132780   32.403009    0.244129    1.067618
   83.134040   32.395406    0.254166    1.161783
   83.135300   32.387799    0.432728    2.841322
   83.136561   32.380189    0.268185    1.293156
   83.137822   32.372579    0.223420    0.871784
   83.139083   32.364974    0.203296    0.682218
   83.140344   32.357365    0.166814    0.359924
   83.141606   32.349752    0.244023    1.064834
   83.142868   32.342131    0.232602    0.957143
   83.144131   32.334499    0.222361    0.860543
   83.145393   32.326858    0.284337    1.443315
   83.146656   32.319208    0.218799    0.826520
   83.147918   32.311546    0.161821    0.349151
   83.149178   32.303865    0.238587    1.012167
   83.150437   32.296180    0.364937    2.200529
   83.151696   32.288496    0.237088    0.997561
   83.152955   32.280820    0.177761    0.439199
   83.154213   32.273169    0.209810    0.740449
   83.155471   32.265522    0.172069    0.385147
   83.156728   32.257874    0.114055    0.246089
   83.157986   32.250220    0.229597    0.925837
   83.159245   32.242548    0.192536    0.576935
   83.160503   32.234873    0.254847    1.162867
   83.161760   32.227197    0.249094    1.108498
   83.165522   32.204210    0.246371    1.082121
   83.166774   32.196553    0.248879    1.105466
   83.169279   32.181217    0.220533    0.838308
   83.170532   32.173542    0.247776    1.094335
   83.171785   32.165866    0.223730    0.867880
   83.173039   32.158192    0.216611    0.800661
   83.174293   32.150526    0.259095    1.200071
   83.175548   32.142860    0.417820    2.693000
   83.176803   32.135191    0.224912    0.878001
   83.178060   32.127517    0.262044    1.227063
   83.179317   32.119838    0.246799    1.083395
   83.180574   32.112150    0.298670    1.571110
   83.181833   32.104453    0.269386    1.295373
   83.183091   32.096745    0.205694    0.695952
   83.184350   32.089018    0.264311    1.247130
   83.185609   32.081282    0.263177    1.236209
   83.186869   32.073535    0.288071    1.470145
   83.189389   32.058018    0.235234    0.972587
   83.190650   32.050250    0.122206    0.263677
   83.191910   32.042481    0.220237    0.831002
   83.193170   32.034714    0.248947    1.100827
   83.194429   32.026956    0.307727    1.653542
   83.196945   32.011442    0.303172    1.610190
   83.198201   32.003679    0.264965    1.250510
   83.199455   31.995904    0.278202    1.374786
   83.200708   31.988129    0.234124    0.959873
   83.201960   31.980358    0.318730    1.755538
   83.203211   31.972597    0.257569    1.179929
   83.204462   31.964857    0.273492    1.329475
   83.205711   31.957121    0.353486    2.081753
   83.206961   31.949385    0.226167    0.883766
   83.210706   31.926121    0.316276    1.730699
   83.211954   31.918355    0.319693    1.762598
   83.213203   31.910591    0.186389    0.508309
   83.214453   31.902835    0.163668    0.353135
   83.218205   31.879537    0.246740    1.075054
   83.220707   31.863947    0.104223    0.224874
   83.223211   31.848333    0.326066    1.820296
   83.224466   31.840523    0.267422    1.268356
   83.225722   31.832710    0.206913    0.698875
   83.226978   31.824893    0.217601    0.799170
   83.228233   31.817072    0.251293    1.115873
   83.229486   31.809247    0.330940    1.864892
   83.231990   31.793582    0.286974    1.450782
   83.233242   31.785740    0.167565    0.361544
   83.234493   31.777888    0.199683    0.629108
   83.235745   31.770032    0.137728    0.297167
   83.236996   31.762175    0.348795    2.031348
   83.238247   31.754320    0.281699    1.399900
   83.239498   31.746472    0.357389    2.111691
   83.240748   31.738625    0.222444    0.841973
   83.241998   31.730779    0.435733    2.848197
   83.243247   31.722934    0.298135    1.553521
   83.244495   31.715092    0.260961    1.203558
   83.245742   31.707247    0.210037    0.724248
   83.246990   31.699396    0.248766    1.088333
   83.248236   31.691534    0.170889    0.368716
   83.249483   31.683652    0.231851    0.928708
   83.250729   31.675762    0.310948    1.672553
   83.255714   31.644175    0.186737    0.503050
   83.256959   31.636285    0.117367    0.253236
   83.258206   31.628408    0.233787    0.945170
   83.259452   31.620556    0.256909    1.162431
   83.261946   31.604865    0.424688    2.740286
   83.263193   31.597013    0.375341    2.275812
   83.264439   31.589145    0.308570    1.647427
   83.265685   31.581270    0.255337    1.146397
   83.268179   31.565498    0.271763    1.300420
   83.269426   31.557605    0.245664    1.054644
   83.270674   31.549703    0.369623    2.220523
   83.271922   31.541791    0.168942    0.364516
   83.273171   31.533865    0.221040    0.822246
   83.274421   31.525917    0.177054    0.408206
   83.276922   31.510000    0.309578    1.654398
   83.278173   31.502040    0.280691    1.382401
   83.280673   31.486140    0.283258    1.406045
   83.281922   31.478185    0.282661    1.400173
   83.283169   31.470223    0.273906    1.317561
   83.284413   31.462244    0.259670    1.183388
   83.286899   31.446280    0.219788    0.807702
   83.288141   31.438301    0.271964    1.298289
   83.289384   31.430332    0.357518    2.102877
   83.290626   31.422367    0.003149    0.006795
   83.291869   31.414406    0.051472    0.111058
   83.293111   31.406450    0.107883    0.232772
   83.294354   31.398502    0.151059    0.325931
   83.295596   31.390556    0.222719    0.833523
   83.296838   31.382608    0.290636    1.472197
   83.298079   31.374659    0.230479    0.906027
   83.299317   31.366705    0.285923    1.427363
   83.300556   31.358745    0.235230    0.950219
   83.301795   31.350775    0.240209    0.996814
   83.303036   31.342790    0.371725    2.233777
   83.305524   31.326760    0.286415    1.430740
   83.306770   31.318739    0.270938    1.284885
   83.309261   31.302739    0.283218    1.399905
   83.310507   31.294754    0.227253    0.873177
   83.311753   31.286767    0.237171    0.966225
   83.312998   31.278774    0.287416    1.438650
   83.314242   31.270766    0.255327    1.136529
   83.315486   31.262750    0.371283    2.227113
   83.316730   31.254725    0.259136    1.171860
   83.317975   31.246690    0.290020    1.462147
   83.319222   31.238642    0.466487    3.121981
   83.320468   31.230588    0.206537    0.676292
   83.321714   31.222528    0.327241    1.811538
   83.325435   31.198348    0.280983    1.375623
   83.326672   31.190287    0.201490    0.627553
   83.327910   31.182222    0.202751    0.639166
   83.329149   31.174153    0.310733    1.654739
   83.330388   31.166085    0.242108    1.008917
   83.331626   31.158019    0.370285    2.214467
   83.332865   31.149959    0.398546    2.480078
   83.334104   31.141912    0.271995    1.289317
   83.335343   31.133867    0.370241    2.213299
   83.336581   31.125823    0.208073    0.687481
   83.337818   31.117776    0.270050    1.270278
   83.340287   31.101662    0.267798    1.248585
   83.341521   31.093600    0.162386    0.350371
   83.342756   31.085533    0.344633    1.970904
   83.343993   31.077461    0.359436    2.109909
   83.345231   31.069386    0.289364    1.450466
   83.346470   31.061309    0.194585    0.558600
   83.347709   31.053236    0.223741    0.832636
   83.350186   31.037103    0.180804    0.428213
   83.351425   31.029029    0.153977    0.332226
   83.352666   31.020941    0.301308    1.561347
   83.353907   31.012833    0.227375    0.865586
   83.355148   31.004713    0.263493    1.205115
   83.356390   30.996587    0.252670    1.103047
   83.358875   30.980322    0.086723    0.187116
   83.360117   30.972185    0.152702    0.329476
   83.362598   30.955901    0.161143    0.347689
   83.363836   30.947755    0.371967    2.223838
   83.365072   30.939605    0.340955    1.931853
   83.366308   30.931451    0.149857    0.323336
   83.367544   30.923288    0.234995    0.934558
   83.368779   30.915111    0.139074    0.300071
   83.370014   30.906934    0.198037    0.586389
   83.371249   30.898759    0.171146    0.369271
   83.372482   30.890597    0.199166    0.596515
   83.373713   30.882460    0.294906    1.496922
   83.377404   30.858054    0.251777    1.090460
   83.378636   30.849892    0.204863    0.648879
   83.379868   30.841725    0.323710    1.766661
   83.381100   30.833555    0.279512    1.350633
   83.382333   30.825387    0.294636    1.492662
   83.383569   30.817227    0.261242    1.178263
   83.384804   30.809065    0.171856    0.370802
   83.386040   30.800897    0.290465    1.452683
   83.387275   30.792717    0.197512    0.578001
   83.388508   30.784514    0.299201    1.534371
   83.389742   30.776304    0.238794    0.965858
   83.390975   30.768090    0.216892    0.759570
   83.392210   30.759876    0.196737    0.569719
   83.393446   30.751672    0.277378    1.328090
   83.394683   30.743469    0.185213    0.460820
   83.395920   30.735265    0.252873    1.097068
   83.397157   30.727063    0.142039    0.306469
   83.398395   30.718862    0.141272    0.304813
   83.399631   30.710660    0.115583    0.249386
   83.402101   30.694239    0.000000    0.000000
   83.403333   30.686013    0.006714    0.014486
   83.407025   30.661311    0.300016    1.538341
   83.408258   30.653079    0.200053    0.597708
   83.409491   30.644843    0.247491    1.043729
   83.410724   30.636602    0.132412    0.285696
   83.411957   30.628351    0.068864    0.148584
   83.413189   30.620085    0.025185    0.054340
   83.414420   30.611813    0.042424    0.091536
   83.415650   30.603538    0.075939    0.163850
   83.418111   30.586989    0.041656    0.089878
   83.419341   30.578716    0.000000    0.000000
   83.420571   30.570439    0.171842    0.370772
   83.421801   30.562158    0.232914    0.904133
   83.423032   30.553865    0.393335    2.413015
   83.424263   30.545573    0.362144    2.119348
   83.425494   30.537281    0.316509    1.689794
   83.426725   30.528996    0.210807    0.695175
   83.427954   30.520729    0.212312    0.709086
   83.429183   30.512462    0.363466    2.130795
   83.430412   30.504192    0.267930    1.231817
   83.432875   30.487603    0.374373    2.232670
   83.434108   30.479289    0.190376    0.501502
   83.435342   30.470969    0.269375    1.244423
   83.436575   30.462651    0.240075    0.968541
   83.437807   30.454339    0.309188    1.618458
   83.441501   30.429390    0.210929    0.693366
   83.443962   30.412732    0.231092    0.882557
   83.446422   30.396056    0.285837    1.397069
   83.447654   30.387712    0.341764    1.922941
   83.448885   30.379364    0.230612    0.877051
   83.450116   30.371013    0.229884    0.869955
   83.451346   30.362660    0.307559    1.600426
   83.452574   30.354305    0.334629    1.854832
   83.453801   30.345947    0.233469    0.902938
   83.455026   30.337588    0.315868    1.677849
   83.457474   30.320867    0.146032    0.315083
   83.458697   30.312505    0.224818    0.820576
   83.462364   30.287415    0.263221    1.181105
   83.463586   30.279050    0.314985    1.667822
   83.464809   30.270681    0.236969    0.933656
   83.466032   30.262307    0.297764    1.505327
   83.467256   30.253926    0.356386    2.056558
   83.468480   30.245540    0.363750    2.125595
   83.469704   30.237149    0.281940    1.355729
   83.474613   30.203553    0.425265    2.703049
   83.479525   30.169892    0.253146    1.082888
   83.480753   30.161467    0.176945    0.381783
   83.481980   30.153038    0.492716    3.336105
   83.483207   30.144606    0.191721    0.504302
   83.484434   30.136169    0.207903    0.656281
   83.485661   30.127729    0.156192    0.337007
   83.486888   30.119282    0.073654    0.158918
   83.490562   30.093937    0.148214    0.319793
   83.491782   30.085499    0.173019    0.373312
   83.494220   30.068619    0.283124    1.361942
   83.495439   30.060170    0.304919    1.566733
   83.496660   30.051709    0.265610    1.196692
   83.497881   30.043240    0.437483    2.813317
   83.499102   30.034765    0.282404    1.354191
   83.500324   30.026282    0.252434    1.072004
   83.501545   30.017790    0.294549    1.467949
   83.502766   30.009294    0.277119    1.303735
   83.503987   30.000794    0.198757    0.566311
   83.505207   29.992296    0.229317    0.853548
   83.506427   29.983804    0.119883    0.258665
   83.507647   29.975310    0.173522    0.374397
   83.508867   29.966812    0.114326    0.246674
   83.510088   29.958305    0.148553    0.320522
   83.511311   29.949784    0.157804    0.340485
   83.512535   29.941258    0.201919    0.594337
   83.513759   29.932728    0.238094    0.934399
   83.514983   29.924197    0.220522    0.768847
   83.516208   29.915671    0.261283    1.152052
   83.518655   29.898615    0.254912    1.091624
   83.519879   29.890085    0.242468    0.974316
   83.521101   29.881551    0.291973    1.439774
   83.522323   29.873016    0.333842    1.833406
   83.523545   29.864480    0.420200    2.645555
   83.524767   29.855942    0.181697    0.401633
   83.525991   29.847403    0.376344    2.232498
   83.527215   29.838863    0.246438    1.010182
   83.528438   29.830324    0.303470    1.546458
   83.529659   29.821788    0.209904    0.666001
   83.530878   29.813258    0.254711    1.087275
   83.532095   29.804727    0.235171    0.903208
   83.533312   29.796192    0.132182    0.285202
   83.534527   29.787649    0.253384    1.074057
   83.535741   29.779089    0.258973    1.126384
   83.536955   29.770524    0.219150    0.751515
   83.538168   29.761958    0.294013    1.455533
   83.539381   29.753392    0.283722    1.358473
   83.540594   29.744837    0.258555    1.121474
   83.541807   29.736280    0.110447    0.238304
   83.543020   29.727721    0.220555    0.763508
   83.544233   29.719160    0.291394    1.429663
   83.545446   29.710594    0.304820    1.555725
   83.546660   29.702021    0.434464    2.775086
   83.547875   29.693438    0.270869    1.235850
   83.549091   29.684842    0.289212    1.408168
   83.550309   29.676226    0.349176    1.972026
   83.551528   29.667597    0.273506    1.259934
   83.552748   29.658959    0.340636    1.891206
   83.553968   29.650309    0.330093    1.791781
   83.556411   29.632981    0.315696    1.655852
   83.557632   29.624315    0.387767    2.333609
   83.558853   29.615655    0.249962    1.036990
   83.560073   29.607010    0.300613    1.513239
   83.561293   29.598370    0.210002    0.660587
   83.562512   29.589734    0.301408    1.520230
   83.563731   29.581101    0.209211    0.652663
   83.564951   29.572470    0.251502    1.050261
   83.567388   29.555213    0.306361    1.565853
   83.568603   29.546587    0.362270    2.091571
   83.569814   29.537962    0.327260    1.761983
   83.572232   29.520713    0.531409    3.681996
   83.573440   29.512085    0.346479    1.942053
   83.574649   29.503453    0.406373    2.505254
   83.577066   29.486180    0.116693    0.251781
   83.578276   29.477541    0.157422    0.339660
   83.579487   29.468903    0.215525    0.708920
   83.580698   29.460259    0.340932    1.888428
   83.581909   29.451603    0.391750    2.366253
   83.583120   29.442931    0.375657    2.214616
   83.584330   29.434232    0.322346    1.712857
   83.585540   29.425520    0.243124    0.967351
   83.586750   29.416801    0.407577    2.514177
   83.589172   29.399359    0.263551    1.158793
   83.590384   29.390639    0.339098    1.869246
   83.592811   29.373189    0.286344    1.372490
   83.595241   29.355728    0.292560    1.430478
   83.596456   29.346996    0.264434    1.165648
   83.597670   29.338263    0.295003    1.452972
   83.598882   29.329532    0.258357    1.107991
   83.600094   29.320798    0.174647    0.376824
   83.601305   29.312062    0.259049    1.114021
   83.602518   29.303319    0.223090    0.775498
   83.603732   29.294565    0.177354    0.382665
   83.604946   29.285809    0.301440    1.512076
   83.606160   29.277052    0.151768    0.327459
   83.607374   29.268300    0.012748    0.027505
   83.608586   29.259560    0.310668    1.598164
   83.609797   29.250819    0.151646    0.327197
   83.611008   29.242078    0.219859    0.743417
   83.612218   29.233331    0.462304    3.023934
   83.617048   29.198271    0.292082    1.421630
   83.618254   29.189503    0.215847    0.704225
   83.619459   29.180732    0.101704    0.219440
   83.620664   29.171958    0.078212    0.168754
   83.623070   29.154395    0.438409    2.796973
   83.624273   29.145605    0.350115    1.966121
   83.625476   29.136810    0.264242    1.158043
   83.626680   29.128008    0.335886    1.831783
   83.627887   29.119198    0.235280    0.885112
   83.629094   29.110382    0.098472    0.212468
   83.630302   29.101560    0.304845    1.539052
   83.631509   29.092736    0.227264    0.808979
   83.632714   29.083910    0.324725    1.725583
   83.633919   29.075079    0.155574    0.335672
   83.635124   29.066241    0.257037    1.088334
   83.636331   29.057394    0.327864    1.754393
   83.637541   29.048533    0.191326    0.469689
   83.638752   29.039665    0.130764    0.282142
   83.639964   29.030789    0.232353    0.855158
   83.641176   29.021907    0.182858    0.394540
   83.642388   29.013017    0.393446    2.370134
   83.643599   29.004126    0.216234    0.702797
   83.644810   28.995236    0.324606    1.722047
   83.646020   28.986352    0.314412    1.625901
   83.647227   28.977481    0.233694    0.866325
   83.648434   28.968615    0.530001    3.653536
   83.649640   28.959752    0.335572    1.824237
   83.650845   28.950892    0.149263    0.322054
   83.652050   28.942031    0.449106    2.891807
   83.653254   28.933173    0.272028    1.225735
   83.654458   28.924317    0.241479    0.938112
   83.655660   28.915468    0.298093    1.470462
   83.656859   28.906628    0.299005    1.478798
   83.658058   28.897788    0.331954    1.788519
   83.659256   28.888947    0.264714    1.155732
   83.660453   28.880101    0.187485    0.428969
   83.661649   28.871247    0.257285    1.085361
   83.662845   28.862384    0.206477    0.607160
   83.664041   28.853510    0.289114    1.384311
   83.665239   28.844622    0.302439    1.509427
   83.666440   28.835712    0.200598    0.551126
   83.667641   28.826791    0.232573    0.851693
   83.668843   28.817862    0.141269    0.304807
   83.671245   28.800000    0.217715    0.711195
   83.672446   28.791065    0.135985    0.293406
   83.673648   28.782123    0.119512    0.257864
   83.674850   28.773170    0.104903    0.226343
   83.677260   28.755222    0.118120    0.254859
   83.678465   28.746240    0.093510    0.201761
   83.679671   28.737256    0.060518    0.130576
   83.680877   28.728277    0.104086    0.224579
   83.682084   28.719296    0.048315    0.104246
   83.683289   28.710314    0.146246    0.315547
   83.684495   28.701331    0.179643    0.387604
   83.685699   28.692345    0.198089    0.523668
   83.686903   28.683358    0.141176    0.304607
   83.688107   28.674368    0.141997    0.306379
   83.689309   28.665375    0.493737    3.304202
   83.690512   28.656374    0.106131    0.228993
   83.691713   28.647374    0.258309    1.088970
   83.692914   28.638379    0.267873    1.178697
   83.694114   28.629395    0.227941    0.802809
   83.695312   28.620433    0.217488    0.704232
   83.696509   28.611477    0.264297    1.144340
   83.697706   28.602524    0.114010    0.245993
   83.698901   28.593571    0.284988    1.338501
   83.700095   28.584614    0.224623    0.770389
   83.702482   28.566684    0.334150    1.800267
   83.703676   28.557703    0.341518    1.869338
   83.704872   28.548703    0.283350    1.321897
   83.706068   28.539694    0.250966    1.017010
   83.707264   28.530677    0.476282    3.136389
   83.708459   28.521656    0.261328    1.114006
   83.709653   28.512635    0.204809    0.582077
   83.710846   28.503609    0.382038    2.249083
   83.714434   28.476465    0.112307    0.242317
   83.715634   28.467395    0.111227    0.239988
   83.716835   28.458318    0.186815    0.411352
   83.718035   28.449237    0.271445    1.207251
   83.719234   28.440157    0.245918    0.966870
   83.720432   28.431072    0.217644    0.700652
   83.722829   28.412892    0.697765    5.216822
   83.724029   28.403792    0.325526    1.714808
   83.725229   28.394689    0.214853    0.673429
   83.726428   28.385587    0.391816    2.337933
   83.727627   28.376486    0.205963    0.589317
   83.728824   28.367391    0.218240    0.704571
   83.730020   28.358299    0.182952    0.394744
   83.731215   28.349209    0.249887    1.001804
   83.733599   28.331040    0.100310    0.216432
   83.734790   28.321959    0.125122    0.269968
   83.735980   28.312876    0.201094    0.541825
   83.737170   28.303792    0.349422    1.936959
   83.738361   28.294704    0.224237    0.759064
   83.739551   28.285612    0.291818    1.394575
   83.740742   28.276512    0.153315    0.330799
   83.743126   28.258278    0.202690    0.555410
   83.744318   28.249146    0.321730    1.675019
   83.745511   28.240009    0.330353    1.755905
   83.746702   28.230871    0.171115    0.369205
   83.747893   28.221739    0.089811    0.193780
   83.749083   28.212602    0.373019    2.156570
   83.750273   28.203458    0.265680    1.146562
   83.751464   28.194300    0.293390    1.407001
   83.752657   28.185121    0.087038    0.187796
   83.753850   28.175934    0.121627    0.262426
   83.755044   28.166743    0.108834    0.234825
   83.756237   28.157552    0.184206    0.397449
   83.757428   28.148373    0.359172    2.024650
   83.758620   28.139191    0.195643    0.486042
   83.759811   28.130006    0.268012    1.166603
   83.761003   28.120813    0.257682    1.069190
   83.762195   28.111606    0.561765    3.929564
   83.763387   28.102393    0.279978    1.278456
   83.764579   28.093176    0.312250    1.581817
   83.765771   28.083955    0.187516    0.408160
   83.766964   28.074729    0.092891    0.200426
   83.768157   28.065503    0.063504    0.137018
   83.769349   28.056280    0.081400    0.175631
   83.770541   28.047065    0.055159    0.119012
   83.771733   28.037865    0.238199    0.883768
   83.772923   28.028667    0.313092    1.588082
   83.774113   28.019468    0.388301    2.295361
   83.775303   28.010260    0.309120    1.550243
   83.776492   28.001033    0.285832    1.330923
   83.777680   27.991801    0.317997    1.633274
   83.778868   27.982567    0.126040    0.271948
   83.780056   27.973337    0.438654    2.767859
   83.781245   27.964118    0.343678    1.874154
   83.782432   27.954901    0.199945    0.521779
   83.783620   27.945682    0.315265    1.606395
   83.784805   27.936460    0.297391    1.438010
   83.785989   27.927231    0.294003    1.405906
   83.787171   27.917997    0.281106    1.284339
   83.788354   27.908761    0.263278    1.116387
   83.790722   27.890279    0.308434    1.540715
   83.791907   27.881033    0.248332    0.975078
   83.794278   27.862520    0.261746    1.100799
   83.795463   27.853250    0.275412    1.229127
   83.796648   27.843971    0.149948    0.323533
   83.797833   27.834683    0.397242    2.374746
   83.799019   27.825385    0.187877    0.405371
   83.800205   27.816073    0.247042    0.961295
   83.801392   27.806753    0.242257    0.916043
   83.802580   27.797426    0.307677    1.531236
   83.803768   27.788093    0.231555    0.814889
   83.804957   27.778754    0.219392    0.700231
   83.806146   27.769412    0.161136    0.347672
   83.807335   27.760068    0.180143    0.388683
   83.808524   27.750726    0.287890    1.343910
   83.809714   27.741388    0.246896    0.958021
   83.810903   27.732051    0.295548    1.415470
   83.812092   27.722716    0.176002    0.379748
   83.813278   27.713381    0.355830    1.982096
   83.814462   27.704046    0.272668    1.199523
   83.818006   27.676051    0.296699    1.424888
   83.819186   27.666723    0.225507    0.754923
   83.820366   27.657398    0.114601    0.247267
   83.821545   27.648074    0.175393    0.378434
   83.822723   27.638754    0.184034    0.397078
   83.823901   27.629442    0.029313    0.063248
   83.825080   27.620127    0.061998    0.133769
   83.826258   27.610806    0.000000    0.000000
   83.827437   27.601473    0.190263    0.421718
   83.828617   27.592119    0.192125    0.439004
   83.829798   27.582754    0.229191    0.787453
   83.832159   27.564001    0.112676    0.243114
   83.833339   27.554618    0.240979    0.897646
   83.834519   27.545228    0.208718    0.593915
   83.835699   27.535830    0.140699    0.303578
   83.836880   27.526421    0.289634    1.354650
   83.838063   27.516998    0.130150    0.280817
   83.841613   27.488686    0.088061    0.190004
   83.843983   27.469790    0.106364    0.229495
   83.845167   27.460338    0.118869    0.256477
   83.846350   27.450884    0.183132    0.395133
   83.848709   27.431977    0.217958    0.677991
   83.851066   27.413050    0.160931    0.347230
   83.852244   27.403567    0.235392    0.841294
   83.853422   27.394083    0.294983    1.401651
   83.855778   27.375126    0.202730    0.533314
   83.856957   27.365675    0.152245    0.328489
   83.858136   27.356227    0.217216    0.669116
   83.859314   27.346780    0.235623    0.842040
   83.860491   27.337326    0.168960    0.364555
   83.861667   27.327856    0.217278    0.668994
   83.862842   27.318381    0.130871    0.282371
   83.864016   27.308903    0.098340    0.212181
   83.865190   27.299424    0.113316    0.244494
   83.866365   27.289947    0.212309    0.621310
   83.867539   27.280470    0.122046    0.263331
   83.868712   27.270992    0.268865    1.152878
   83.869886   27.261517    0.266094    1.126574
   83.872230   27.242574    0.067958    0.146629
   83.873402   27.233094    0.253622    1.008537
   83.874575   27.223600    0.218335    0.676349
   83.875748   27.214088    0.225347    0.742073
   83.876922   27.204562    0.193166    0.439097
   83.878096   27.195022    0.033239    0.071719
   83.879270   27.185469    0.341926    1.838065
   83.880444   27.175898    0.145494    0.313923
   83.881618   27.166317    0.249019    0.963581
   83.882793   27.156729    0.166312    0.358842
   83.883969   27.147138    0.311474    1.550641
   83.885146   27.137550    0.155092    0.334633
   83.886324   27.127959    0.156336    0.337317
   83.888681   27.108771    0.068623    0.148063
   83.889860   27.099173    0.122090    0.263426
   83.891039   27.089573    0.276699    1.222078
   83.892218   27.079973    0.269408    1.153248
   83.893395   27.070373    0.264081    1.102904
   83.894570   27.060777    0.208697    0.581645
   83.895744   27.051179    0.206608    0.561764
   83.896917   27.041579    0.214139    0.632371
   83.898088   27.031974    0.224552    0.730089
   83.899258   27.022359    0.297046    1.411828
   83.901596   27.003126    0.325047    1.674775
   83.902765   26.993516    0.287894    1.325025
   83.903936   26.983919    0.193074    0.432784
   83.905106   26.974325    0.161826    0.349162
   83.906276   26.964731    0.260222    1.064003
   83.907446   26.955132    0.252273    0.988981
   83.910950   26.926301    0.121928    0.263077
   83.912117   26.916684    0.307998    1.512268
   83.913283   26.907064    0.207919    0.570553
   83.914450   26.897442    0.278461    1.233932
   83.915616   26.887815    0.196090    0.458803
   83.916782   26.878183    0.335482    1.769873
   83.917948   26.868546    0.214316    0.629790
   83.919114   26.858903    0.250473    0.969692
   83.920280   26.849257    0.278363    1.231827
   83.922614   26.829967    0.208818    0.577127
   83.924951   26.810653    0.256404    1.024310
   83.926121   26.800970    0.166181    0.358558
   83.927292   26.791254    0.109362    0.235963
   83.928463   26.781524    0.062572    0.135008
   83.929635   26.771783    0.021453    0.046287
   83.930807   26.762035    0.297702    1.411636
   83.931978   26.752286    0.214603    0.629661
   83.934320   26.732777    0.203647    0.526122
   83.935489   26.723020    0.185344    0.399904
   83.936657   26.713261    0.253460    0.994264
   83.938993   26.693749    0.249521    0.956746
   83.940160   26.684003    0.269306    1.142634
   83.941328   26.674269    0.238759    0.855037
   83.942495   26.664539    0.189626    0.409144
   83.943661   26.654814    0.276116    1.206004
   83.944826   26.645089    0.161173    0.347753
   83.945987   26.635362    0.219741    0.675203
   83.947148   26.625636    0.275917    1.203437
   83.949467   26.606190    0.255731    1.013077
   83.950627   26.596475    0.195232    0.443710
   83.951788   26.586759    0.275577    1.199315
   83.952949   26.577041    0.603057    4.279794
   83.954110   26.567317    0.268046    1.128007
   83.955272   26.557584    0.245303    0.913827
   83.956433   26.547843    0.206811    0.551483
   83.957595   26.538094    0.266098    1.108982
   83.958757   26.528335    0.236395    0.829330
   83.959918   26.518566    0.225087    0.722715
   83.961080   26.508785    0.244878    0.908670
   83.962242   26.498988    0.237712    0.841018
   83.963405   26.489171    0.225886    0.729537
   83.965734   26.469467    0.332339    1.730516
   83.966900   26.459600    0.466267    2.990182
   83.968065   26.449733    0.284728    1.282151
   83.969230   26.439875    0.275097    1.191318
   83.970395   26.430017    0.271968    1.161653
   83.971560   26.420158    0.314547    1.561970
   83.972725   26.410299    0.351004    1.904702
   83.973890   26.400437    0.186110    0.401557
   83.975054   26.390575    0.289083    1.321724
   83.976218   26.380711    0.303149    1.453819
   83.977381   26.370843    0.266314    1.107067
   83.978543   26.360969    0.385637    2.229347
   83.979705   26.351096    0.178825    0.385840
   83.980865   26.341228    0.373345    2.113245
   83.982023   26.331370    0.314829    1.562536
   83.983180   26.321533    0.314093    1.555376
   83.984335   26.311701    0.285931    1.290215
   83.986646   26.292029    0.331551    1.718916
   83.987803   26.282174    0.308563    1.502436
   83.988960   26.272314    0.305625    1.474563
   83.990117   26.262450    0.405754    2.416280
   83.991274   26.252584    0.327174    1.676818
   83.992430   26.242719    0.292009    1.345775
   83.993586   26.232851    0.305852    1.475767
   83.994742   26.222980    0.231883    0.779690
   83.995898   26.213105    0.256807    1.013923
   83.997053   26.203226    0.289542    1.321641
   83.998208   26.193342    0.271055    1.147496
   83.999363   26.183452    0.191736    0.413696
   84.000519   26.173555    0.459914    2.923701
   84.001675   26.163651    0.273158    1.166589
   84.002833   26.153738    0.425935    2.603586
   84.003990   26.143816    0.279675    1.227434
   84.005147   26.133883    0.305607    1.471156
   84.006304   26.123935    0.387696    2.243165
   84.007462   26.113977    0.276939    1.200996
   84.008619   26.104008    0.438486    2.720491
   84.012094   26.074043    0.323910    1.641944
   84.013253   26.064042    0.211012    0.579644
   84.014412   26.054040    0.199209    0.468376
   84.015571   26.044040    0.230767    0.765022
   84.016730   26.034040    0.164229    0.354347
   84.017888   26.024038    0.201255    0.486925
   84.019046   26.014036    0.348528    1.872139
   84.020201   26.004031    0.248606    0.931907
   84.021355   25.994026    0.221977    0.681165
   84.022509   25.984019    0.430512    2.642694
   84.023662   25.974008    0.302498    1.438187
   84.024814   25.963990    0.467848    2.993462
   84.025966   25.953973    0.253235    0.974294
   84.027117   25.943961    0.406467    2.415564
   84.028267   25.933960    0.364755    2.022934
   84.029416   25.923978    0.348483    1.869635
   84.030565   25.914003    0.334795    1.740633
   84.031713   25.904031    0.331590    1.710253
   84.032860   25.894059    0.451739    2.840301
   84.034006   25.884082    0.299238    1.405443
   84.035152   25.874101    0.358807    1.965597
   84.036299   25.864113    0.304651    1.455906
   84.037446   25.854114    0.326175    1.658162
   84.038595   25.844100    0.390068    2.258992
   84.039744   25.834076    0.809198    6.201656
   84.040894   25.824045    0.475236    3.059729
   84.042044   25.814008    0.544016    3.706542
   84.043194   25.803972    0.331298    1.705196
   84.044345   25.793927    0.372378    2.091423
   84.045496   25.783871    0.140625    0.303419
   84.046648   25.773797    0.313442    1.536523
   84.047802   25.763699    0.162335    0.350260
   84.048955   25.753588    0.407365    2.419625
   84.050109   25.743465    0.330092    1.692460
   84.051264   25.733332    0.208782    0.551026
   84.052418   25.723192    0.311628    1.518297
   84.053573   25.713046    0.354765    1.923868
   84.054727   25.702895    0.144135    0.310991
   84.055880   25.692743    0.237399    0.819303
   84.058182   25.672441    0.288286    1.297554
   84.059332   25.662289    0.134459    0.290114
   84.060481   25.652136    0.461725    2.928684
   84.061630   25.641981    0.257758    1.009665
   84.062778   25.631829    0.263831    1.066571
   84.065070   25.611541    0.408865    2.430489
   84.066213   25.601415    0.125400    0.270567
   84.067354   25.591294    0.214919    0.605512
   84.068496   25.581176    0.290524    1.316520
   84.069637   25.571058    0.290582    1.316839
   84.070781   25.560935    0.213769    0.594005
   84.071924   25.550810    0.223992    0.689938
   84.073067   25.540685    0.721084    5.366022
   84.074210   25.530559    0.293846    1.346622
   84.075352   25.520430    0.310290    1.501085
   84.076494   25.510300    0.205537    0.515411
   84.077636   25.500168    0.282990    1.243806
   84.079921   25.479904    0.224282    0.691058
   84.081065   25.469766    0.332831    1.711983
   84.082209   25.459618    0.362154    1.987601
   84.083354   25.449455    0.295979    1.364841
   84.084500   25.439270    0.255312    0.982040
   84.085646   25.429069    0.227081    0.716230
   84.086792   25.418853    0.359755    1.964114
   84.087940   25.408621    0.231227    0.754772
   84.089087   25.398371    0.274171    1.158528
   84.090235   25.388108    0.226456    0.709427
   84.091383   25.377835    0.187855    0.405322
   84.092530   25.367552    0.248142    0.912973
   84.093677   25.357262    0.152238    0.328474
   84.094824   25.346966    0.218876    0.637189
   84.095970   25.336668    0.254004    0.967423
   84.097115   25.326370    0.251917    0.947557
   84.098260   25.316071    0.215784    0.607405
   84.099404   25.305778    0.261836    1.040405
   84.100546   25.295491    0.557408    3.820713
   84.101687   25.285217    0.179879    0.388113
   84.103965   25.264721    0.302274    1.419888
   84.105103   25.254481    0.255567    0.980267
   84.107376   25.233995    0.238162    0.816073
   84.109648   25.213497    0.305189    1.446162
   84.110783   25.203243    0.459004    2.892918
   84.111919   25.192984    0.207185    0.523740
   84.113054   25.182723    0.230112    0.739193
   84.114189   25.172459    0.310265    1.492991
   84.115325   25.162197    0.233372    0.769402
   84.116461   25.151942    0.211793    0.566173
   84.117598   25.141681    0.246677    0.894109
   84.118736   25.131411    0.275167    1.161897
   84.119874   25.121125    0.255634    0.977919
   84.121014   25.110812    0.258218    1.002008
   84.122155   25.100484    0.242587    0.854731
   84.123296   25.090144    0.365878    2.014338
   84.124437   25.079790    0.214959    0.594370
   84.125578   25.069424    0.383083    2.175740
   84.126719   25.059050    0.232715    0.760947
   84.127860   25.048671    0.196961    0.424970
   84.129001   25.038292    0.209146    0.538775
   84.130141   25.027922    0.312078    1.506859
   84.131282   25.017549    0.229075    0.725795
   84.132422   25.007170    0.276929    1.175749
   84.133561   24.996781    0.381831    2.162370
   84.134698   24.986371    0.351678    1.878484
   84.135835   24.975957    0.254324    0.962415
   84.136971   24.965539    0.261340    1.028191
   84.138106   24.955125    0.257282    0.989781
   84.139239   24.944723    0.224469    0.680870
   84.140372   24.934321    0.191063    0.412244
   84.141505   24.923920    0.253578    0.954256
   84.142637   24.913516    0.302538    1.414612
   84.143770   24.903106    0.173668    0.374712
   84.144902   24.892694    0.227981    0.712776
   84.146035   24.882281    0.201379    0.462294
   84.147167   24.871868    0.210055    0.543687
   84.148299   24.861456    0.245035    0.872532
   84.149432   24.851044    0.276036    1.163936
   84.150563   24.840631    0.227312    0.705355
   84.151694   24.830220    0.327705    1.649557
   84.152822   24.819810    0.158372    0.341710
   84.153951   24.809399    0.154968    0.334365
   84.155079   24.798986    0.428309    2.595291
   84.156207   24.788568    0.289732    1.291428
   84.157337   24.778141    0.189071    0.407947
   84.159599   24.757279    0.350545    1.862832
   84.160731   24.746849    0.215550    0.592661
   84.161863   24.736428    0.375103    2.093405
   84.162996   24.726001    0.212025    0.559053
   84.166393   24.694617    0.352513    1.879986
   84.167524   24.684112    0.307441    1.455760
   84.168656   24.673593    0.244444    0.862892
   84.169788   24.663064    0.362448    1.972772
   84.170921   24.652529    0.322475    1.596504
   84.173187   24.631436    0.311652    1.494232
   84.174319   24.620880    0.348659    1.842139
   84.175450   24.610322    0.270362    1.105351
   84.176581   24.599759    0.490218    3.173377
   84.177710   24.589191    0.370235    2.044434
   84.178839   24.578619    0.383145    2.165654
   84.179967   24.568041    0.216873    0.601248
   84.181094   24.557462    0.316408    1.537382
   84.182221   24.546886    0.273268    1.131323
   84.183346   24.536314    0.351309    1.865257
   84.184471   24.525753    0.219471    0.624778
   84.186718   24.504650    0.268686    1.087314
   84.187841   24.494112    0.292408    1.310251
   84.190084   24.473065    0.340456    1.761794
   84.192328   24.452025    0.273781    1.134114
   84.193453   24.441499    0.249720    0.907542
   84.194578   24.430967    0.140517    0.303185
   84.195703   24.420428    0.332981    1.690350
   84.196829   24.409879    0.299363    1.373865
   84.197954   24.399315    0.307538    1.450549
   84.199080   24.388740    0.366327    2.003367
   84.200206   24.378156    0.306571    1.440999
   84.201333   24.367563    0.320377    1.570649
   84.202460   24.356962    0.204690    0.482113
   84.203587   24.346352    0.332282    1.682193
   84.206970   24.314466    0.433781    2.636346
   84.208098   24.303818    0.296787    1.347368
   84.209225   24.293165    0.381519    2.144243
   84.210352   24.282507    0.283820    1.224936
   84.211476   24.271848    0.326823    1.629245
   84.212599   24.261183    0.220591    0.629666
   84.213721   24.250512    0.371869    2.052562
   84.214842   24.239833    0.349949    1.846126
   84.215962   24.229144    0.289054    1.273040
   84.217081   24.218447    0.311339    1.482448
   84.218200   24.207746    0.432342    2.620545
   84.219320   24.197040    0.295676    1.334652
   84.220439   24.186330    0.313581    1.502864
   84.221559   24.175619    0.309088    1.460372
   84.222679   24.164908    0.224018    0.659862
   84.223800   24.154204    0.246326    0.869497
   84.224920   24.143512    0.207627    0.505212
   84.227162   24.122132    0.380134    2.127589
   84.228282   24.111436    0.219662    0.617748
   84.229401   24.100731    0.189382    0.408617
   84.230520   24.090022    0.269830    1.089248
   84.231638   24.079310    0.322588    1.585335
   84.232757   24.068595    0.058547    0.126323
   84.233875   24.057880    0.129537    0.279494
   84.234993   24.047163    0.333664    1.688853
   84.236112   24.036445    0.260423    0.999623
   84.237231   24.025729    0.517932    3.421872
   84.238351   24.015018    0.209871    0.523605
   84.239471   24.004303    0.300474    1.375718
   84.240591   23.993582    0.253648    0.934985
   84.241712   23.982846    0.239638    0.802957
   84.242832   23.972088    0.273369    1.120050
   84.243952   23.961320    0.702484    5.156653
   84.245072   23.950543    0.405011    2.357997
   84.247308   23.928976    0.195904    0.422689
   84.248424   23.918186    0.321369    1.570472
   84.249540   23.907392    0.309660    1.460094
   84.250656   23.896594    0.321708    1.573209
   84.251772   23.885790    0.653920    4.698210
   84.252889   23.874983    0.193410    0.417308
   84.254004   23.864176    0.332929    1.678089
   84.255119   23.853372    0.416262    2.461807
   84.256231   23.842575    0.357010    1.904177
   84.257342   23.831777    0.314861    1.507436
   84.258452   23.820974    0.259253    0.984093
   84.259562   23.810161    0.460381    2.875948
   84.261778   23.788492    0.206553    0.487646
   84.262887   23.777651    0.292926    1.299960
   84.263996   23.766810    0.169552    0.365832
   84.265108   23.755977    0.225581    0.665971
   84.268447   23.723472    0.026805    0.057835
   84.269559   23.712634    0.054165    0.116868
   84.271785   23.690936    0.276644    1.144979
   84.272898   23.680069    0.321006    1.562078
   84.274013   23.669178    0.254452    0.935757
   84.275128   23.658279    0.305405    1.414860
   84.276243   23.647374    0.338898    1.729713
   84.278474   23.625573    0.192789    0.415968
   84.279589   23.614677    0.080008    0.172629
   84.280704   23.603782    0.213200    0.546322
   84.281818   23.592890    0.313199    1.486821
   84.282930   23.582002    0.266261    1.045030
   84.284041   23.571112    0.246240    0.856458
   84.285151   23.560220    0.389746    2.206242
   84.286260   23.549320    0.484838    3.100586
   84.287370   23.538408    0.000000    0.000000
   84.288478   23.527489    0.000000    0.000000
   84.289586   23.516565    0.000000    0.000000
   84.294010   23.472817    0.302698    1.385545
   84.295116   23.461866    0.167082    0.360501
   84.296223   23.450910    0.206973    0.484574
   84.297330   23.439947    0.198796    0.428929
   84.298436   23.428978    0.229451    0.695581
   84.299543   23.418000    0.269382    1.071002
   84.301755   23.396016    0.249914    0.887415
   84.302861   23.385016    0.283360    1.201833
   84.303966   23.374015    0.329746    1.637976
   84.305071   23.363015    0.216526    0.572656
   84.306176   23.352013    0.290318    1.266619
   84.307281   23.341010    0.276341    1.134910
   84.308387   23.330005    0.298364    1.341872
   84.309493   23.319000    0.408436    2.377129
   84.310601   23.307994    0.278244    1.152144
   84.311708   23.296986    0.233461    0.730636
   84.312815   23.285979    0.224864    0.649539
   84.313922   23.274973    0.237744    0.770487
   84.316134   23.252956    0.287571    1.238783
   84.317239   23.241942    0.296523    1.322768
   84.318345   23.230924    0.184114    0.397252
   84.319450   23.219899    0.271305    1.085090
   84.320554   23.208869    0.261202    0.989830
   84.321660   23.197828    0.242791    0.816411
   84.322766   23.186774    0.255026    0.931281
   84.323871   23.175712    0.230699    0.702211
   84.324977   23.164645    0.492506    3.164893
   84.326081   23.153575    0.258112    0.959651
   84.327184   23.142507    0.274275    1.111475
   84.328286   23.131435    0.331604    1.650570
   84.329388   23.120359    0.189344    0.408535
   84.330489   23.109275    0.456610    2.826091
   84.331590   23.098184    0.294943    1.305020
   84.333790   23.075983    0.294484    1.300252
   84.337081   23.042633    0.287787    1.236589
   84.339272   23.020396    0.273055    1.097551
   84.340367   23.009299    0.311635    1.460269
   84.341463   22.998199    0.256562    0.941955
   84.342559   22.987092    0.216378    0.563708
   84.343656   22.975964    0.276163    1.125902
   84.345858   22.953623    0.373038    2.036791
   84.346960   22.942439    0.316606    1.505700
   84.348062   22.931256    0.261003    0.982395
   84.349163   22.920084    0.285944    1.216805
   84.350265   22.908911    0.236242    0.749014
   84.351366   22.897738    0.244055    0.822292
   84.352467   22.886562    0.288403    1.239268
   84.354670   22.864201    0.267190    1.039262
   84.356872   22.841824    0.239247    0.775955
   84.359072   22.819423    0.285249    1.208266
   84.360172   22.808219    0.376944    2.070650
   84.361270   22.797012    0.350849    1.824938
   84.362366   22.785808    0.303063    1.375177
   84.363461   22.774602    0.206972    0.470994
   84.364555   22.763394    0.300710    1.352606
   84.365648   22.752184    0.282221    1.178445
   84.366739   22.740970    0.378053    2.079747
   84.367829   22.729753    0.203117    0.438253
   84.368919   22.718532    0.312886    1.466258
   84.370009   22.707307    0.227217    0.660123
   84.371099   22.696078    0.221015    0.601553
   84.372189   22.684842    0.296235    1.308954
   84.373280   22.673597    0.305042    1.391585
   84.374370   22.662341    0.325049    1.579567
   84.375460   22.651070    0.450419    2.758743
   84.376551   22.639788    0.633985    4.485397
   84.377642   22.628493    0.331257    1.637308
   84.378733   22.617184    0.320681    1.537592
   84.379824   22.605855    0.248425    0.857632
   84.380916   22.594519    0.655469    4.686606
   84.382009   22.583179    0.419392    2.465533
   84.383102   22.571841    0.399552    2.278663
   84.384196   22.560516    0.108765    0.234676
   84.385290   22.549191    0.130624    0.281838
   84.386385   22.537867    0.217902    0.569155
   84.387479   22.526541    0.240297    0.779613
   84.388573   22.515207    0.266535    1.026221
   84.390758   22.492539    0.303559    1.374075
   84.392943   22.469879    0.150453    0.324623
   84.394034   22.458553    0.158506    0.341999
   84.395125   22.447229    0.379759    2.090025
   84.396215   22.435907    0.298550    1.325839
   84.397304   22.424591    0.273686    1.091714
   84.398391   22.413274    0.270948    1.065739
   84.399479   22.401954    0.269066    1.047815
   84.401654   22.379288    0.220348    0.589065
   84.402741   22.367942    0.270545    1.061064
   84.403828   22.356589    0.253270    0.898328
   84.404915   22.345229    0.420258    2.469015
   84.406002   22.333862    0.273474    1.087951
   84.407088   22.322486    0.247641    0.844704
   84.408173   22.311101    0.328398    1.604192
   84.409257   22.299706    0.196422    0.423806
   84.410339   22.288297    0.196412    0.423785
   84.411420   22.276881    0.301563    1.351089
   84.412501   22.265455    0.355065    1.854178
   84.413583   22.254024    0.227785    0.656590
   84.414667   22.242589    0.279529    1.143141
   84.415752   22.231147    0.285904    1.202884
   84.416838   22.219699    0.352759    1.831594
   84.417924   22.208245    0.313179    1.459025
   84.419011   22.196787    0.242569    0.794552
   84.420097   22.185322    0.255365    0.914713
   84.421184   22.173849    0.388339    2.165417
   84.422270   22.162364    0.230529    0.680625
   84.423356   22.150862    0.227205    0.649132
   84.424440   22.139356    0.344089    1.748475
   84.425525   22.127848    0.373336    2.023388
   84.426611   22.116343    0.475275    2.982145
   84.427698   22.104848    0.486963    3.091876
   84.428785   22.093358    0.327353    1.590147
   84.429872   22.081874    0.290175    1.240182
   84.430957   22.070398    0.354326    1.843444
   84.432041   22.058933    0.289589    1.234224
   84.433123   22.047472    0.312063    1.445421
   84.434205   22.036014    0.539540    3.585150
   84.435285   22.024558    0.310283    1.428237
   84.436364   22.013103    0.259922    0.954254
   84.437443   22.001642    0.317993    1.500327
   84.438520   21.990173    0.307148    1.398077
   84.439597   21.978687    0.396014    2.233853
   84.440673   21.967175    0.296127    1.293962
   84.441749   21.955652    0.296369    1.296012
   84.442825   21.944118    0.281468    1.155614
   84.443901   21.932581    0.395960    2.232458
   84.444978   21.921046    0.290585    1.240941
   84.446055   21.909505    0.365377    1.944312
   84.447132   21.897959    0.374507    2.029982
   84.448211   21.886404    0.464122    2.872793
   84.449289   21.874843    0.251010    0.867760
   84.450368   21.863272    0.346201    1.763027
   84.451447   21.851692    0.330412    1.614280
   84.452525   21.840099    0.458114    2.815387
   84.453601   21.828488    0.382794    2.106611
   84.454676   21.816868    0.478268    3.004539
   84.455751   21.805240    0.558318    3.757380
   84.456827   21.793606    0.402292    2.289363
   84.457905   21.781966    0.314251    1.460917
   84.458983   21.770324    0.351751    1.813469
   84.460061   21.758684    0.340895    1.711122
   84.461139   21.747047    0.351797    1.813458
   84.462216   21.735423    0.370328    1.987563
   84.463293   21.723803    0.396818    2.236539
   84.464370   21.712187    0.329117    1.599434
   84.465444   21.700575    0.517724    3.373500
   84.466517   21.688969    0.368477    1.969260
   84.467588   21.677363    0.350136    1.796503
   84.468660   21.665752    0.144125    0.310968
   84.469732   21.654133    0.415847    2.414223
   84.470808   21.642496    0.345418    1.751452
   84.471883   21.630853    0.310783    1.425414
   84.472959   21.619206    0.528358    3.471995
   84.474034   21.607559    0.393061    2.198988
   84.475108   21.595918    0.328621    1.592564
   84.476181   21.584275    0.415907    2.413480
   84.477253   21.572627    0.338748    1.687398
   84.478325   21.560973    0.498255    3.187713
   84.479395   21.549310    0.375735    2.034911
   84.480465   21.537638    0.321730    1.526649
   84.481535   21.525959    0.446184    2.697221
   84.482604   21.514272    0.499968    3.202964
   84.483673   21.502577    0.404507    2.304715
   84.484741   21.490873    0.315723    1.469271
   84.485810   21.479161    0.403102    2.291062
   84.487945   21.455710    0.375231    2.028434
   84.489013   21.443974    0.325826    1.563445
   84.490080   21.432230    0.309529    1.409921
   84.492218   21.408726    0.305596    1.372486
   84.493287   21.396966    0.319520    1.503251
   84.494357   21.385198    0.405087    2.307998
   84.495427   21.373421    0.367552    1.954672
   84.496499   21.361632    0.583800    3.988778
   84.497570   21.349835    0.358954    1.873349
   84.498642   21.338031    0.320362    1.510090
   84.499713   21.326217    0.272755    1.062016
   84.500783   21.314392    0.302247    1.339239
   84.501853   21.302563    0.331719    1.616274
   84.502922   21.290737    0.325935    1.561647
   84.503991   21.278918    0.491356    3.117594
   84.506127   21.255322    0.225784    0.618833
   84.507195   21.243534    0.200141    0.431832
   84.508261   21.231755    0.276518    1.095674
   84.509328   21.219985    0.442423    2.656183
   84.510393   21.208217    0.323552    1.537703
   84.511457   21.196448    0.277492    1.104191
   84.512520   21.184672    0.397878    2.236483
   84.513581   21.172883    0.331757    1.614246
   84.514642   21.161087    0.325604    1.556147
   84.515702   21.149285    0.266602    1.000872
   84.516762   21.137477    0.255085    0.892314
   84.518882   21.113842    0.185024    0.399214
   84.519943   21.102014    0.158920    0.342891
   84.521003   21.090180    0.382979    2.094594
   84.522064   21.078340    0.294768    1.264543
   84.523125   21.066490    0.215803    0.521473
   84.524186   21.054627    0.295092    1.267158
   84.525247   21.042747    0.300407    1.316940
   84.526308   21.030844    0.312596    1.431393
   84.527370   21.018925    0.384657    2.109077
   84.528432   21.006993    0.332361    1.616894
   84.529495   20.995048    0.475879    2.966795
   84.530558   20.983089    0.294686    1.262037
   84.531621   20.971123    0.298794    1.300460
   84.532684   20.959156    0.298812    1.300407
   84.533747   20.947192    0.456735    2.785827
   84.534811   20.935243    0.297016    1.283077
   84.535874   20.923296    0.343284    1.718123
   84.536936   20.911350    0.334324    1.633612
   84.537998   20.899405    0.305827    1.365315
   84.539060   20.887455    0.292153    1.236460
   84.540120   20.875505    0.292146    1.236177
   84.541180   20.863553    0.372622    1.993025
   84.542238   20.851599    0.187023    0.403527
   84.543294   20.839643    0.183493    0.395912
   84.544350   20.827686    0.315841    1.458219
   84.545406   20.815730    0.327260    1.565424
   84.546463   20.803777    0.271834    1.043794
   84.547521   20.791831    0.294945    1.260992
   84.548579   20.779886    0.281422    1.133564
   84.549638   20.767939    0.321039    1.506040
   84.550696   20.755989    0.380218    2.062532
   84.551754   20.744032    0.243254    0.773849
   84.552810   20.732069    0.284400    1.160709
   84.553866   20.720099    0.456787    2.782196
   84.554920   20.708119    0.179145    0.386530
   84.555972   20.696128    0.239904    0.741477
   84.557022   20.684127    0.339466    1.677870
   84.558073   20.672116    0.328690    1.576280
   84.559124   20.660094    0.347831    1.756132
   84.560178   20.648055    0.400116    2.247780
   84.561232   20.636010    0.273545    1.056864
   84.562286   20.623959    0.316030    1.456316
   84.564393   20.599870    0.273259    1.053522
   84.565446   20.587825    0.282558    1.140783
   84.566498   20.575771    0.319535    1.488427
   84.567551   20.563700    0.294077    1.248713
   84.568604   20.551604    0.399630    2.241473
   84.569656   20.539494    0.368292    1.946445
   84.570709   20.527373    0.263345    0.958959
   84.571762   20.515243    0.257040    0.899422
   84.572815   20.503104    0.221318    0.563163
   84.573868   20.490961    0.403982    2.281322
   84.574921   20.478817    0.236514    0.705674
   84.575975   20.466676    0.325004    1.537913
   84.577030   20.454546    0.489037    3.080807
   84.578085   20.442419    0.400672    2.249314
   84.579140   20.430297    0.507307    3.252249
   84.580194   20.418179    0.268392    1.004481
   84.581246   20.406069    0.311535    1.410124
   84.582297   20.393959    0.477715    2.973218
   84.583347   20.381846    0.310047    1.395693
   84.584396   20.369726    0.205648    0.443713
   84.586491   20.345448    0.287871    1.186422
   84.587537   20.333305    0.209384    0.451774
   84.588582   20.321164    0.310819    1.401876
   84.589627   20.309035    0.343437    1.708510
   84.590672   20.296905    0.308397    1.378657
   84.591717   20.284771    0.385519    2.103954
   84.592762   20.272629    0.326376    1.547355
   84.593808   20.260473    0.291763    1.221525
   84.594854   20.248310    0.245623    0.787258
   84.595900   20.236137    0.276231    1.074978
   84.596945   20.223956    0.373843    1.993027
   84.597990   20.211766    0.352878    1.795593
   84.599033   20.199567    0.290439    1.207989
   84.600077   20.187359    0.270566    1.020823
   84.601120   20.175142    0.266132    0.978888
   84.602163   20.162912    0.298692    1.284976
   84.603206   20.150674    0.325699    1.538828
   84.604248   20.138427    0.454913    2.754167
   84.605292   20.126173    0.258874    0.909743
   84.606335   20.113912    0.262840    0.946840
   84.607380   20.101644    0.360013    1.860761
   84.608424   20.089372    0.263467    0.952306
   84.610512   20.064834    0.132644    0.286198
   84.611556   20.052561    0.250791    0.832410
   84.612600   20.040279    0.279087    1.098376
   84.613645   20.027979    0.322121    1.503000
   84.614689   20.015646    0.250039    0.824678
   84.615734   20.003305    0.271626    1.027540
   84.617823   19.978630    0.203519    0.439119
   84.618867   19.966320    0.058502    0.126227
   84.619911   19.954018    0.156291    0.337219
   84.620954   19.941725    0.224798    0.585933
   84.621997   19.929439    0.267692    0.989233
   84.623039   19.917165    0.361674    1.873132
   84.624080   19.904893    0.336473    1.635844
   84.625120   19.892619    0.218552    0.526310
   84.626158   19.880338    0.278020    1.085531
   84.627195   19.868040    0.231401    0.646754
   84.628231   19.855736    0.191497    0.413181
   84.629267   19.843426    0.307629    1.363424
   84.630301   19.831111    0.351042    1.771608
   84.631336   19.818797    0.259136    0.906806
   84.632371   19.806477    0.324736    1.523710
   84.633405   19.794149    0.248320    0.804623
   84.634440   19.781813    0.291206    1.207849
   84.635474   19.769464    0.130511    0.281595
   84.636509   19.757106    0.247334    0.794699
   84.637544   19.744738    0.352066    1.779731
   84.638580   19.732357    0.463687    2.829571
   84.639618   19.719964    0.353308    1.790980
   84.640656   19.707559    0.441480    2.620225
   84.641694   19.695142    0.327103    1.544026
   84.642732   19.682710    0.419294    2.411084
   84.643768   19.670261    0.365646    1.906187
   84.644804   19.657802    0.189371    0.408594
   84.645841   19.645334    0.187777    0.405154
   84.646878   19.632861    0.304343    1.328851
   84.647916   19.620384    0.331874    1.587627
   84.648955   19.607905    0.296274    1.252516
   84.651030   19.582957    0.220039    0.534923
   84.652067   19.570500    0.316535    1.442480
   84.653102   19.558048    0.195630    0.422097
   84.654136   19.545597    0.291471    1.206266
   84.655169   19.533146    0.306073    1.343419
   84.656199   19.520690    0.268734    0.991949
   84.657228   19.508234    0.283644    1.132002
   84.658256   19.495777    0.235512    0.678997
   84.659285   19.483319    0.282073    1.116803
   84.660315   19.470862    0.321734    1.489689
   84.661346   19.458403    0.314314    1.419680
   84.662376   19.445943    0.183826    0.396630
   84.663405   19.433483    0.166254    0.358717
   84.665462   19.408562    0.373736    1.977829
   84.666489   19.396092    0.257675    0.885793
   84.669569   19.358613    0.206093    0.444673
   84.670595   19.346096    0.301013    1.292644
   84.671622   19.333568    0.319614    1.467414
   84.672649   19.321026    0.322767    1.496863
   84.673676   19.308474    0.213671    0.470346
   84.674703   19.295912    0.314792    1.421416
   84.675730   19.283342    0.358646    1.833754
   84.677783   19.258179    0.338671    1.645413
   84.678811   19.245590    0.372100    1.959683
   84.679838   19.232997    0.375594    1.992340
   84.680866   19.220407    0.276379    1.058771
   84.681894   19.207810    0.221658    0.543783
   84.682922   19.195206    0.159831    0.344857
   84.683950   19.182589    0.289753    1.183952
   84.684977   19.169952    0.373130    1.968091
   84.686003   19.157307    0.235872    0.676650
   84.687030   19.144654    0.264476    0.945518
   84.688056   19.131997    0.287848    1.165175
   84.689082   19.119338    0.228807    0.609547
   84.690108   19.106678    0.249479    0.803798
   84.691134   19.094019    0.226074    0.583404
   84.692160   19.081366    0.239434    0.708877
   84.693187   19.068724    0.314540    1.415212
   84.694213   19.056084    0.297870    1.258174
   84.695238   19.043445    0.248342    0.792037
   84.696262   19.030804    0.327896    1.540220
   84.697283   19.018157    0.181328    0.391239
   84.698302   19.005508    0.000000    0.000000
   84.699320   18.992857    0.244217    0.752387
   84.700338   18.980202    0.337644    1.631073
   84.701356   18.967542    0.308479    1.356493
   84.702374   18.954882    0.270872    1.002501
   84.703392   18.942224    0.435212    2.548290
   84.704410   18.929574    0.144491    0.311758
   84.705427   18.916940    0.137678    0.297059
   84.707463   18.891663    0.113223    0.244294
   84.708480   18.879008    0.073128    0.157785
   84.709498   18.866331    0.028305    0.061072
   84.710515   18.853637    0.169398    0.365499
   84.711533   18.840924    0.074594    0.160947
   84.712552   18.828186    0.078575    0.169537
   84.713571   18.815418    0.106353    0.229470
   84.714590   18.802633    0.118234    0.255107
   84.715610   18.789834    0.084803    0.182975
   84.716631   18.777028    0.056252    0.121372
   84.717652   18.764221    0.093097    0.200870
   84.718673   18.751410    0.382999    2.053921
   84.719693   18.738595    0.215851    0.481288
   84.720714   18.725778    0.129567    0.279558
   84.721734   18.712960    0.096231    0.207632
   84.722753   18.700141    0.076111    0.164219
   84.723772   18.687322    0.059366    0.128090
   84.724790   18.674504    0.124224    0.268031
   84.725807   18.661688    0.180408    0.389255
   84.726823   18.648872    0.008773    0.018929
   84.727839   18.636057    0.000000    0.000000
   84.728854   18.623240    0.191925    0.414105
   84.729868   18.610420    0.117765    0.254094
   84.730881   18.597601    0.175025    0.377639
   84.731893   18.584785    0.309693    1.361534
   84.732905   18.571974    0.214332    0.464228
   84.733917   18.559175    0.184065    0.397145
   84.734929   18.546379    0.283547    1.114934
   84.736950   18.520784    0.134931    0.291132
   84.737960   18.507981    0.229243    0.603449
   84.738969   18.495173    0.156507    0.337685
   84.740985   18.469539    0.303860    1.304757
   84.741991   18.456708    0.453146    2.708935
   84.742996   18.443869    0.210458    0.454092
   84.744001   18.431022    0.292941    1.201409
   84.745008   18.418167    0.255275    0.846862
   84.746017   18.405307    0.277153    1.052459
   84.748037   18.379551    0.350180    1.739022
   84.749047   18.366651    0.263647    0.924772
   84.750058   18.353731    0.360176    1.832640
   84.751068   18.340795    0.314817    1.405718
   84.752079   18.327842    0.259164    0.881957
   84.753090   18.314868    0.390034    2.112888
   84.754101   18.301871    0.323027    1.482316
   84.755112   18.288860    0.388933    2.102098
   84.756124   18.275838    0.394968    2.158663
   84.757136   18.262808    0.258454    0.874209
   84.758150   18.249773    0.321126    1.463572
   84.760174   18.223707    0.374303    1.963402
   84.761185   18.210686    0.329712    1.543707
   84.762192   18.197688    0.346629    1.702641
   84.763199   18.184698    0.344903    1.686187
   84.764203   18.171716    0.267182    0.954826
   84.765207   18.158739    0.520700    3.339545
   84.766210   18.145765    0.089140    0.192332
   84.767213   18.132796    0.382481    2.038854
   84.768214   18.119830    0.393951    2.146543
   84.769213   18.106868    0.297224    1.236386
   84.770211   18.093908    0.433101    2.514421
   84.771209   18.080951    0.449611    2.669519
   84.772206   18.067995    0.305127    1.310101
   84.773203   18.055042    0.363040    1.854693
   84.774201   18.042096    0.468494    2.846526
   84.775200   18.029145    0.391729    2.124166
   84.776199   18.016184    0.408348    2.280297
   84.777198   18.003207    0.367047    1.891548
   84.778198   17.990203    0.222614    0.532611
   84.779199   17.977182    0.382979    2.041004
   84.780200   17.964144    0.403541    2.234225
   84.782202   17.938013    0.286014    1.128186
   84.783203   17.924923    0.433830    2.518531
   84.784205   17.911821    0.504758    3.185565
   84.785207   17.898708    0.312543    1.377115
   84.786210   17.885587    0.196690    0.424386
   84.787214   17.872457    0.343713    1.669916
   84.788217   17.859316    0.327668    1.518767
   84.789220   17.846163    0.118456    0.255584
   84.791223   17.819822    0.180419    0.389279
   84.792224   17.806644    0.142633    0.307750
   84.793225   17.793466    0.127344    0.274763
   84.794224   17.780295    0.070279    0.151637
   84.795223   17.767126    0.073883    0.159412
   84.796221   17.753956    0.099390    0.214448
   84.797218   17.740787    0.091915    0.198319
   84.798215   17.727614    0.072247    0.155882
   84.799211   17.714446    0.125082    0.269881
   84.800206   17.701284    0.094541    0.203986
   84.801200   17.688134    0.124246    0.268077
   84.802193   17.675008    0.136021    0.293483
   84.803185   17.661887    0.118743    0.256204
   84.804177   17.648768    0.101349    0.218674
   84.805168   17.635642    0.025555    0.055137
   84.806159   17.622497    0.067875    0.146449
   84.807150   17.609349    0.076743    0.165584
   84.808141   17.596197    0.126693    0.273358
   84.809132   17.583047    0.025779    0.055623
   84.811112   17.556761    0.122655    0.264645
   84.812102   17.543610    0.131883    0.284555
   84.813092   17.530447    0.157470    0.339763
   84.814083   17.517267    0.068782    0.148406
   84.815074   17.504076    0.161925    0.349375
   84.816065   17.490873    0.152573    0.329197
   84.817056   17.477658    0.134248    0.289658
   84.818047   17.464432    0.255342    0.832072
   84.819038   17.451193    0.275547    1.021940
   84.820029   17.437941    0.131747    0.284261
   84.822012   17.411387    0.471363    2.863424
   84.823004   17.398087    0.221361    0.511363
   84.823996   17.384770    0.349065    1.712508
   84.824988   17.371432    0.367759    1.888155
   84.825980   17.358069    0.302041    1.269715
   84.826972   17.344694    0.398665    2.178482
   84.827964   17.331311    0.198429    0.428137
   84.828956   17.317929    0.246778    0.749211
   84.829948   17.304554    0.304435    1.291400
   84.830940   17.291182    0.444199    2.606001
   84.831931   17.277813    0.291957    1.173604
   84.832921   17.264447    0.238337    0.668974
   84.834898   17.237732    0.370344    1.910392
   84.835885   17.224384    0.320576    1.442000
   84.836870   17.211046    0.455092    2.707225
   84.837853   17.197723    0.362701    1.837867
   84.838836   17.184408    0.536861    3.476038
   84.839817   17.171098    0.383115    2.029490
   84.840798   17.157793    0.472168    2.867043
   84.841778   17.144495    0.378306    1.983841
   84.843738   17.117892    0.355491    1.768803
   84.844717   17.104580    0.291906    1.170431
   84.845696   17.091252    0.231264    0.599739
   84.846674   17.077913    0.200414    0.432420
   84.847653   17.064560    0.242845    0.708270
   84.848633   17.051192    0.283161    1.087336
   84.849615   17.037804    0.202207    0.436290
   84.850598   17.024402    0.441332    2.574891
   84.851581   17.010988    0.466830    2.814549
   84.852564   16.997564    0.329226    1.519855
   84.853548   16.984133    0.297483    1.221027
   84.854532   16.970692    0.348398    1.699798
   84.855516   16.957239    0.369167    1.894971
   84.856499   16.943773    0.461917    2.767292
   84.857482   16.930291    0.346093    1.677491
   84.858465   16.916799    0.466749    2.812333
   84.859447   16.903296    0.412971    2.306211
   84.860430   16.889781    0.324006    1.469079
   84.861412   16.876253    0.307600    1.314540
   84.862394   16.862720    0.435814    2.520480
   84.863375   16.849186    0.318037    1.412306
   84.864356   16.835655    0.286376    1.114248
   84.865335   16.822134    0.401755    2.199458
   84.866313   16.808617    0.216001    0.466052
   84.867290   16.795103    0.268119    0.941878
   84.868266   16.781594    0.303385    1.273429
   84.869240   16.768088    0.291854    1.164747
   84.870214   16.754585    0.331328    1.535889
   84.871186   16.741084    0.363444    1.837809
   84.872159   16.727586    0.347425    1.686898
   84.873131   16.714089    0.225320    0.538013
   84.874103   16.700594    0.168150    0.362807
   84.875075   16.687099    0.336122    1.579949
   84.876047   16.673605    0.188974    0.407737
   84.877018   16.660114    0.241134    0.685953
   84.877990   16.646619    0.275120    1.005461
   84.878962   16.633115    0.220168    0.488302
   84.879934   16.619595    0.223937    0.523559
   84.880905   16.606051    0.207001    0.446632
   84.881877   16.592494    0.387708    2.063795
   84.882848   16.578923    0.284069    1.088613
   84.883821   16.565341    0.190390    0.410792
   84.884795   16.551750    0.384204    2.030203
   84.885770   16.538147    0.322968    1.453930
   84.886745   16.524533    0.241218    0.684671
   84.887721   16.510910    0.378935    1.980021
   84.888696   16.497276    0.175374    0.378394
   84.889672   16.483631    0.253345    0.798136
   84.890647   16.469975    0.270555    0.959823
   84.891622   16.456304    0.272501    0.977921
   84.892597   16.442616    0.334388    1.559907
   84.893571   16.428920    0.325706    1.478027
   84.894545   16.415219    0.247868    0.745567
   84.895517   16.401519    0.689092    4.896105
   84.897456   16.374136    0.270998    0.962535
   84.898423   16.360447    0.207698    0.448136
   84.899389   16.346758    0.207624    0.447977
   84.900353   16.333070    0.108342    0.233762
   84.901317   16.319383    0.222286    0.503458
   84.902280   16.305698    0.408830    2.258129
   84.903242   16.292018    0.133125    0.287235
   84.904206   16.278345    0.376799    1.956393
   84.905169   16.264673    0.285575    1.098011
   84.906132   16.251001    0.263754    0.892524
   84.907094   16.237326    0.393314    2.111133
   84.908054   16.223647    0.245651    0.721810
   84.909014   16.209962    0.280589    1.050280
   84.909974   16.196272    0.235365    0.624642
   84.910935   16.182573    0.323288    1.451549
   84.911897   16.168864    0.344257    1.648607
   84.912860   16.155146    0.409901    2.265936
   84.913823   16.141415    0.290888    1.146133
   84.914787   16.127672    0.362742    1.821878
   84.915751   16.113909    0.386147    2.041851
   84.916715   16.100137    0.371672    1.905472
   84.917679   16.086355    0.222759    0.504393
   84.918644   16.072567    0.296544    1.198304
   84.919608   16.058776    0.268460    0.933908
   84.920573   16.044980    0.296680    1.199176
   84.921537   16.031179    0.152266    0.328534
   84.922502   16.017375    0.223472    0.510066
   84.923468   16.003566    0.458334    2.719280
   84.924434   15.989754    0.260349    0.856563
   84.926363   15.962121    0.241320    0.677135
   84.927326   15.948306    0.260370    0.856136
   84.928288   15.934484    0.264591    0.895646
   84.929248   15.920652    0.351034    1.708634
   84.930208   15.906804    0.261717    0.868190
   84.931165   15.892929    0.299255    1.221117
   84.932121   15.879045    0.279535    1.035394
   84.933076   15.865155    0.257452    0.827452
   84.934031   15.851268    0.231753    0.585480
   84.934987   15.837390    0.306923    1.292426
   84.935943   15.823516    0.211043    0.455355
   84.937852   15.795776    0.118748    0.256216
   84.938804   15.781917    0.196120    0.423155
   84.939757   15.768057    0.247295    0.730449
   84.940709   15.754195    0.282404    1.060529
