Converting ICESat/GLAS binary freeboard vector data to ASCII
Wed Feb 12 09:57:14 2014

write_fb:
  file_in:       laser3k0060002.dat
  laser_period:  3k
  track:         0060
  cycle:         002
  file_out:      laser3k0060002.txt
  non_zero_only:        0
  nan_replace:       -999

read_fb:
  Year:                  2008
  Month:                   10
  Day:                     13
  Hour:                     9
  Minute:                   4
  Doy:                    287
  record_count:          1692
  non_zero_count:        1687
  nan_count:                0

    Latitude   Longitude   Freeboard   Thickness
   83.170660  221.536674    0.176378    0.373983
   83.169407  221.528989    0.123981    0.262884
   83.168153  221.521318    0.212149    0.449830
   83.166898  221.513650    0.336447    1.468972
   83.165641  221.505984    0.138724    0.294145
   83.164382  221.498308    0.114983    0.243805
   83.163121  221.490622    0.070188    0.148824
   83.161859  221.482935    0.207861    0.440740
   83.160596  221.475249    0.142584    0.302329
   83.159333  221.467568    0.220822    0.468221
   83.158070  221.459895    0.282903    0.965865
   83.156807  221.452226    0.264555    0.793346
   83.155544  221.444562    0.318799    1.303721
   83.154281  221.436903    0.275466    0.896159
   83.153018  221.429251    0.264121    0.789521
   83.151755  221.421601    0.329146    1.401320
   83.150491  221.413954    0.242000    0.581593
   83.149227  221.406303    0.257576    0.728211
   83.147963  221.398648    0.145907    0.309374
   83.146699  221.390996    0.131384    0.278580
   83.145436  221.383352    0.059272    0.125677
   83.140406  221.352918    0.294558    1.076714
   83.139151  221.345316    0.246973    0.629153
   83.137896  221.337707    0.254743    0.702330
   83.136641  221.330096    0.211432    0.448310
   83.135387  221.322482    0.252744    0.683692
   83.134132  221.314861    0.224057    0.475079
   83.132878  221.307234    0.346665    1.567416
   83.131623  221.299607    0.389650    1.971874
   83.130368  221.291982    0.272147    0.866565
   83.129113  221.284367    0.315738    1.276727
   83.127857  221.276765    0.373110    1.816535
   83.126600  221.269166    0.273242    0.877127
   83.125342  221.261566    0.384049    1.919609
   83.124083  221.253958    0.417499    2.234374
   83.122822  221.246340    0.368754    1.775900
   83.121559  221.238721    0.337213    1.479270
   83.120296  221.231105    0.363650    1.728053
   83.119032  221.223495    0.322072    1.337003
   83.117767  221.215895    0.344072    1.544047
   83.116502  221.208303    0.483355    2.854421
   83.115237  221.200720    0.303356    1.161192
   83.113972  221.193157    0.406174    2.128521
   83.112707  221.185612    0.402833    2.097178
   83.111443  221.178073    0.364819    1.739651
   83.110178  221.170535    0.402362    2.092914
   83.108910  221.162983    0.273661    0.882271
   83.107642  221.155414    0.251421    0.673133
   83.106372  221.147844    0.305764    1.184441
   83.103836  221.132722    0.312981    1.252502
   83.101307  221.117649    0.349444    1.595689
   83.100044  221.110120    0.388440    1.962624
   83.098779  221.102595    0.432641    2.378522
   83.094987  221.080025    0.748505    5.350216
   83.093724  221.072494    0.408053    2.147553
   83.092463  221.064956    0.498305    2.996670
   83.091203  221.057417    0.462900    2.663691
   83.089943  221.049880    0.377871    1.863878
   83.088685  221.042349    0.405322    2.122203
   83.087429  221.034825    0.389112    1.969794
   83.084916  221.019794    0.436050    2.411527
   83.083659  221.012290    0.385452    1.935615
   83.082401  221.004794    0.378958    1.874605
   83.081142  220.997304    0.854197    6.345425
   83.079882  220.989820    0.627556    4.213423
   83.078621  220.982339    0.442881    2.476208
   83.077360  220.974860    0.305288    1.181906
   83.076098  220.967386    0.294557    1.081041
   83.074834  220.959914    0.299213    1.124925
   83.072306  220.944988    0.363009    1.725249
   83.071040  220.937527    0.347537    1.579783
   83.069773  220.930063    0.511235    3.119826
   83.068504  220.922586    0.525072    3.250079
   83.067233  220.915096    0.290787    1.046166
   83.065960  220.907604    0.375888    1.846825
   83.064687  220.900114    0.487772    2.899450
   83.063415  220.892638    0.315019    1.274392
   83.060871  220.877722    0.269241    0.843918
   83.059599  220.870269    0.236625    0.537173
   83.057057  220.855344    0.369270    1.785187
   83.055788  220.847880    0.364718    1.742454
   83.054519  220.840420    0.440036    2.451083
   83.053251  220.832972    0.418210    2.245844
   83.051985  220.825537    0.332656    1.441097
   83.050720  220.818108    0.374245    1.832420
   83.049455  220.810685    0.432781    2.383174
   83.048191  220.803265    0.349294    1.597875
   83.046926  220.795847    0.645076    4.380486
   83.045661  220.788430    0.432974    2.385254
   83.044397  220.781013    0.374279    1.833183
   83.043133  220.773589    0.383465    1.919685
   83.041870  220.766159    0.380074    1.887874
   83.040607  220.758729    0.338692    1.498660
   83.039345  220.751303    0.383391    1.919252
   83.038082  220.743886    0.403786    2.111194
   83.036820  220.736480    0.381956    1.905925
   83.035557  220.729080    0.286119    1.004442
   83.034294  220.721685    0.389808    1.979960
   83.033030  220.714295    0.302531    1.159006
   83.031764  220.706910    0.293082    1.070199
   83.030496  220.699527    0.433367    2.389995
   83.029228  220.692144    0.353822    1.641782
   83.027958  220.684761    0.342264    1.533136
   83.026687  220.677375    0.334069    1.456128
   83.025415  220.669988    0.457565    2.617984
   83.024142  220.662598    0.438986    2.443295
   83.022869  220.655203    0.381429    1.901929
   83.021596  220.647803    0.593791    3.899777
   83.020323  220.640403    0.555406    3.538763
   83.019048  220.633006    0.381590    1.903700
   83.017772  220.625614    0.468450    2.720911
   83.016494  220.618231    0.231186    0.490195
   83.013937  220.603490    0.416291    2.230491
   83.012660  220.596141    0.317187    1.298281
   83.011384  220.588808    0.383312    1.920427
   83.010108  220.581482    0.397275    2.051865
   83.008834  220.574158    0.314250    1.270908
   83.007560  220.566827    0.365088    1.749244
   83.006287  220.559487    0.356338    1.667024
   83.005015  220.552145    0.305370    1.187636
   83.002476  220.537467    0.379421    1.884427
   83.001210  220.530132    0.368196    1.778923
   82.999945  220.522802    0.342615    1.538361
   82.998681  220.515479    0.338343    1.498255
   82.997417  220.508172    0.376732    1.859479
   82.996153  220.500882    0.308565    1.218300
   82.994889  220.493594    0.396608    2.046634
   82.993625  220.486303    0.353812    1.644121
   82.992359  220.478995    0.342593    1.538670
   82.991092  220.471667    0.324523    1.368769
   82.989823  220.464334    0.281487    0.964003
   82.988554  220.457000    0.319917    1.325612
   82.987284  220.449676    0.375720    1.850650
   82.986013  220.442363    0.390851    1.993080
   82.984741  220.435056    0.244131    0.612927
   82.983468  220.427754    0.286518    1.011765
   82.982192  220.420455    0.276669    0.919197
   82.980914  220.413160    0.246465    0.635140
   82.979635  220.405868    0.250593    0.674060
   82.978354  220.398581    0.322775    1.353192
   82.977073  220.391295    0.300176    1.140683
   82.975791  220.384012    0.304321    1.179765
   82.973229  220.369459    0.317662    1.305436
   82.971949  220.362193    0.404917    2.126362
   82.970672  220.354935    0.406682    2.143056
   82.969395  220.347681    0.332741    1.447555
   82.968119  220.340429    0.365422    1.755085
   82.966842  220.333172    0.280928    0.960303
   82.965564  220.325909    0.356167    1.668193
   82.964285  220.318650    0.295617    1.098666
   82.963007  220.311399    0.305054    1.187525
   82.961728  220.304171    0.251454    0.683384
   82.960448  220.296966    0.280722    0.958799
   82.959170  220.289766    0.320838    1.336270
   82.957892  220.282563    0.372029    1.817930
   82.956618  220.275340    0.355559    1.663077
   82.955347  220.268093    0.638586    4.325698
   82.954078  220.260839    0.357519    1.681688
   82.952810  220.253583    0.325992    1.385191
   82.951541  220.246332    0.288516    1.032729
   82.950270  220.239088    0.497110    2.995131
   82.949000  220.231848    0.240250    0.578845
   82.947729  220.224612    0.185141    0.392565
   82.946458  220.217382    0.387026    1.959792
   82.945186  220.210157    0.283928    0.990001
   82.943913  220.202937    0.839063    6.212424
   82.942640  220.195722    0.798914    5.834816
   82.941366  220.188515    0.376925    1.865114
   82.940091  220.181316    0.292590    1.071832
   82.938815  220.174118    0.283419    0.985640
   82.937539  220.166921    0.333695    1.458691
   82.936262  220.159717    0.390040    1.988832
   82.934983  220.152504    0.272677    0.884850
   82.933704  220.145292    0.272141    0.879895
   82.932425  220.138080    0.276569    0.921631
   82.931145  220.130875    0.233753    0.518939
   82.929864  220.123677    0.247311    0.646566
   82.928583  220.116483    0.257904    0.746311
   82.927301  220.109295    0.545302    3.450046
   82.926017  220.102112    0.303788    1.178123
   82.924731  220.094936    0.342985    1.546948
   82.923444  220.087764    0.289527    1.044137
   82.922157  220.080595    0.323570    1.364479
   82.920871  220.073429    0.259314    0.760090
   82.919587  220.066264    0.351300    1.625520
   82.918303  220.059102    0.382471    1.918842
   82.917021  220.051940    0.507292    3.093160
   82.915743  220.044779    0.387675    1.967968
   82.914468  220.037616    0.490482    2.935199
   82.913194  220.030456    0.370246    1.804179
   82.911920  220.023298    0.417892    2.252488
   82.910645  220.016143    0.378233    1.879488
   82.909369  220.008992    0.442311    2.482379
   82.908092  220.001845    0.398634    2.071587
   82.906815  219.994705    0.291310    1.062034
   82.905538  219.987576    0.294797    1.094929
   82.904263  219.980458    0.297184    1.117471
   82.902989  219.973343    0.282045    0.975130
   82.901714  219.966228    0.338666    1.507870
   82.900440  219.959107    0.261231    0.779504
   82.899165  219.951976    0.175603    0.372341
   82.897890  219.944841    0.282926    0.983764
   82.896615  219.937701    0.202047    0.428412
   82.895340  219.930551    0.226575    0.480420
   82.894063  219.923392    0.306769    1.208326
   82.892785  219.916237    0.274499    0.904836
   82.891507  219.909092    0.248464    0.660002
   82.890227  219.901979    0.305011    1.192044
   82.888945  219.894899    0.275434    0.913893
   82.887662  219.887831    0.280255    0.959332
   82.886378  219.880767    0.258330    0.753156
   82.885093  219.873696    0.284635    1.000706
   82.883806  219.866612    0.422202    2.294932
   82.882519  219.859521    0.174921    0.370895
   82.879945  219.845300    0.209081    0.443326
   82.878661  219.838157    0.165972    0.351918
   82.877377  219.831013    0.129391    0.274354
   82.876093  219.823875    0.152109    0.322525
   82.874807  219.816763    0.218847    0.464033
   82.873521  219.809682    0.261068    0.779779
   82.872233  219.802614    0.417090    2.247613
   82.870945  219.795555    0.462693    2.676709
   82.869656  219.788499    0.213043    0.451726
   82.868366  219.781444    0.161293    0.341998
   82.867077  219.774390    0.318899    1.324244
   82.865791  219.767336    0.286007    1.014904
   82.864509  219.760275    0.157173    0.333263
   82.863232  219.753207    0.190308    0.403519
   82.861957  219.746139    0.228288    0.484051
   82.860684  219.739074    0.165849    0.351659
   82.859411  219.732019    0.132508    0.280965
   82.858137  219.724975    0.186932    0.396361
   82.856862  219.717937    0.220061    0.466607
   82.855586  219.710904    0.162047    0.343597
   82.854309  219.703874    0.141843    0.300758
   82.853030  219.696849    0.549797    3.497321
   82.851750  219.689825    0.338408    1.508801
   82.850469  219.682802    0.239224    0.575830
   82.849188  219.675778    0.243643    0.617483
   82.847906  219.668753    0.227087    0.481505
   82.846624  219.661726    0.293802    1.089518
   82.845340  219.654698    0.354901    1.664386
   82.844055  219.647663    0.141395    0.299806
   82.842769  219.640621    0.232524    0.513317
   82.841481  219.633581    0.230644    0.495710
   82.840192  219.626544    0.282641    0.984952
   82.838900  219.619515    0.228916    0.485382
   82.837606  219.612498    0.226797    0.480889
   82.836311  219.605488    0.186852    0.396192
   82.835016  219.598487    0.196710    0.417094
   82.833723  219.591500    0.223726    0.474377
   82.832432  219.584528    0.359672    1.710120
   82.831142  219.577558    0.361037    1.723054
   82.829852  219.570585    0.390039    1.995965
   82.828562  219.563595    0.329715    1.428565
   82.827273  219.556583    0.453629    2.594347
   82.825984  219.549571    0.290447    1.059328
   82.824695  219.542563    0.338190    1.508550
   82.823406  219.535579    0.249445    0.673777
   82.822119  219.528620    0.260327    0.776233
   82.820831  219.521670    0.297367    1.124777
   82.819545  219.514724    0.235062    0.538739
   82.818259  219.507775    0.274182    0.906839
   82.816974  219.500818    0.255109    0.727508
   82.815689  219.493858    0.294789    1.100876
   82.814406  219.486896    0.182413    0.386779
   82.813124  219.479929    0.245479    0.637176
   82.811845  219.472957    0.215894    0.457771
   82.810565  219.465984    0.284229    1.001884
   82.809286  219.459010    0.323142    1.368043
   82.808006  219.452041    0.530254    3.316504
   82.806724  219.445075    0.211955    0.449420
   82.805442  219.438112    0.277841    0.942142
   82.804158  219.431154    0.296447    1.117261
   82.802870  219.424199    0.240564    0.591640
   82.801580  219.417249    0.198292    0.420448
   82.800289  219.410304    0.323047    1.367758
   82.798998  219.403365    0.251247    0.692406
   82.797710  219.396438    0.246762    0.650295
   82.796426  219.389522    0.233943    0.529796
   82.795141  219.382609    0.070018    0.148462
   82.792569  219.368775    0.391647    2.013627
   82.791279  219.361843    0.219958    0.466389
   82.789988  219.354911    0.207452    0.439871
   82.788694  219.347981    0.162590    0.344748
   82.787398  219.341059    0.302456    1.174936
   82.786100  219.334147    0.230656    0.499573
   82.784800  219.327241    0.253370    0.713343
   82.783501  219.320340    0.162183    0.343885
   82.782203  219.313446    0.251847    0.699191
   82.780907  219.306560    0.480417    2.849513
   82.779611  219.299673    0.123869    0.262645
   82.778317  219.292783    0.110223    0.233712
   82.777025  219.285878    0.228807    0.485151
   82.775734  219.278954    0.281017    0.974038
   82.774444  219.272030    0.105940    0.224630
   82.773155  219.265110    0.160038    0.339337
   82.771867  219.258208    0.152185    0.322686
   82.770580  219.251327    0.109842    0.232903
   82.769294  219.244456    0.108046    0.229096
   82.768009  219.237592    0.208067    0.441175
   82.766724  219.230734    0.160850    0.341059
   82.765439  219.223882    0.145020    0.307493
   82.764154  219.217028    0.201475    0.427198
   82.762869  219.210171    0.324748    1.386306
   82.761584  219.203297    0.251070    0.693279
   82.760300  219.196405    0.114202    0.242148
   82.759015  219.189510    0.104138    0.220809
   82.757729  219.182618    0.089460    0.189688
   82.756443  219.175742    0.163644    0.346984
   82.755155  219.168884    0.187025    0.396558
   82.752575  219.155192    0.145619    0.308764
   82.751283  219.148352    0.118205    0.250637
   82.749990  219.141515    0.174952    0.370960
   82.748696  219.134678    0.255277    0.733723
   82.747401  219.127839    0.111537    0.236498
   82.746104  219.120993    0.231766    0.512728
   82.744805  219.114138    0.147446    0.312637
   82.743505  219.107281    0.183110    0.388258
   82.742205  219.100424    0.287498    1.037277
   82.740906  219.093573    0.158850    0.336819
   82.739606  219.086728    0.201086    0.426374
   82.738306  219.079886    0.249420    0.679329
   82.737007  219.073049    0.128294    0.272028
   82.735706  219.066214    0.150721    0.319582
   82.734406  219.059382    0.174900    0.370850
   82.733105  219.052556    0.183774    0.389665
   82.731806  219.045737    0.127967    0.271335
   82.730508  219.038928    0.146270    0.310143
   82.729213  219.032131    0.113276    0.240184
   82.726627  219.018554    0.110769    0.234870
   82.725337  219.011769    0.108609    0.230289
   82.724050  219.004985    0.090367    0.191610
   82.721478  218.991427    0.142765    0.302712
   82.718905  218.977884    0.219642    0.465719
   82.717618  218.971119    0.070812    0.150146
   82.716331  218.964359    0.166919    0.353926
   82.715044  218.957608    0.150134    0.318336
   82.713758  218.950867    0.104057    0.220638
   82.712471  218.944127    0.233262    0.529061
   82.711184  218.937385    0.110438    0.234167
   82.709895  218.930632    0.108413    0.229874
   82.708604  218.923868    0.422987    2.314129
   82.707311  218.917099    0.250356    0.690216
   82.706018  218.910327    0.283411    1.001266
   82.704722  218.903553    0.222228    0.471202
   82.703425  218.896777    0.316881    1.316301
   82.702127  218.890002    0.198968    0.421883
   82.700827  218.883229    0.253460    0.719849
   82.699524  218.876459    0.207726    0.440452
   82.698219  218.869695    0.088903    0.188506
   82.695607  218.856178    0.171629    0.363913
   82.694300  218.849426    0.128758    0.273012
   82.692994  218.842678    0.170155    0.360788
   82.691688  218.835935    0.266616    0.844229
   82.690384  218.829195    0.192881    0.408975
   82.689081  218.822459    0.164599    0.349007
   82.686480  218.809000    0.318542    1.333063
   82.685182  218.802278    0.193155    0.409557
   82.683886  218.795563    0.214595    0.455016
   82.682591  218.788855    0.151352    0.320919
   82.681298  218.782153    0.211936    0.449379
   82.680005  218.775454    0.174593    0.370198
   82.678711  218.768761    0.356585    1.691457
   82.677417  218.762071    0.355437    1.680746
   82.676123  218.755382    0.253202    0.719075
   82.674830  218.748693    0.214096    0.453960
   82.673538  218.742000    0.070235    0.148923
   82.672248  218.735303    0.307493    1.230069
   82.670959  218.728603    0.896363    6.769850
   82.669670  218.721901    0.310911    1.262392
   82.668380  218.715197    0.720530    5.115902
   82.667089  218.708489    0.237861    0.575362
   82.665797  218.701782    0.407430    2.170644
   82.663209  218.688382    0.072942    0.154662
   82.661914  218.681696    0.025881    0.054877
   82.660616  218.675013    0.083031    0.176054
   82.659318  218.668332    0.109943    0.233118
   82.658017  218.661648    0.147302    0.312331
   82.656715  218.654961    0.091974    0.195017
   82.655411  218.648274    0.197592    0.418964
   82.654107  218.641587    0.142359    0.301851
   82.652802  218.634901    0.102758    0.217883
   82.651497  218.628215    0.298124    1.143318
   82.650192  218.621534    0.446989    2.543825
   82.648887  218.614859    0.175257    0.371607
   82.647582  218.608197    0.277990    0.954166
   82.646278  218.601549    0.509441    3.131590
   82.644973  218.594905    0.419349    2.284153
   82.643669  218.588264    0.379225    1.906777
   82.642364  218.581617    0.534437    3.366998
   82.641060  218.574962    0.284150    1.012550
   82.639757  218.568308    0.223474    0.473844
   82.638454  218.561656    0.359416    1.720780
   82.637152  218.555015    0.514479    3.179590
   82.635852  218.548386    0.560812    3.615550
   82.634552  218.541759    0.286665    1.036640
   82.633254  218.535131    0.462570    2.691527
   82.631957  218.528494    0.314310    1.296881
   82.630661  218.521845    0.418770    2.279657
   82.629366  218.515197    0.318583    1.337253
   82.628071  218.508556    0.524279    3.272388
   82.626776  218.501932    0.534754    3.371018
   82.625479  218.495329    0.538692    3.408149
   82.624183  218.488734    0.488118    2.932466
   82.622887  218.482143    0.564326    3.649466
   82.621592  218.475550    0.558337    3.593215
   82.620298  218.468952    0.341323    1.551773
   82.619004  218.462353    0.210233    0.445768
   82.617710  218.455753    0.211315    0.448061
   82.616414  218.449151    0.251821    0.710058
   82.615117  218.442545    0.119265    0.252884
   82.613818  218.435940    0.052642    0.111619
   82.612518  218.429336    0.150767    0.319680
   82.611215  218.422739    0.242777    0.625320
   82.609910  218.416148    0.217758    0.461725
   82.608604  218.409559    0.296270    1.128716
   82.607296  218.402971    0.208350    0.441775
   82.605986  218.396381    0.180354    0.382413
   82.604675  218.389789    0.334948    1.492834
   82.603363  218.383197    0.261285    0.799945
   82.602051  218.376602    0.390810    2.018521
   82.600741  218.370003    0.130978    0.277719
   82.599432  218.363399    0.388946    2.001162
   82.598123  218.356797    0.272695    0.907637
   82.596814  218.350202    0.093355    0.197945
   82.595504  218.343619    0.292670    1.095719
   82.594194  218.337052    0.270845    0.890486
   82.592884  218.330494    0.322149    1.373205
   82.591576  218.323944    0.165020    0.349900
   82.590270  218.317402    0.449437    2.570824
   82.588966  218.310866    0.105718    0.224160
   82.587665  218.304334    0.151919    0.322122
   82.586364  218.297802    0.186258    0.394933
   82.585064  218.291266    0.207792    0.440593
   82.583765  218.284724    0.341179    1.552826
   82.582466  218.278180    0.402568    2.130423
   82.581168  218.271635    0.306858    1.230129
   82.579871  218.265089    0.421999    2.313391
   82.578576  218.258543    0.576485    3.766771
   82.577280  218.251999    0.421069    2.304815
   82.575985  218.245459    0.288129    1.054288
   82.574689  218.238930    0.155614    0.329957
   82.573392  218.232412    0.167717    0.355620
   82.572095  218.225899    0.274889    0.929995
   82.570797  218.219389    0.213282    0.452234
   82.569497  218.212880    0.183583    0.389262
   82.568196  218.206370    0.222708    0.472220
   82.566894  218.199858    0.473928    2.802777
   82.565590  218.193343    0.299957    1.166259
   82.564285  218.186817    0.336760    1.512560
   82.562979  218.180281    0.195642    0.414830
   82.561671  218.173744    0.162177    0.343873
   82.560361  218.167211    0.151941    0.322168
   82.559050  218.160691    0.291895    1.090858
   82.557736  218.154186    0.194228    0.411832
   82.556421  218.147687    0.167266    0.354663
   82.555105  218.141193    0.074196    0.157322
   82.553789  218.134701    0.140249    0.297378
   82.552473  218.128208    0.011315    0.023992
   82.549841  218.115229    0.055918    0.118565
   82.548526  218.108742    0.092248    0.195598
   82.545899  218.095773    0.085119    0.180482
   82.544588  218.089293    0.102527    0.217394
   82.543279  218.082815    0.138114    0.292850
   82.541972  218.076339    0.166651    0.353360
   82.540667  218.069869    0.293402    1.106284
   82.539364  218.063405    0.065313    0.138486
   82.538062  218.056953    0.134179    0.284507
   82.536762  218.050514    0.070384    0.149238
   82.535462  218.044081    0.058155    0.123309
   82.534163  218.037650    0.069167    0.146658
   82.532864  218.031220    0.130267    0.276213
   82.531565  218.024786    0.103117    0.218644
   82.530265  218.018350    0.118301    0.250840
   82.528965  218.011910    0.441671    2.501899
   82.527664  218.005460    0.326320    1.416840
   82.526362  217.999001    0.377058    1.894240
   82.525060  217.992539    0.044751    0.094888
   82.523756  217.986078    0.182805    0.387612
   82.522451  217.979623    0.087970    0.186527
   82.521145  217.973177    0.016039    0.034009
   82.519838  217.966732    0.050068    0.106163
   82.518529  217.960289    0.089987    0.190803
   82.517216  217.953840    0.192353    0.407856
   82.515901  217.947386    0.215542    0.457025
   82.514584  217.940933    0.275424    0.938930
   82.513266  217.934485    0.090177    0.191206
   82.511949  217.928045    0.108049    0.229103
   82.510633  217.921616    0.128591    0.272657
   82.509317  217.915195    0.114001    0.241722
   82.508001  217.908780    0.559085    3.607865
   82.506686  217.902374    0.742570    5.334062
   82.505372  217.895975    0.841459    6.264425
   82.504057  217.889582    0.117273    0.248659
   82.502743  217.883197    0.113183    0.239988
   82.501429  217.876823    0.254974    0.747428
   82.500114  217.870458    0.159242    0.337650
   82.498800  217.864097    0.124268    0.263493
   82.497486  217.857735    0.053944    0.114381
   82.496175  217.851366    0.050919    0.107966
   82.494866  217.844988    0.129478    0.274539
   82.493558  217.838606    0.131844    0.279555
   82.490943  217.825837    0.115632    0.245181
   82.489635  217.819452    0.226335    0.479910
   82.488328  217.813068    0.228808    0.502153
   82.487021  217.806684    0.094511    0.200396
   82.485716  217.800305    0.161865    0.343211
   82.484411  217.793929    0.203574    0.431649
   82.483107  217.787556    0.145074    0.307609
   82.481803  217.781184    0.049263    0.104456
   82.480498  217.774814    0.116943    0.247959
   82.479192  217.768445    0.116381    0.246769
   82.477885  217.762076    0.291470    1.092325
   82.476577  217.755707    0.055489    0.117656
   82.475269  217.749334    0.109164    0.231466
   82.473960  217.742957    0.078880    0.167253
   82.472651  217.736584    0.095757    0.203039
   82.470026  217.723866    0.094270    0.199887
   82.468710  217.717534    0.152874    0.324147
   82.467393  217.711208    0.220070    0.466626
   82.466075  217.704885    0.051509    0.109216
   82.463439  217.692218    0.561480    3.633363
   82.462121  217.685880    0.267715    0.869908
   82.460802  217.679543    0.544153    3.470539
   82.459482  217.673210    0.751253    5.418889
   82.458159  217.666881    0.427676    2.374978
   82.456837  217.660555    0.518716    3.231508
   82.455515  217.654229    0.308811    1.256947
   82.454196  217.647900    0.230625    0.521517
   82.452879  217.641567    0.191801    0.406685
   82.451563  217.635238    0.152286    0.322900
   82.448934  217.622608    0.159779    0.338787
   82.447621  217.616319    0.120143    0.254745
   82.446308  217.610034    0.313866    1.305112
   82.444996  217.603748    0.430469    2.402124
   82.443685  217.597453    0.268236    0.876030
   82.442375  217.591146    0.407385    2.185138
   82.441065  217.584835    0.224464    0.475942
   82.439757  217.578523    0.469348    2.768221
   82.438449  217.572215    0.323093    1.392436
   82.435834  217.559609    0.282127    1.007229
   82.434527  217.553308    0.252894    0.732305
   82.433219  217.547005    0.200591    0.425323
   82.431909  217.540700    0.146408    0.310437
   82.430599  217.534396    0.224103    0.475177
   82.429288  217.528091    0.131566    0.278966
   82.427975  217.521785    0.172845    0.366492
   82.426661  217.515480    0.295234    1.131135
   82.425346  217.509175    0.190840    0.404649
   82.424031  217.502871    0.241337    0.624284
   82.422714  217.496569    0.153493    0.325460
   82.421397  217.490268    0.170398    0.361303
   82.420078  217.483972    0.308767    1.258886
   82.418759  217.477679    0.398645    2.104484
   82.417438  217.471394    0.173564    0.368018
   82.416115  217.465115    0.169085    0.358521
   82.414792  217.458844    0.173145    0.367128
   82.413468  217.452578    0.277527    0.965431
   82.412144  217.446320    0.140414    0.297728
   82.410820  217.440070    0.212712    0.451024
   82.409496  217.433826    0.197239    0.418216
   82.408173  217.427587    0.156410    0.331644
   82.406852  217.421352    0.162199    0.343919
   82.405532  217.415122    0.129186    0.273921
   82.404214  217.408895    0.222109    0.470949
   82.402897  217.402670    0.125803    0.266747
   82.401580  217.396445    0.100609    0.213327
   82.398950  217.383998    0.194536    0.412484
   82.397637  217.377777    0.237011    0.585324
   82.396324  217.371562    0.156572    0.331988
   82.395013  217.365352    0.135642    0.287608
   82.393702  217.359143    0.195036    0.413544
   82.391084  217.346719    0.475060    2.825164
   82.389777  217.340499    0.528234    3.325479
   82.388470  217.334278    0.421707    2.323430
   82.387163  217.328055    0.406476    2.180234
   82.385854  217.321830    0.678844    4.742579
   82.384544  217.315605    0.258352    0.786949
   82.383233  217.309381    0.926027    7.068082
   82.381921  217.303159    0.370808    1.845033
   82.380607  217.296942    0.402260    2.141000
   82.379292  217.290730    0.558712    3.612888
   82.377976  217.284522    0.690875    4.856271
   82.376657  217.278315    0.229920    0.519997
   82.375336  217.272109    0.235274    0.570455
   82.374011  217.265903    0.338562    1.542207
   82.372685  217.259698    0.350701    1.656493
   82.371358  217.253496    0.172400    0.365548
   82.370031  217.247297    0.557262    3.599854
   82.368705  217.241101    0.554419    3.573194
   82.367379  217.234910    0.198160    0.420170
   82.366053  217.228724    0.166356    0.352733
   82.364726  217.222548    0.250784    0.717053
   82.363399  217.216383    0.261363    0.816662
   82.362073  217.210222    0.514494    3.198041
   82.360748  217.204063    0.149866    0.317770
   82.359425  217.197900    0.166815    0.353707
   82.358106  217.191732    0.170061    0.360589
   82.356787  217.185565    0.188018    0.398663
   82.355470  217.179397    0.262534    0.828202
   82.354153  217.173231    0.137745    0.292068
   82.352837  217.167067    0.076850    0.162949
   82.351521  217.160905    0.071451    0.151502
   82.350205  217.154746    0.183444    0.388966
   82.348890  217.148594    0.067920    0.144014
   82.347574  217.142448    0.052350    0.111001
   82.346258  217.136303    0.037500    0.079513
   82.344943  217.130158    0.076608    0.162435
   82.343628  217.124005    0.429179    2.396654
   82.342314  217.117843    0.104587    0.221762
   82.341000  217.111679    0.140918    0.298795
   82.339685  217.105514    0.048227    0.102257
   82.338369  217.099351    0.112287    0.238089
   82.337051  217.093189    0.058764    0.124599
   82.335732  217.087030    0.283201    1.023911
   82.334412  217.080874    0.172142    0.365003
   82.333090  217.074723    0.254091    0.750234
   82.331768  217.068577    0.195845    0.415261
   82.330445  217.062435    0.099245    0.210434
   82.329121  217.056296    0.199537    0.423090
   82.327796  217.050159    0.136465    0.289353
   82.326470  217.044024    0.107166    0.227231
   82.325145  217.037894    0.000000    0.000000
   82.323818  217.031770    0.268586    0.887202
   82.322492  217.025658    0.081691    0.173214
   82.321166  217.019558    0.091385    0.193769
   82.319840  217.013464    0.200638    0.425423
   82.318513  217.007374    0.088315    0.187259
   82.317185  217.001286    0.050885    0.107894
   82.315856  216.995197    0.082603    0.175148
   82.314526  216.989109    0.351690    1.669604
   82.313197  216.983020    0.167002    0.354103
   82.311870  216.976928    0.246988    0.684813
   82.310544  216.970833    0.293156    1.119222
   82.309219  216.964738    0.000000    0.000000
   82.307894  216.958642    0.053638    0.113731
   82.306570  216.952548    0.143443    0.304150
   82.305245  216.946456    0.078167    0.165742
   82.303921  216.940365    0.003173    0.006728
   82.302599  216.934274    0.013159    0.027902
   82.301278  216.928182    0.024706    0.052385
   82.299959  216.922089    0.092512    0.196158
   82.298641  216.915998    0.053626    0.113706
   82.297324  216.909912    0.278041    0.977922
   82.296008  216.903835    0.268272    0.886113
   82.294693  216.897769    0.093761    0.198807
   82.293379  216.891706    0.176107    0.373409
   82.292063  216.885646    0.030393    0.064444
   82.290747  216.879585    0.564419    3.672420
   82.289428  216.873519    0.236977    0.592152
   82.288108  216.867454    0.282864    1.023917
   82.286788  216.861389    0.250254    0.717236
   82.285467  216.855322    0.283621    1.031214
   82.284146  216.849255    0.278015    0.978565
   82.282824  216.843189    0.433527    2.441613
   82.281500  216.837126    0.411136    2.231060
   82.280174  216.831068    0.190637    0.404218
   82.278845  216.825015    0.369902    1.843338
   82.277514  216.818966    0.424565    2.357662
   82.276183  216.812920    0.426520    2.376134
   82.274851  216.806875    0.385938    1.994460
   82.273519  216.800832    0.143602    0.304488
   82.272187  216.794791    0.100457    0.213004
   82.270856  216.788754    0.104368    0.221297
   82.269525  216.782722    0.051810    0.109856
   82.268195  216.776695    0.115951    0.245857
   82.266865  216.770672    0.228883    0.517526
   82.265536  216.764652    0.239665    0.619043
   82.264207  216.758634    0.225195    0.483008
   82.262878  216.752617    0.206065    0.436930
   82.258897  216.734594    0.183760    0.389635
   82.257571  216.728603    0.133890    0.283894
   82.256247  216.722614    0.121676    0.257997
   82.254923  216.716626    0.167798    0.355791
   82.253601  216.710633    0.099400    0.210764
   82.252280  216.704632    0.087690    0.185934
   82.250960  216.698629    0.119581    0.253554
   82.249641  216.692623    0.087616    0.185778
   82.248322  216.686612    0.227429    0.505090
   82.247004  216.680598    0.120675    0.255874
   82.245687  216.674583    0.108846    0.230792
   82.244369  216.668568    0.221268    0.469165
   82.243051  216.662557    0.082801    0.175567
   82.241732  216.656551    0.010350    0.021945
   82.240412  216.650546    0.095082    0.201608
   82.239091  216.644543    0.121406    0.257423
   82.237768  216.638541    0.104363    0.221286
   82.236444  216.632539    0.118109    0.250432
   82.233790  216.620541    0.101060    0.214284
   82.232460  216.614543    0.049434    0.104817
   82.231128  216.608547    0.122807    0.260393
   82.229794  216.602553    0.175935    0.373045
   82.228460  216.596564    0.090141    0.191131
   82.227125  216.590578    0.098760    0.209407
   82.225790  216.584598    0.118607    0.251488
   82.224455  216.578623    0.285509    1.053060
   82.223119  216.572653    0.186444    0.395327
   82.221784  216.566692    0.023571    0.049979
   82.220449  216.560740    0.208453    0.441993
   82.219114  216.554792    0.068744    0.145761
   82.217780  216.548849    0.118992    0.252305
   82.216447  216.542909    0.063204    0.134016
   82.215114  216.536971    0.064515    0.136794
   82.213783  216.531034    0.185078    0.392431
   82.212452  216.525099    0.147777    0.313340
   82.211124  216.519165    0.285476    1.053630
   82.209796  216.513231    0.073263    0.155344
   82.208470  216.507296    0.050410    0.106888
   82.205819  216.495415    0.104581    0.221750
   82.204494  216.489464    0.199794    0.423633
   82.203170  216.483512    0.717070    5.114316
   82.201846  216.477562    0.588093    3.901073
   82.200523  216.471622    0.347562    1.638399
   82.199200  216.465692    0.432888    2.441182
   82.197877  216.459763    0.676677    4.734673
   82.196554  216.453831    0.583080    3.854261
   82.195231  216.447884    0.333908    1.510299
   82.193906  216.441921    0.297155    1.164638
   82.192581  216.435959    0.246807    0.691083
   82.191255  216.430002    0.125212    0.265493
   82.189928  216.424064    0.116996    0.248072
   82.188601  216.418151    0.341266    1.579955
   82.187272  216.412248    0.591321    3.932397
   82.185943  216.406355    0.327082    1.446700
   82.184613  216.400471    0.182542    0.387054
   82.183280  216.394593    0.271190    0.921073
   82.181947  216.388719    0.232548    0.557643
   82.180613  216.382850    0.365564    1.809055
   82.179279  216.376981    0.318152    1.363130
   82.177945  216.371112    0.222910    0.472647
   82.176611  216.365243    0.146227    0.310053
   82.175275  216.359374    0.290062    1.099131
   82.173939  216.353503    0.277705    0.982975
   82.172601  216.347630    0.091329    0.193650
   82.171263  216.341755    0.143373    0.304001
   82.169926  216.335879    0.333806    1.510998
   82.168589  216.330002    0.278804    0.993665
   82.167253  216.324123    0.181592    0.385039
   82.165919  216.318244    0.258677    0.804497
   82.164585  216.312365    0.180483    0.382687
   82.163251  216.306486    0.297667    1.171461
   82.161918  216.300609    0.078705    0.166883
   82.160587  216.294731    0.098916    0.209736
   82.159255  216.288854    0.269509    0.906829
   82.157925  216.282977    0.257903    0.797742
   82.156597  216.277102    0.159699    0.338619
   82.155268  216.271225    0.691649    4.878308
   82.153940  216.265344    0.315059    1.335686
   82.152612  216.259454    0.331435    1.489830
   82.151284  216.253553    0.251495    0.737890
   82.149956  216.247652    0.491770    2.998331
   82.148627  216.241754    0.401521    2.149411
   82.147300  216.235868    0.497525    3.052641
   82.145973  216.229998    0.251541    0.738671
   82.144645  216.224135    0.433056    2.446337
   82.143318  216.218276    0.605989    4.073260
   82.141989  216.212416    0.528962    3.348728
   82.140659  216.206555    0.471551    2.808734
   82.139328  216.200698    0.477967    2.869176
   82.137996  216.194848    0.343812    1.607221
   82.136662  216.189011    0.364148    1.798613
   82.135326  216.183187    0.283029    1.035587
   82.133989  216.177370    0.258342    0.803432
   82.132650  216.171558    0.328150    1.460234
   82.131312  216.165749    0.462873    2.727698
   82.129973  216.159940    0.373116    1.883415
   82.128633  216.154131    0.151246    0.320694
   82.127292  216.148320    0.175481    0.372081
   82.125950  216.142499    0.061849    0.131142
   82.124607  216.136667    0.172896    0.366601
   82.123264  216.130834    0.317981    1.365178
   82.121922  216.125003    0.179975    0.381611
   82.120581  216.119180    0.121834    0.258332
   82.119243  216.113368    0.135254    0.286786
   82.117906  216.107560    0.190421    0.403760
   82.116572  216.101756    0.207598    0.440180
   82.115239  216.095953    0.206961    0.438831
   82.113909  216.090152    0.160052    0.339367
   82.112580  216.084352    0.275507    0.966303
   82.111252  216.078555    0.208057    0.441154
   82.109924  216.072761    0.156556    0.331954
   82.108595  216.066970    0.131261    0.278320
   82.107266  216.061179    0.169120    0.358594
   82.105937  216.055385    0.050442    0.106955
   82.104609  216.049583    0.253365    0.758523
   82.103280  216.043771    0.400358    2.141422
   82.101952  216.037957    0.431155    2.431227
   82.100623  216.032143    0.318486    1.371399
   82.099294  216.026333    0.164276    0.348323
   82.097966  216.020528    0.107623    0.228198
   82.096637  216.014729    0.530525    3.366380
   82.095307  216.008934    0.169123    0.358601
   82.093976  216.003149    0.285889    1.065183
   82.092645  215.997373    0.505177    3.128185
   82.091312  215.991602    0.175558    0.372246
   82.089977  215.985838    0.057529    0.121982
   82.088640  215.980080    0.118111    0.250437
   82.087301  215.974326    0.039962    0.084733
   82.085960  215.968575    0.089665    0.190122
   82.084618  215.962827    0.174051    0.369048
   82.083276  215.957079    0.185818    0.393999
   82.081934  215.951331    0.227677    0.518341
   82.080592  215.945585    0.261228    0.834049
   82.079250  215.939842    0.216044    0.458088
   82.077906  215.934106    0.159434    0.338057
   82.076562  215.928377    0.126448    0.268115
   82.075218  215.922651    0.252757    0.754704
   82.073875  215.916923    0.197986    0.419800
   82.072531  215.911188    0.255101    0.776930
   82.071189  215.905446    0.412490    2.257631
   82.069847  215.899701    0.292489    1.128832
   82.068507  215.893955    0.386540    2.013681
   82.067169  215.888207    0.271771    0.934099
   82.065832  215.882461    0.472620    2.823637
   82.064497  215.876715    0.302075    1.219351
   82.063163  215.870971    0.196323    0.416273
   82.061830  215.865232    0.214842    0.455540
   82.060499  215.859499    0.426517    2.390290
   82.059168  215.853767    0.214090    0.453947
   82.057838  215.848035    0.347221    1.644506
   82.056507  215.842299    0.526331    3.329544
   82.055175  215.836558    0.344660    1.620593
   82.053843  215.830816    0.160085    0.339437
   82.052511  215.825075    0.206249    0.437322
   82.051178  215.819335    0.085532    0.181357
   82.049845  215.813599    0.277677    0.990815
   82.048512  215.807867    0.298852    1.190106
   82.047178  215.802141    0.360397    1.769173
   82.045843  215.796425    0.492555    3.012516
   82.044507  215.790721    0.546840    3.523281
   82.043170  215.785024    0.355833    1.726503
   82.041832  215.779333    0.458254    2.690099
   82.040492  215.773648    0.642560    4.424016
   82.039150  215.767966    0.317178    1.363129
   82.037807  215.762288    0.323562    1.423272
   82.036463  215.756612    0.142218    0.301552
   82.035120  215.750935    0.169931    0.360313
   82.033776  215.745257    0.152458    0.323264
   82.032433  215.739580    0.105062    0.222767
   82.031089  215.733904    0.177759    0.376911
   82.029743  215.728232    0.152378    0.323094
   82.028397  215.722563    0.166032    0.352045
   82.027050  215.716896    0.455491    2.665095
   82.025704  215.711228    0.572444    3.765396
   82.024360  215.705559    0.307874    1.276586
   82.023017  215.699887    0.208233    0.441528
   82.021675  215.694214    0.456184    2.671967
   82.020335  215.688541    0.364158    1.806340
   82.018995  215.682867    0.329776    1.482985
   82.017655  215.677194    0.502957    3.112242
   82.016317  215.671519    0.243904    0.675337
   82.014980  215.665843    0.224571    0.493551
   82.013644  215.660163    0.258976    0.817301
   82.012309  215.654480    0.087450    0.185425
   82.010975  215.648795    0.164618    0.349049
   82.009641  215.643108    0.129096    0.273729
   82.008307  215.637415    0.281354    1.028175
   82.006972  215.631717    0.121572    0.257775
   82.005636  215.626024    0.101587    0.215400
   82.002966  215.614673    0.098556    0.208973
   82.001631  215.609032    0.146071    0.309722
   82.000296  215.603399    0.158151    0.335336
   81.998960  215.597773    0.141352    0.299716
   81.997624  215.592144    0.340171    1.582199
   81.996287  215.586509    0.075114    0.159269
   81.994949  215.580877    0.222947    0.479612
   81.993610  215.575251    0.157858    0.334714
   81.992270  215.569636    0.081702    0.173236
   81.990929  215.564032    0.084819    0.179846
   81.989587  215.558434    0.316831    1.363161
   81.988244  215.552838    0.060947    0.129229
   81.986899  215.547241    0.074353    0.157654
   81.985552  215.541642    0.124161    0.263266
   81.984205  215.536041    0.083857    0.177807
   81.982856  215.530438    0.100087    0.212221
   81.980160  215.519217    0.048892    0.103668
   81.978812  215.513600    0.032106    0.068077
   81.977463  215.507979    0.109148    0.231431
   81.976114  215.502350    0.067994    0.144171
   81.973415  215.491074    0.071601    0.151820
   81.972067  215.485436    0.087971    0.186529
   81.970721  215.479803    0.072751    0.154257
   81.969380  215.474177    0.042580    0.090285
   81.968040  215.468555    0.457447    2.687411
   81.966701  215.462939    0.443590    2.557141
   81.965364  215.457330    0.310791    1.307944
   81.964027  215.451730    0.181368    0.384564
   81.962690  215.446134    0.078001    0.165391
   81.961355  215.440540    0.372178    1.885701
   81.960020  215.434943    0.246482    0.703318
   81.958686  215.429343    0.441501    2.538019
   81.957351  215.423743    0.206600    0.438066
   81.956017  215.418146    0.104981    0.222598
   81.954682  215.412552    0.426136    2.393740
   81.953345  215.406963    0.167607    0.355386
   81.952008  215.401380    0.116373    0.246753
   81.950669  215.395803    0.203371    0.431218
   81.949329  215.390239    0.228298    0.532968
   81.947986  215.384688    0.236911    0.614080
   81.946643  215.379141    0.144318    0.306005
   81.945298  215.373598    0.127622    0.270603
   81.943953  215.368051    0.332898    1.517324
   81.942608  215.362499    0.340361    1.587625
   81.941262  215.356946    0.005529    0.011724
   81.939914  215.351393    0.154408    0.327399
   81.938565  215.345841    0.113947    0.241607
   81.937215  215.340291    0.054203    0.114930
   81.935863  215.334742    0.151505    0.321245
   81.933159  215.323642    0.271374    0.939261
   81.931807  215.318091    0.208584    0.442273
   81.930455  215.312540    0.175262    0.371617
   81.927754  215.301443    0.349705    1.676502
   81.926407  215.295900    0.255313    0.788611
   81.925060  215.290357    0.186139    0.394679
   81.923714  215.284810    0.135791    0.287926
   81.922367  215.279254    0.359411    1.768157
   81.921021  215.273687    0.492893    3.023958
   81.919676  215.268118    0.542749    3.493065
   81.918331  215.262551    0.193893    0.411121
   81.916989  215.256993    0.155101    0.328868
   81.915648  215.251445    0.112887    0.239360
   81.914308  215.245904    0.097715    0.207191
   81.912969  215.240367    0.155375    0.329450
   81.911631  215.234837    0.157259    0.333445
   81.910292  215.229312    0.148500    0.314872
   81.908953  215.223791    0.201121    0.426447
   81.907614  215.218274    0.132580    0.281117
   81.906275  215.212758    0.149707    0.317433
   81.904936  215.207243    0.104216    0.220975
   81.903597  215.201734    0.156457    0.331743
   81.902257  215.196231    0.062666    0.132874
   81.900916  215.190741    0.133212    0.282457
   81.899575  215.185264    0.285573    1.075037
   81.898233  215.179793    0.224524    0.500816
   81.896891  215.174323    0.316612    1.367212
   81.895547  215.168850    0.382292    1.985170
   81.894202  215.163369    0.174393    0.369775
   81.892855  215.157888    0.246350    0.706495
   81.891506  215.152409    0.180073    0.381817
   81.890154  215.146938    0.305108    1.259422
   81.888799  215.141475    0.087529    0.185593
   81.887442  215.136010    0.459911    2.715884
   81.886085  215.130539    0.139572    0.295942
   81.884729  215.125050    0.153179    0.324793
   81.883375  215.119540    0.000000    0.000000
   81.882021  215.114023    0.163128    0.345889
   81.880667  215.108503    0.035062    0.074344
   81.879312  215.102985    0.106663    0.226163
   81.877956  215.097473    0.105695    0.224111
   81.876601  215.091964    0.119745    0.253902
   81.875246  215.086458    0.287104    1.091016
   81.873894  215.080958    0.206006    0.436806
   81.872544  215.075464    0.191008    0.405005
   81.869848  215.064485    0.360093    1.777998
   81.868503  215.058993    0.191569    0.406195
   81.867159  215.053497    0.124151    0.263243
   81.865817  215.048004    0.138536    0.293745
   81.864475  215.042516    0.072891    0.154555
   81.863136  215.037037    0.197433    0.418627
   81.861797  215.031569    0.232729    0.580369
   81.860459  215.026109    0.135062    0.286378
   81.859121  215.020658    0.116255    0.246502
   81.857784  215.015218    0.148380    0.314617
   81.856446  215.009789    0.223820    0.496898
   81.855108  215.004366    0.185499    0.393323
   81.853769  214.998948    0.112104    0.237701
   81.852428  214.993533    0.133119    0.282260
   81.851085  214.988119    0.140385    0.297666
   81.849741  214.982704    0.097621    0.206990
   81.848395  214.977288    0.168942    0.358216
   81.847048  214.971863    0.130178    0.276023
   81.845700  214.966430    0.164583    0.348974
   81.844350  214.960994    0.173563    0.368014
   81.842999  214.955558    0.127198    0.269705
   81.841646  214.950128    0.034948    0.074103
   81.840291  214.944705    0.067409    0.142931
   81.838935  214.939282    0.280535    1.031564
   81.837577  214.933857    0.230828    0.564040
   81.836218  214.928425    0.328181    1.479963
   81.834858  214.922986    0.235598    0.609091
   81.833497  214.917542    0.234460    0.598473
   81.832136  214.912093    0.354598    1.728737
   81.830776  214.906637    0.184541    0.391292
   81.829418  214.901172    0.110459    0.234212
   81.828060  214.895707    0.213050    0.451742
   81.826704  214.890242    0.259924    0.838458
   81.825350  214.884781    0.237484    0.627439
   81.823998  214.879326    0.401094    2.166664
   81.822647  214.873878    0.288250    1.105186
   81.821298  214.868438    0.186619    0.395697
   81.819951  214.863011    0.507305    3.166092
   81.818605  214.857598    0.302240    1.237055
   81.817262  214.852195    0.290227    1.124130
   81.815920  214.846803    0.285629    1.080964
   81.814579  214.841421    0.116513    0.247048
   81.813241  214.836051    0.149439    0.316864
   81.811903  214.830686    0.233101    0.587076
   81.810566  214.825325    0.622663    4.251904
   81.809229  214.819961    0.392849    2.090047
   81.807891  214.814595    0.450061    2.628346
   81.806553  214.809230    0.313137    1.340346
   81.805213  214.803867    0.314759    1.355696
   81.803872  214.798509    0.292998    1.151072
   81.802527  214.793156    0.347744    1.666172
   81.801181  214.787805    0.383870    2.006113
   81.799832  214.782454    0.347063    1.659941
   81.798479  214.777104    0.356912    1.752684
   81.797124  214.771753    0.387217    2.037866
   81.795766  214.766399    0.300605    1.223164
   81.794407  214.761039    0.226226    0.523554
   81.793048  214.755668    0.138416    0.293492
   81.791689  214.750285    0.128873    0.273256
   81.790329  214.744897    0.123577    0.262028
   81.788968  214.739506    0.298250    1.201464
   81.787607  214.734115    0.218212    0.462686
   81.786244  214.728726    0.191086    0.405169
   81.784881  214.723339    0.032643    0.069215
   81.782157  214.712575    0.264037    0.880067
   81.780797  214.707202    0.269476    0.931320
   81.779439  214.701832    0.121564    0.257758
   81.776727  214.691095    0.195100    0.413681
   81.775375  214.685725    0.207084    0.439090
   81.774025  214.680358    0.177930    0.377275
   81.772676  214.674993    0.354849    1.734990
   81.771328  214.669628    0.052688    0.111717
   81.769981  214.664266    0.112564    0.238675
   81.768635  214.658912    0.401820    2.177130
   81.767290  214.653568    0.153037    0.324492
   81.765945  214.648247    0.049272    0.104474
   81.764600  214.642948    0.510960    3.204116
   81.763256  214.637657    0.408425    2.239624
   81.761911  214.632369    0.095495    0.202484
   81.760567  214.627071    0.303662    1.254262
   81.759223  214.621761    0.310261    1.316421
   81.757878  214.616448    0.397082    2.133271
   81.756532  214.611134    0.486300    2.972659
   81.755184  214.605821    0.298123    1.202508
   81.753834  214.600510    0.100254    0.212573
   81.752483  214.595200    0.287984    1.107308
   81.751129  214.589891    0.120497    0.255497
   81.749774  214.584585    0.243792    0.691750
   81.748416  214.579281    0.193231    0.409718
   81.747057  214.573977    0.135869    0.288090
   81.745697  214.568672    0.177380    0.376108
   81.744335  214.563363    0.147873    0.313543
   81.742973  214.558049    0.276233    0.997385
   81.741609  214.552732    0.331511    1.517492
   81.740245  214.547410    0.167246    0.354619
   81.738880  214.542079    0.133681    0.283450
   81.737514  214.536739    0.142099    0.301301
   81.736149  214.531398    0.184370    0.390930
   81.734784  214.526058    0.192066    0.407247
   81.733420  214.520726    0.129402    0.274378
   81.732058  214.515404    0.266763    0.909016
   81.729338  214.504781    0.072677    0.154100
   81.727980  214.499485    0.298538    1.208199
   81.726623  214.494202    0.309797    1.314212
   81.725268  214.488924    0.150629    0.319386
   81.723915  214.483650    0.144564    0.306526
   81.722565  214.478375    0.105995    0.224747
   81.721217  214.473097    0.071151    0.150864
   81.718529  214.462548    0.062075    0.131622
   81.717187  214.457276    0.108989    0.231096
   81.715847  214.452008    0.259609    0.842779
   81.714507  214.446744    0.253709    0.787363
   81.713167  214.441487    0.141213    0.299421
   81.711825  214.436242    0.074657    0.158298
   81.710482  214.431010    0.102326    0.216966
   81.709137  214.425783    0.282801    1.061399
   81.707790  214.420558    0.295710    1.182927
   81.706440  214.415335    0.357147    1.760976
   81.705088  214.410111    0.192708    0.408609
   81.703733  214.404881    0.154865    0.328368
   81.702376  214.399643    0.383162    2.005976
   81.701016  214.394387    0.644140    4.461174
   81.699653  214.389111    0.738112    5.345286
   81.698288  214.383826    0.344230    1.639992
   81.696922  214.378537    0.439242    2.533895
   81.694182  214.367964    0.257341    0.822866
   81.692810  214.362682    0.295628    1.183132
   81.691439  214.357403    0.600755    4.053659
   81.690067  214.352132    0.285202    1.085233
   81.688697  214.346870    0.185809    0.393980
   81.687328  214.341612    0.319294    1.406132
   81.685961  214.336360    0.173402    0.367674
   81.684595  214.331111    0.358777    1.777742
   81.683233  214.325865    0.344703    1.645426
   81.681872  214.320624    0.284874    1.082687
   81.680513  214.315386    0.474401    2.865721
   81.679156  214.310151    0.363669    1.824116
   81.677800  214.304918    0.344833    1.647008
   81.676445  214.299691    0.195392    0.414301
   81.675092  214.294471    0.106452    0.225716
   81.673741  214.289261    0.349507    1.691240
   81.672392  214.284064    0.205970    0.436729
   81.671044  214.278872    0.162744    0.345075
   81.669698  214.273685    0.195340    0.414189
   81.668354  214.268500    0.295802    1.186372
   81.667012  214.263314    0.303777    1.261486
   81.665670  214.258129    0.214877    0.455615
   81.664328  214.252942    0.353610    1.730461
   81.662986  214.247749    0.503337    3.139072
   81.661642  214.242551    0.396804    2.136976
   81.660296  214.237351    0.540933    3.492934
   81.658948  214.232151    0.440560    2.548779
   81.657595  214.226954    0.323661    1.449156
   81.656236  214.221760    0.381224    1.990760
   81.654875  214.216566    0.325782    1.469286
   81.653510  214.211368    0.319700    1.412163
   81.652143  214.206165    0.303176    1.256804
   81.650775  214.200953    0.309408    1.315518
   81.649405  214.195738    0.305474    1.278594
   81.648033  214.190520    0.344599    1.646749
   81.646659  214.185299    0.117615    0.249385
   81.645284  214.180077    0.268193    0.928149
   81.643909  214.174855    0.201524    0.427301
   81.641163  214.164419    0.372765    1.912167
   81.639793  214.159208    0.322685    1.441131
   81.638426  214.154004    0.350743    1.705172
   81.637059  214.148808    0.249502    0.752852
   81.635692  214.143627    0.454964    2.685792
   81.634326  214.138462    0.311475    1.336028
   81.632961  214.133304    0.553989    3.617535
   81.631598  214.128152    0.267828    0.925606
   81.630240  214.123001    0.283399    1.072179
   81.628886  214.117850    0.201703    0.427682
   81.627535  214.112700    0.524374    3.339285
   81.626185  214.107552    0.482625    2.946623
   81.624836  214.102407    0.359362    1.787141
   81.623488  214.097263    0.539313    3.480086
   81.622140  214.092121    0.353171    1.729073
   81.620792  214.086979    0.336846    1.575586
   81.619446  214.081837    0.296229    1.193578
   81.618100  214.076694    0.547144    3.554101
   81.616754  214.071551    0.353554    1.733029
   81.615407  214.066408    0.241798    0.681791
   81.614058  214.061268    0.133107    0.282234
   81.612707  214.056130    0.266762    0.916807
   81.611353  214.050991    0.589505    3.953052
   81.609997  214.045848    0.315300    1.373593
   81.608637  214.040696    0.370975    1.897440
   81.607273  214.035535    0.144651    0.306711
   81.605906  214.030369    0.083791    0.177667
   81.604538  214.025203    0.154056    0.326652
   81.603169  214.020039    0.158700    0.336500
   81.601799  214.014879    0.153565    0.325613
   81.600429  214.009720    0.105702    0.224125
   81.599058  214.004564    0.228498    0.557732
   81.597686  213.999411    0.292913    1.163790
   81.596314  213.994260    0.388108    2.059412
   81.594941  213.989112    0.243964    0.703494
   81.593569  213.983967    0.122722    0.260213
   81.592197  213.978823    0.081976    0.173818
   81.589454  213.968541    0.067943    0.144063
   81.588084  213.963405    0.135669    0.287666
   81.586716  213.958274    0.354694    1.745692
   81.585350  213.953147    0.284580    1.086197
   81.583985  213.948027    0.490457    3.023041
   81.582622  213.942914    0.168542    0.357368
   81.581261  213.937810    0.001072    0.002274
   81.579902  213.932718    0.053213    0.112830
   81.577188  213.922545    0.042765    0.090678
   81.575834  213.917459    0.156810    0.332493
   81.574482  213.912370    0.142049    0.301195
   81.573131  213.907282    0.193980    0.411305
   81.571780  213.902195    0.396187    2.136988
   81.570430  213.897111    0.508475    3.193411
   81.569080  213.892029    0.159146    0.337446
   81.567730  213.886947    0.294485    1.180506
   81.566379  213.881866    0.353402    1.734839
   81.565027  213.876786    0.260504    0.861009
   81.563673  213.871705    0.259858    0.855015
   81.562318  213.866623    0.225808    0.534783
   81.560961  213.861537    0.219456    0.475117
   81.559601  213.856447    0.273653    0.985054
   81.558238  213.851350    0.258475    0.842356
   81.556874  213.846249    0.392596    2.104159
   81.555507  213.841145    0.747561    5.443525
   81.554139  213.836035    0.400307    2.176874
   81.552769  213.830919    0.164343    0.348466
   81.551397  213.825804    0.188828    0.400381
   81.550024  213.820690    0.251615    0.778346
   81.548649  213.815583    0.342713    1.635416
   81.547271  213.810484    0.145238    0.307955
   81.544516  213.800303    0.417039    2.334900
   81.543141  213.795219    0.151191    0.320579
   81.541770  213.790139    0.208378    0.441835
   81.540400  213.785066    0.505848    3.170624
   81.539031  213.780000    0.157376    0.333693
   81.537663  213.774942    0.449554    2.641228
   81.536295  213.769895    0.229404    0.570287
   81.534928  213.764854    0.608293    4.134722
   81.533564  213.759818    0.269269    0.945496
   81.532203  213.754783    0.455112    2.693872
   81.530846  213.749748    0.000000    0.000000
   81.529492  213.744718    0.034039    0.072175
   81.528139  213.739693    0.406397    2.235859
   81.526786  213.734677    0.575738    3.828998
   81.525434  213.729671    0.157738    0.334460
   81.524083  213.724668    0.302802    1.261580
   81.522731  213.719665    0.148287    0.314421
   81.521378  213.714660    0.405859    2.231244
   81.520024  213.709650    0.114731    0.243271
   81.518669  213.704635    0.160783    0.340916
   81.517312  213.699615    0.166208    0.352420
   81.515953  213.694584    0.184396    0.390984
   81.514593  213.689543    0.078267    0.165955
   81.513230  213.684498    0.235656    0.630622
   81.511866  213.679450    0.947555    7.327786
   81.510499  213.674404    0.164309    0.348393
   81.509129  213.669362    0.295179    1.190845
   81.507758  213.664320    0.267424    0.929841
   81.506386  213.659276    0.181241    0.384295
   81.505012  213.654229    0.304761    1.281262
   81.503638  213.649177    0.273952    0.991517
   81.502263  213.644127    0.259107    0.851955
   81.500888  213.639081    0.006943    0.014722
   81.499514  213.634046    0.351226    1.718729
   81.498139  213.629023    0.331563    1.533842
   81.496765  213.624007    0.192377    0.407906
   81.494017  213.613992    0.416726    2.335273
   81.492642  213.608990    0.520145    3.308261
   81.491269  213.603993    0.654460    4.571901
   81.489897  213.599000    0.331772    1.536350
   81.488527  213.594013    0.345441    1.665028
   81.487160  213.589033    0.459495    2.738069
   81.485795  213.584054    0.162923    0.345455
   81.484431  213.579074    0.189377    0.401545
   81.483068  213.574088    0.159547    0.338296
   81.481705  213.569093    0.394271    2.124841
   81.480344  213.564098    0.390419    2.088689
   81.478983  213.559105    0.023382    0.049579
   81.477623  213.554119    0.213957    0.453665
   81.476265  213.549143    0.413746    2.308398
   81.474908  213.544169    0.032410    0.068721
   81.473550  213.539197    0.239031    0.664974
   81.472192  213.534225    0.288445    1.129917
   81.470833  213.529252    0.214249    0.454284
   81.469473  213.524274    0.214100    0.453967
   81.468112  213.519289    0.111784    0.237022
   81.466749  213.514289    0.190065    0.403005
   81.465383  213.509272    0.162108    0.343726
   81.464016  213.504250    0.186150    0.394703
   81.462647  213.499229    0.148630    0.315148
   81.461279  213.494218    0.174039    0.369023
   81.459911  213.489221    0.112704    0.238972
   81.458542  213.484229    0.053226    0.112859
   81.457172  213.479242    0.153800    0.326110
   81.455799  213.474257    0.191772    0.406625
   81.454424  213.469275    0.175310    0.371720
   81.453047  213.464297    0.080429    0.170538
   81.451670  213.459324    0.145844    0.309241
   81.450294  213.454358    0.132695    0.281361
   81.448918  213.449399    0.066087    0.140127
   81.447544  213.444444    0.000000    0.000000
   81.446170  213.439496    0.015717    0.033326
   81.440688  213.419745    0.068463    0.145166
   81.439320  213.414816    0.218682    0.475782
   81.437953  213.409889    0.096457    0.204523
   81.436587  213.404964    0.153396    0.325254
   81.435221  213.400040    0.075090    0.159217
   81.431123  213.385288    0.122234    0.259178
   81.429758  213.380366    0.043848    0.092974
   81.427029  213.370482    0.013757    0.029171
   81.424300  213.360570    0.083626    0.177316
   81.422935  213.355613    0.105309    0.223292
   81.421570  213.350657    0.064825    0.137452
   81.420205  213.345703    0.147084    0.311869
   81.418839  213.340753    0.209584    0.444391
   81.416103  213.330879    0.325837    1.485339
   81.413363  213.321023    0.033810    0.071690
   81.411993  213.316091    0.081747    0.173333
   81.410621  213.311154    0.173851    0.368624
   81.409250  213.306219    0.237239    0.652311
   81.407877  213.301287    0.133266    0.282571
   81.406503  213.296362    0.110861    0.235065
   81.405128  213.291445    0.217227    0.464318
   81.403753  213.286534    0.291872    1.166619
   81.402377  213.281630    0.102821    0.218018
   81.401001  213.276736    0.086161    0.182691
   81.399625  213.271852    0.108980    0.231076
   81.398248  213.266974    0.063733    0.135136
   81.396872  213.262101    0.152992    0.324397
   81.395496  213.257232    0.080510    0.170709
   81.394119  213.252366    0.160358    0.340015
   81.392743  213.247501    0.046510    0.098618
   81.391367  213.242636    0.150834    0.319821
   81.389992  213.237766    0.216204    0.458428
   81.388618  213.232890    0.257795    0.847027
   81.387245  213.228013    0.150582    0.319287
   81.385873  213.223136    0.263743    0.903157
   81.384505  213.218260    0.234305    0.626318
   81.383139  213.213386    0.342434    1.643611
   81.381775  213.208514    0.249581    0.770197
   81.379047  213.198772    0.229772    0.584025
   81.377683  213.193904    0.112967    0.239529
   81.376319  213.189034    0.233362    0.617968
   81.374955  213.184161    0.458687    2.737767
   81.373590  213.179278    0.308207    1.322240
   81.372226  213.174385    0.137563    0.291682
   81.370861  213.169488    0.141257    0.299515
   81.369496  213.164588    0.217315    0.467451
   81.368129  213.159686    0.156766    0.332398
   81.365393  213.149881    0.272546    0.987295
   81.364023  213.144983    0.133393    0.282840
   81.362651  213.140092    0.116806    0.247671
   81.361277  213.135211    0.209782    0.444812
   81.359902  213.130336    0.215063    0.456010
   81.358526  213.125468    0.149016    0.315966
   81.355774  213.115755    0.269567    0.959897
   81.351644  213.101227    0.170904    0.362378
   81.350266  213.096391    0.141792    0.300649
   81.348889  213.091558    0.209637    0.444505
   81.347512  213.086729    0.213473    0.452639
   81.346137  213.081906    0.172995    0.366811
   81.344765  213.077090    0.172354    0.365450
   81.343394  213.072274    0.164818    0.349473
   81.342023  213.067456    0.229604    0.584834
   81.339280  213.057796    0.544782    3.549997
   81.337908  213.052959    0.200765    0.425692
   81.336536  213.048123    0.129640    0.274882
   81.335165  213.043296    0.262825    0.897794
   81.333795  213.038477    0.206949    0.438804
   81.332426  213.033660    0.150921    0.320007
   81.329690  213.024024    0.119202    0.252750
   81.328324  213.019202    0.181353    0.384532
   81.326957  213.014375    0.102437    0.217202
   81.325590  213.009542    0.058065    0.123119
   81.324224  213.004697    0.162076    0.343658
   81.322857  212.999839    0.212751    0.451106
   81.321490  212.994976    0.077587    0.164512
   81.320121  212.990113    0.137972    0.292549
   81.318752  212.985254    0.233531    0.623280
   81.317380  212.980401    0.340908    1.633496
   81.316008  212.975554    0.107722    0.228409
   81.314634  212.970716    0.202939    0.430302
   81.313259  212.965894    0.150547    0.319212
   81.311881  212.961089    0.289529    1.150508
   81.310503  212.956291    0.326128    1.494900
   81.307745  212.946693    0.268925    0.956944
   81.306366  212.941880    0.177833    0.377069
   81.304988  212.937070    0.099244    0.210433
   81.303610  212.932266    0.064764    0.137323
   81.302233  212.927477    0.131889    0.279652
   81.300858  212.922706    0.188825    0.400376
   81.296728  212.908410    0.328097    1.514301
   81.295348  212.903635    0.205794    0.436356
   81.293967  212.898859    0.194794    0.413033
   81.292587  212.894081    0.421761    2.395700
   81.291207  212.889302    0.247026    0.751991
   81.289829  212.884522    0.207209    0.439356
   81.288452  212.879742    0.158254    0.335555
   81.287076  212.874959    0.330356    1.536174
   81.285702  212.870174    0.189659    0.402144
   81.284329  212.865387    0.237589    0.663660
   81.282958  212.860597    0.178189    0.377823
   81.281588  212.855807    0.379770    2.001375
   81.278846  212.846217    0.264962    0.921521
   81.277475  212.841422    0.240112    0.687842
   81.276104  212.836628    0.217158    0.471997
   81.274733  212.831838    0.224617    0.542257
   81.273362  212.827054    0.458257    2.740277
   81.271990  212.822273    0.543352    3.540886
   81.270619  212.817492    0.695645    4.973647
   81.269248  212.812710    0.348400    1.707093
   81.267877  212.807926    0.260837    0.883445
   81.266505  212.803144    0.294857    1.203574
   81.265133  212.798366    0.587199    3.953820
   81.263760  212.793592    0.208081    0.441204
   81.262385  212.788826    0.217066    0.472037
   81.261009  212.784067    0.180382    0.382473
   81.259631  212.779317    0.201411    0.427063
   81.258252  212.774583    0.230209    0.595942
   81.256872  212.769864    0.206218    0.437255
   81.255491  212.765150    0.228074    0.576044
   81.254109  212.760436    0.338895    1.618664
   81.252726  212.755711    0.446545    2.631452
   81.251343  212.750973    0.220180    0.502051
   81.249959  212.746231    0.224103    0.539043
   81.248576  212.741486    0.207993    0.441019
   81.247194  212.736742    0.219026    0.491467
   81.244433  212.727259    0.221968    0.519325
   81.241673  212.717791    0.138990    0.294708
   81.240292  212.713069    0.155431    0.329569
   81.238912  212.708349    0.092055    0.195188
   81.237532  212.703629    0.158075    0.335176
   81.236153  212.698902    0.118443    0.251140
   81.234774  212.694168    0.122901    0.260593
   81.233397  212.689432    0.282289    1.087503
   81.232021  212.684695    0.348683    1.712186
   81.229278  212.675226    0.245685    0.743426
   81.227910  212.670495    0.316406    1.408815
   81.226542  212.665765    0.166238    0.352483
   81.225173  212.661035    0.252874    0.811322
   81.223804  212.656306    0.306789    1.318611
   81.222434  212.651580    0.348852    1.714402
   81.219692  212.642148    0.238602    0.677416
   81.218320  212.637447    0.309553    1.344974
   81.216947  212.632749    0.251771    0.801480
   81.215572  212.628052    0.335078    1.585273
   81.214196  212.623354    0.352192    1.746353
   81.212818  212.618652    0.152632    0.323634
   81.211439  212.613947    0.241360    0.703905
   81.210059  212.609241    0.138697    0.294087
   81.208678  212.604526    0.243693    0.726031
   81.207297  212.599805    0.185970    0.394323
   81.205914  212.595086    0.167581    0.355330
   81.204531  212.590371    0.190439    0.403799
   81.201761  212.580985    0.240917    0.700369
   81.200375  212.576307    0.209218    0.443615
   81.198989  212.571634    0.310475    1.354904
   81.197604  212.566966    0.222081    0.523435
   81.196221  212.562299    0.185542    0.393415
   81.194839  212.557631    0.114060    0.241848
   81.193456  212.552960    0.181339    0.384502
   81.190692  212.543580    0.111516    0.236452
   81.189311  212.538882    0.416017    2.348400
   81.187930  212.534185    0.190235    0.403366
   81.186552  212.529499    0.232202    0.619365
   81.185175  212.524827    0.251541    0.801389
   81.183800  212.520157    0.336274    1.598590
   81.182424  212.515488    0.135398    0.287092
   81.181048  212.510814    0.524837    3.372642
   81.179671  212.506134    0.171904    0.364497
   81.178293  212.501451    0.158172    0.335381
   81.176916  212.496766    0.421584    2.401574
   81.175538  212.492078    0.206239    0.437299
   81.174160  212.487389    0.298539    1.244223
   81.172781  212.482700    0.217623    0.483108
   81.170023  212.473321    0.143469    0.304204
   81.167264  212.463950    0.165417    0.350742
   81.165884  212.459278    0.063548    0.134744
   81.164506  212.454628    0.098422    0.208689
   81.163128  212.450001    0.107783    0.228537
   81.160374  212.440765    0.104509    0.221596
   81.158996  212.436139    0.184767    0.391771
   81.157618  212.431500    0.228066    0.582338
   81.156238  212.426858    0.260562    0.888124
   81.154858  212.422216    0.238041    0.676347
   81.153477  212.417574    0.209735    0.444712
   81.152095  212.412936    0.200683    0.425519
   81.150712  212.408300    0.188319    0.399302
   81.149329  212.403666    0.256162    0.847176
   81.147944  212.399038    0.273687    1.012129
   81.145174  212.389794    0.128588    0.272653
   81.143789  212.385170    0.318373    1.432773
   81.142406  212.380540    0.141014    0.298999
   81.141024  212.375902    0.059320    0.125779
   81.139643  212.371260    0.165112    0.350096
   81.138262  212.366615    0.213768    0.453263
   81.134117  212.352657    0.232070    0.621524
   81.131355  212.343363    0.245944    0.752215
   81.129976  212.338728    0.269503    0.973930
   81.128598  212.334098    0.237834    0.676102
   81.127221  212.329472    0.296289    1.226097
   81.125845  212.324847    0.213800    0.453332
   81.123099  212.315603    0.251731    0.807192
   81.121727  212.310988    0.247817    0.770453
   81.120354  212.306380    0.196321    0.416269
   81.117608  212.297186    0.204945    0.434555
   81.116234  212.292591    0.331095    1.554236
   81.114859  212.287993    0.131617    0.279075
   81.113484  212.283391    0.155454    0.329617
   81.112106  212.278789    0.222044    0.528618
   81.110728  212.274188    0.418029    2.372412
   81.109346  212.269592    0.149402    0.316785
   81.107962  212.265000    0.300706    1.268892
   81.106576  212.260411    0.172278    0.365291
   81.105189  212.255823    0.120496    0.255495
   81.102408  212.246648    0.226608    0.572185
   81.101016  212.242060    0.274395    1.021816
   81.099625  212.237470    0.222035    0.529338
   81.098235  212.232875    0.275684    1.034122
   81.096847  212.228275    0.253524    0.825749
   81.094075  212.219077    0.247778    0.771867
   81.092690  212.214489    0.310723    1.364100
   81.091304  212.209911    0.265797    0.941553
   81.089919  212.205336    0.248720    0.780995
   81.088535  212.200762    0.294016    1.207196
   81.085770  212.191602    0.312562    1.381851
   81.084389  212.187018    0.267012    0.953434
   81.083009  212.182434    0.244545    0.742166
   81.081629  212.177846    0.255213    0.842611
   81.080248  212.173256    0.223989    0.548965
   81.078868  212.168669    0.275776    1.036229
   81.077488  212.164086    0.244172    0.739008
   81.076111  212.159515    0.272245    1.003188
   81.074734  212.154957    0.287302    1.144929
   81.073358  212.150404    0.255576    0.846561
   81.071982  212.145854    0.202241    0.428822
   81.070604  212.141302    0.218639    0.499253
   81.069225  212.136746    0.211874    0.449248
   81.067846  212.132192    0.333690    1.581759
   81.066466  212.127639    0.278647    1.064038
   81.065087  212.123093    0.314100    1.397646
   81.063708  212.118552    0.187438    0.397435
   81.062328  212.114012    0.251809    0.811823
   81.060947  212.109473    0.191395    0.405824
   81.059564  212.104929    0.247792    0.774212
   81.056791  212.095832    0.269251    0.976261
   81.055402  212.091286    0.245732    0.755098
   81.054014  212.086750    0.322381    1.476252
   81.051237  212.077702    0.254145    0.834512
   81.049847  212.073180    0.226949    0.578754
   81.048457  212.068656    0.232931    0.635124
   81.047065  212.064127    0.269958    0.983537
   81.045674  212.059595    0.258078    0.871867
   81.044282  212.055060    0.205526    0.435788
   81.041503  212.045968    0.262625    0.914907
   81.040115  212.041418    0.210982    0.447356
   81.038728  212.036871    0.383727    2.054330
   81.037341  212.032334    0.212391    0.450344
   81.035955  212.027808    0.264969    0.937308
   81.034569  212.023287    0.295910    1.228472
   81.033184  212.018767    0.177139    0.375597
   81.031799  212.014244    0.159072    0.337289
   81.030413  212.009717    0.222913    0.542025
   81.029029  212.005190    0.135733    0.287801
   81.027646  212.000663    0.114242    0.242234
   81.026266  211.996137    0.284013    1.117079
   81.024890  211.991611    0.173217    0.367282
   81.023514  211.987088    0.226157    0.572982
   81.022139  211.982567    0.151373    0.320965
   81.020761  211.978049    0.117676    0.249515
   81.019382  211.973536    0.142406    0.301950
   81.018001  211.969027    0.186961    0.396423
   81.016618  211.964523    0.308161    1.344863
   81.015235  211.960028    0.183504    0.389094
   81.013851  211.955542    0.115422    0.244734
   81.012467  211.951059    0.174021    0.368986
   81.011081  211.946575    0.333556    1.584125
   81.009694  211.942087    0.150145    0.318361
   81.008306  211.937591    0.141982    0.301051
   81.006918  211.933092    0.146864    0.311404
   81.005528  211.928590    0.135811    0.287968
   81.004138  211.924084    0.114257    0.242266
   81.001353  211.915067    0.143872    0.305060
   80.998566  211.906070    0.216444    0.483241
   80.997172  211.901588    0.244826    0.750333
   80.995778  211.897110    0.151281    0.320769
   80.994384  211.892633    0.135898    0.288153
   80.992992  211.888149    0.202080    0.428482
   80.991603  211.883658    0.226852    0.581608
   80.990215  211.879164    0.249905    0.798569
   80.988828  211.874668    0.104287    0.221125
   80.987441  211.870169    0.177356    0.376058
   80.984668  211.861168    0.421743    2.415475
   80.983282  211.856670    0.175669    0.372481
   80.981897  211.852178    0.281533    1.096648
   80.980512  211.847693    0.295834    1.231278
   80.979128  211.843215    0.186711    0.395893
   80.976363  211.834285    0.259254    0.887428
   80.974982  211.829837    0.230295    0.615089
   80.973602  211.825394    0.214517    0.466748
   80.972223  211.820952    0.217642    0.496237
   80.970845  211.816501    0.286711    1.146083
   80.969470  211.812041    0.228821    0.601584
   80.966719  211.803122    0.142570    0.302299
   80.965340  211.798670    0.158485    0.336044
   80.963959  211.794226    0.182381    0.386711
   80.962576  211.789785    0.156252    0.331309
   80.961191  211.785346    0.237713    0.685776
   80.959804  211.780907    0.130551    0.276815
   80.957025  211.772026    0.160294    0.339879
   80.955634  211.767585    0.302131    1.292141
   80.954241  211.763145    0.167972    0.356160
   80.952847  211.758706    0.269367    0.984110
   80.951452  211.754264    0.401460    2.226844
   80.950057  211.749819    0.193503    0.410295
   80.948661  211.745364    0.268930    0.980265
   80.945871  211.736434    0.297976    1.253688
   80.944476  211.731970    0.240669    0.714674
   80.941686  211.723068    0.270969    0.999903
   80.940292  211.718628    0.416494    2.368989
   80.938899  211.714190    0.172260    0.365252
   80.937509  211.709757    0.331687    1.571369
   80.936122  211.705325    0.258804    0.885820
   80.934737  211.700894    0.222861    0.547778
   80.933353  211.696464    0.270513    0.996150
   80.931970  211.692027    0.147384    0.312505
   80.930588  211.687585    0.147582    0.312925
   80.927826  211.678711    0.240112    0.710511
   80.926445  211.674293    0.191774    0.406629
   80.925065  211.669892    0.317746    1.441024
   80.923685  211.665497    0.552720    3.651587
   80.922304  211.661105    0.228107    0.597935
   80.920922  211.656711    0.222732    0.547457
   80.919538  211.652312    0.061444    0.130283
   80.916767  211.643508    0.245597    0.762830
   80.915379  211.639100    0.217646    0.499977
   80.912598  211.630275    0.219942    0.521756
   80.911206  211.625862    0.272856    1.019624
   80.909815  211.621453    0.249894    0.803699
   80.908425  211.617049    0.308098    1.351334
   80.905641  211.608244    0.313376    1.401167
   80.904247  211.603840    0.178683    0.378870
   80.902850  211.599435    0.181232    0.384275
   80.901452  211.595031    0.192516    0.408202
   80.900054  211.590629    0.245712    0.764987
   80.898657  211.586234    0.275477    1.045092
   80.897261  211.581844    0.320685    1.470464
   80.895865  211.577457    0.259621    0.896108
   80.893075  211.568678    0.270241    0.996188
   80.891681  211.564281    0.353693    1.781340
   80.890286  211.559882    0.264907    0.946191
   80.888893  211.555485    0.402301    2.238796
   80.887500  211.551086    0.247334    0.781053
   80.886109  211.546689    0.154943    0.328535
   80.884719  211.542296    0.215619    0.482883
   80.883330  211.537907    0.232527    0.642032
   80.881943  211.533532    0.277224    1.062597
   80.880558  211.529169    0.276822    1.058907
   80.879174  211.524810    0.264582    0.943850
   80.877791  211.520450    0.248032    0.788243
   80.876407  211.516081    0.552839    3.655756
   80.875024  211.511701    0.419419    2.400723
   80.873640  211.507319    0.349378    1.741913
   80.870872  211.498568    0.156166    0.331127
   80.869487  211.494206    0.326178    1.523931
   80.868101  211.489849    0.192034    0.407180
   80.866714  211.485494    0.399987    2.218449
   80.863932  211.476788    0.297828    1.257587
   80.862538  211.472434    0.391414    2.138066
   80.861143  211.468078    0.404049    2.257020
   80.859748  211.463716    0.386632    2.093261
   80.858352  211.459349    0.366733    1.906153
   80.856955  211.454978    0.246571    0.775845
   80.855557  211.450604    0.340550    1.660027
   80.854158  211.446226    0.228407    0.605142
   80.852757  211.441844    0.363562    1.876684
   80.851356  211.437463    0.336426    1.621500
   80.849954  211.433086    0.275528    1.048694
   80.848552  211.428722    0.345485    1.706898
   80.847152  211.424371    0.291637    1.200421
   80.845752  211.420026    0.265665    0.956184
   80.844353  211.415683    0.197012    0.417735
   80.842955  211.411337    0.246835    0.779216
   80.841558  211.406986    0.313789    1.409171
   80.840162  211.402637    0.251600    0.824221
   80.838768  211.398292    0.271415    1.010725
   80.837376  211.393955    0.367386    1.913645
   80.835986  211.389630    0.398281    2.204374
   80.834598  211.385308    0.609905    4.195281
   80.833212  211.380990    0.252581    0.833901
   80.831827  211.376671    0.305442    1.331266
   80.830444  211.372349    0.490037    3.067907
   80.827680  211.363718    0.297018    1.252285
   80.826299  211.359417    0.229824    0.620255
   80.824919  211.355130    0.286762    1.155985
   80.823540  211.350845    0.271703    1.014402
   80.822159  211.346561    0.412054    2.334824
   80.820777  211.342271    0.228709    0.610126
   80.818008  211.333669    0.226001    0.584822
   80.815234  211.325045    0.166267    0.352544
   80.813845  211.320723    0.256862    0.875405
   80.812454  211.316397    0.254059    0.849129
   80.811061  211.312072    0.223066    0.557656
   80.809665  211.307753    0.396177    2.186262
   80.808267  211.303440    0.323503    1.502676
   80.806867  211.299128    0.396444    2.188946
   80.805465  211.294813    0.292726    1.213326
   80.804063  211.290490    0.265629    0.958510
   80.801256  211.281823    0.336037    1.621042
   80.799851  211.277490    0.211398    0.448611
   80.795636  211.264530    0.209255    0.443695
   80.794233  211.260220    0.326365    1.530495
   80.792833  211.255912    0.251899    0.830058
   80.791438  211.251606    0.400106    2.224381
   80.790045  211.247305    0.382315    2.057105
   80.788653  211.243010    0.278635    1.081842
   80.781714  211.221647    0.234500    0.667086
   80.780330  211.217377    0.317756    1.450397
   80.778948  211.213109    0.098185    0.208186
   80.774805  211.200311    0.178673    0.378850
   80.772041  211.191786    0.259545    0.903309
   80.770656  211.187527    0.140967    0.298900
   80.769268  211.183270    0.229759    0.623282
   80.767877  211.179012    0.201958    0.428222
   80.766484  211.174751    0.237910    0.700135
   80.765088  211.170482    0.236883    0.690569
   80.763691  211.166206    0.399740    2.222708
   80.762291  211.161925    0.315606    1.431311
   80.759488  211.153353    0.421845    2.430917
   80.758085  211.149062    0.318986    1.463376
   80.756681  211.144769    0.468487    2.869879
   80.755276  211.140476    0.389073    2.122885
