Converting ICESat/GLAS binary freeboard vector data to ASCII
Wed Feb 12 09:57:40 2014

write_fb:
  file_in:       laser3k0086002.dat
  laser_period:  3k
  track:         0086
  cycle:         002
  file_out:      laser3k0086002.txt
  non_zero_only:        0
  nan_replace:       -999

read_fb:
  Year:                  2008
  Month:                   10
  Day:                     15
  Hour:                     2
  Minute:                  57
  Doy:                    289
  record_count:          1444
  non_zero_count:        1438
  nan_count:                0

    Latitude   Longitude   Freeboard   Thickness
   81.103330   71.506666    0.135048    0.856074
   81.104712   71.502076    0.325245    2.645035
   81.107477   71.492902    0.218659    1.641783
   81.113002   71.474570    0.252269    1.956826
   81.115765   71.465383    0.223909    1.689461
   81.119910   71.451578    0.303823    2.440388
   81.122671   71.442388    0.270234    2.123842
   81.124052   71.437792    0.233874    1.781507
   81.125433   71.433191    0.285072    2.262858
   81.128199   71.423975    0.241976    1.856875
   81.129583   71.419360    0.204619    1.505161
   81.132350   71.410113    0.266404    2.085820
   81.133733   71.405484    0.201794    1.477732
   81.137878   71.391591    0.232064    1.761638
   81.140639   71.382335    0.234451    1.783524
   81.142019   71.377708    0.279268    2.204853
   81.143400   71.373084    0.207951    1.533666
   81.144780   71.368461    0.244607    1.878213
   81.146161   71.363838    0.260592    2.028306
   81.147540   71.359215    0.288058    2.286405
   81.148919   71.354594    0.226054    1.702832
   81.150296   71.349972    0.240573    1.839127
   81.151673   71.345348    0.235469    1.790836
   81.154426   71.336090    0.292676    2.328432
   81.155802   71.331458    0.285406    2.259762
   81.157179   71.326825    0.280128    2.209826
   81.158558   71.322194    0.276900    2.179169
   81.159941   71.317572    0.275641    2.167044
   81.161324   71.312945    0.183855    1.303300
   81.164091   71.303659    0.209343    1.542503
   81.165473   71.298980    0.246040    1.887438
   81.166855   71.294290    0.310473    2.493295
   81.168236   71.289595    0.246563    1.891791
   81.169619   71.284898    0.331418    2.689767
   81.171002   71.280205    0.246520    1.890817
   81.172385   71.275515    0.292156    2.319837
   81.173769   71.270828    0.210926    1.555398
   81.175151   71.266149    0.204277    1.492561
   81.180674   71.247490    0.275298    2.159544
   81.182050   71.242818    0.175253    1.218098
   81.186177   71.228787    0.154496    1.021979
   81.187552   71.224107    0.314758    2.529331
   81.188928   71.219427    0.176847    1.231671
   81.191684   71.210067    0.296218    2.354069
   81.193066   71.205389    0.311135    2.494110
   81.194450   71.200710    0.285064    2.248564
   81.195833   71.196028    0.291979    2.313332
   81.198593   71.186650    0.123131    0.724352
   81.199971   71.181953    0.227431    1.705251
   81.202726   71.172550    0.188461    1.338079
   81.204106   71.167842    0.292898    2.320273
   81.205486   71.163133    0.268916    2.094378
   81.206865   71.158425    0.326939    2.639938
   81.208245   71.153721    0.186703    1.320402
   81.209622   71.149027    0.362749    2.976241
   81.211000   71.144333    0.209956    1.538589
   81.212378   71.139638    0.205752    1.498752
   81.215138   71.130229    0.200246    1.446386
   81.223414   71.101925    0.192376    1.370635
   81.224790   71.097207    0.284611    2.238042
   81.226166   71.092493    0.209863    1.534582
   81.227542   71.087779    0.303732    2.417348
   81.228918   71.083067    0.151969    0.989383
   81.230294   71.078355    0.331838    2.681184
   81.231671   71.073645    0.232729    1.748546
   81.233048   71.068933    0.279590    2.189104
   81.234424   71.064222    0.206761    1.503687
   81.238545   71.050077    0.258249    1.987201
   81.241291   71.040639    0.197499    1.415142
   81.248172   71.017019    0.284472    2.231905
   81.249551   71.012290    0.239249    1.806193
   81.250931   71.007560    0.207026    1.502775
   81.252310   71.002828    0.073519    0.364405
   81.253687   70.998095    0.202652    1.461058
   81.257818   70.983884    0.127865    0.756664
   81.259198   70.979141    0.197942    1.415612
   81.260578   70.974397    0.255215    1.954116
   81.261958   70.969651    0.151178    0.975118
   81.263337   70.964903    0.269249    2.085566
   81.264716   70.960155    0.229183    1.708372
   81.266093   70.955406    0.178612    1.232348
   81.267470   70.950656    0.136883    0.839500
   81.268846   70.945906    0.321101    2.572219
   81.270220   70.941156    0.254131    1.941929
   81.271593   70.936404    0.219412    1.615027
   81.274338   70.926891    0.245935    1.863973
   81.277085   70.917358    0.246358    1.867384
   81.278459   70.912589    0.253663    1.935824
   81.279832   70.907819    0.237485    1.783348
   81.281205   70.903050    0.246056    1.863694
   81.283951   70.893514    0.218292    1.601940
   81.285325   70.888748    0.170873    1.155571
   81.289452   70.874454    0.227650    1.688837
   81.290830   70.869675    0.260653    1.999025
   81.292208   70.864877    0.268025    2.068094
   81.293586   70.860075    0.220303    1.618870
   81.294965   70.855269    0.292960    2.302089
   81.296343   70.850467    0.201524    1.441635
   81.299096   70.840880    0.287733    2.252073
   81.300472   70.836089    0.169924    1.143517
   81.301848   70.831300    0.243473    1.835138
   81.304600   70.821728    0.248914    1.885755
   81.305975   70.816940    0.209588    1.515522
   81.307350   70.812149    0.254337    1.936207
   81.308724   70.807352    0.261230    2.000772
   81.310098   70.802552    0.203252    1.455076
   81.311471   70.797751    0.275871    2.137945
   81.312844   70.792949    0.306917    2.429725
   81.315587   70.783349    0.262124    2.007782
   81.316958   70.778547    0.214935    1.563571
   81.319705   70.768933    0.245099    1.846772
   81.322455   70.759309    0.227115    1.677034
   81.323829   70.754495    0.272727    2.105836
   81.325203   70.749680    0.243768    1.833130
   81.326576   70.744864    0.180302    1.235803
   81.327949   70.740047    0.267523    2.056040
   81.329321   70.735229    0.228902    1.692439
   81.330693   70.730413    0.171442    1.151611
   81.332065   70.725595    0.288813    2.255477
   81.333437   70.720776    0.258373    1.968839
   81.334808   70.715953    0.231670    1.717354
   81.336178   70.711124    0.297826    2.339425
   81.337549   70.706294    0.287346    2.240554
   81.338919   70.701464    0.220586    1.612240
   81.340289   70.696639    0.343183    2.765265
   81.341661   70.691824    0.302771    2.384823
   81.344405   70.682187    0.277611    2.147571
   81.345778   70.677355    0.322763    2.572043
   81.348528   70.667649    0.257948    1.961750
   81.349903   70.662789    0.280043    2.169317
   81.351278   70.657928    0.284175    2.207911
   81.352650   70.653069    0.220537    1.608969
   81.354021   70.648212    0.318681    2.531963
   81.355393   70.643356    0.215920    1.564968
   81.356766   70.638506    0.306888    2.420451
   81.358142   70.633666    0.232876    1.723915
   81.359518   70.628826    0.251271    1.896680
   81.360894   70.623984    0.275095    2.120525
   81.362269   70.619136    0.261207    1.989589
   81.363644   70.614274    0.260265    1.980447
   81.367760   70.599661    0.186654    1.287121
   81.369128   70.594782    0.305408    2.404001
   81.370495   70.589902    0.263972    2.013913
   81.371862   70.585023    0.296093    2.315813
   81.373229   70.580146    0.253151    1.911563
   81.374598   70.575278    0.264630    2.019265
   81.375967   70.570411    0.309517    2.441249
   81.377336   70.565546    0.281639    2.178716
   81.378706   70.560683    0.356230    2.880136
   81.380076   70.555820    0.154292    0.980155
   81.381447   70.550956    0.212519    1.527637
   81.382817   70.546088    0.194526    1.358093
   81.384188   70.541213    0.338405    2.711325
   81.385559   70.536325    0.209198    1.495554
   81.386930   70.531431    0.302999    2.377695
   81.388301   70.526535    0.287949    2.235829
   81.389673   70.521635    0.257487    1.948977
   81.391047   70.516732    0.301306    2.360921
   81.392420   70.511830    0.235135    1.738147
   81.393794   70.506933    0.303607    2.382007
   81.395168   70.502045    0.306891    2.412617
   81.396542   70.497175    0.228893    1.678584
   81.397916   70.492308    0.300008    2.347304
   81.399289   70.487440    0.264635    2.014252
   81.400661   70.482565    0.259554    1.966172
   81.402031   70.477677    0.264688    2.014193
   81.403401   70.472782    0.222856    1.620388
   81.404771   70.467879    0.239797    1.779473
   81.406141   70.462968    0.251261    1.887035
   81.407511   70.458045    0.249181    1.867189
   81.408881   70.453118    0.342144    2.741445
   81.410251   70.448189    0.313911    2.475565
   81.411621   70.443264    0.243153    1.809642
   81.412991   70.438347    0.305299    2.393985
   81.414360   70.433432    0.294722    2.294208
   81.415729   70.428516    0.331538    2.640262
   81.417099   70.423599    0.257616    1.944575
   81.418469   70.418677    0.337326    2.694152
   81.419839   70.413751    0.231623    1.699482
   81.421210   70.408821    0.207998    1.476953
   81.422579   70.403884    0.224208    1.629166
   81.423947   70.398936    0.223537    1.622569
   81.425316   70.393985    0.265841    2.020264
   81.426683   70.389035    0.271127    2.069706
   81.428051   70.384091    0.244384    1.817840
   81.429420   70.379160    0.274614    2.101941
   81.430788   70.374233    0.172645    1.142406
   81.432156   70.369309    0.186070    1.268415
   81.433525   70.364388    0.255131    1.917815
   81.434893   70.359469    0.164414    1.064130
   81.436262   70.354549    0.193918    1.341398
   81.437631   70.349626    0.171250    1.127879
   81.439000   70.344696    0.208121    1.474452
   81.440370   70.339757    0.193205    1.333853
   81.441740   70.334811    0.195941    1.359306
   81.443110   70.329860    0.189805    1.301305
   81.444479   70.324901    0.156668    0.989286
   81.445846   70.319933    0.232655    1.703838
   81.447213   70.314963    0.151525    0.940340
   81.448579   70.309995    0.279233    2.141451
   81.449946   70.305036    0.164108    1.058151
   81.451314   70.300093    0.264980    2.006813
   81.452681   70.295155    0.040861    0.185717
   81.454048   70.290221    0.145744    0.884555
   81.458136   70.275431    0.065579    0.297325
   81.459497   70.270494    0.102119    0.473032
   81.460859   70.265542    0.176166    1.169346
   81.462222   70.260565    0.238365    1.754190
   81.463586   70.255581    0.193557    1.332379
   81.464950   70.250593    0.165222    1.065544
   81.466315   70.245607    0.237372    1.744007
   81.467679   70.240632    0.198413    1.377220
   81.469044   70.235657    0.121941    0.657539
   81.471777   70.225698    0.236467    1.734364
   81.474517   70.215714    0.236506    1.734168
   81.475888   70.210717    0.284839    2.188571
   81.477260   70.205716    0.229828    1.670780
   81.478633   70.200713    0.250632    1.866208
   81.480007   70.195707    0.240523    1.770828
   81.481380   70.190702    0.216459    1.544168
   81.482753   70.185698    0.265347    2.003793
   81.484124   70.180697    0.251299    1.871353
   81.485495   70.175697    0.132287    0.751485
   81.486865   70.170697    0.202195    1.408853
   81.488234   70.165696    0.057145    0.255546
   81.489601   70.160692    0.234058    1.708034
   81.490968   70.155687    0.117870    0.614733
   81.492335   70.150683    0.193429    1.325258
   81.493702   70.145680    0.100335    0.449216
   81.495070   70.140680    0.122235    0.654956
   81.496437   70.135680    0.123082    0.662634
   81.497804   70.130678    0.221099    1.584439
   81.499169   70.125672    0.019160    0.085249
   81.500532   70.120659    0.189972    1.291053
   81.504621   70.105614    0.182963    1.224276
   81.505988   70.100606    0.280195    2.138689
   81.507355   70.095597    0.271773    2.059180
   81.508723   70.090583    0.225742    1.625869
   81.510091   70.085561    0.281674    2.151760
   81.511459   70.080526    0.260642    1.953614
   81.512826   70.075484    0.252375    1.875567
   81.514193   70.070437    0.251346    1.865602
   81.515558   70.065385    0.203349    1.413796
   81.518286   70.055273    0.314857    2.462229
   81.519650   70.050215    0.216985    1.541231
   81.521015   70.045161    0.244734    1.801998
   81.522384   70.040113    0.155620    0.963391
   81.523752   70.035068    0.177255    1.166637
   81.525122   70.030025    0.223037    1.597040
   81.527857   70.019955    0.216722    1.537069
   81.529224   70.014924    0.417507    3.425646
   81.530591   70.009891    0.309588    2.410133
   81.531957   70.004855    0.192524    1.308586
   81.533323   69.999812    0.094086    0.412003
   81.541521   69.969432    0.267985    2.016503
   81.542885   69.964364    0.134059    0.756339
   81.544246   69.959305    0.220062    1.565117
   81.545607   69.954250    0.169675    1.090827
   81.546968   69.949198    0.347094    2.759586
   81.548330   69.944149    0.373274    3.005590
   81.549693   69.939103    0.188065    1.262987
   81.555143   69.918889    0.266416    1.998944
   81.556503   69.913820    0.180585    1.191222
   81.557863   69.908748    0.158783    0.985839
   81.564664   69.883357    0.116316    0.584942
   81.566029   69.878264    0.000000    0.000000
   81.574216   69.847666    0.248925    1.830464
   81.575581   69.842562    0.106162    0.487172
   81.576948   69.837456    0.000000    0.000000
   81.578315   69.832348    0.249351    1.833636
   81.583779   69.811928    0.263073    1.961598
   81.585143   69.806826    0.202957    1.395780
   81.586505   69.801722    0.082340    0.351550
   81.587865   69.796615    0.129211    0.701463
   81.589224   69.791508    0.198968    1.357413
   81.600090   69.750675    0.195608    1.323567
   81.601449   69.745557    0.129578    0.702123
   81.602807   69.740432    0.169165    1.074248
   81.604166   69.735302    0.110378    0.520940
   81.605526   69.730166    0.060323    0.255186
   81.623233   69.663200    0.149499    0.885032
   81.823810   68.882256    0.170090    1.037569
   81.825159   68.876844    0.201062    1.328655
   81.826507   68.871425    0.159939    0.941519
   81.827856   68.866003    0.151486    0.861720
   81.829205   68.860579    0.109275    0.464350
   81.830554   68.855160    0.110094    0.471778
   81.831905   68.849748    0.125093    0.612601
   81.838659   68.822654    0.123060    0.592089
   81.840009   68.817222    0.082109    0.307806
   81.841358   68.811787    0.183231    1.157581
   81.842708   68.806348    0.183000    1.155132
   81.844058   68.800905    0.118825    0.551140
   81.845408   68.795458    0.069021    0.257976
   81.846758   68.790004    0.063278    0.236336
   81.848107   68.784540    0.041673    0.155530
   81.849456   68.779075    0.217888    1.481949
   81.850805   68.773609    0.173134    1.060657
   81.852154   68.768148    0.138367    0.733311
   81.853503   68.762696    0.139282    0.741640
   81.854852   68.757247    0.191098    1.228814
   81.856200   68.751801    0.089339    0.331936
   81.857547   68.746361    0.162878    0.962788
   81.860238   68.735492    0.143490    0.779844
   81.861583   68.730056    0.262401    1.898201
   81.862928   68.724611    0.149869    0.839293
   81.864274   68.719152    0.116138    0.521698
   81.865619   68.713688    0.195624    1.269173
   81.866966   68.708220    0.114574    0.506439
   81.868313   68.702751    0.161518    0.947775
   81.869662   68.697286    0.139610    0.741405
   81.871011   68.691817    0.203585    1.342955
   81.872360   68.686344    0.221541    1.511603
   81.873710   68.680864    0.132613    0.674747
   81.875059   68.675371    0.147875    0.818046
   81.876408   68.669875    0.209439    1.396919
   81.877757   68.664376    0.100163    0.368646
   81.879107   68.658879    0.232867    1.616756
   81.880457   68.653385    0.178366    1.103770
   81.881807   68.647893    0.130086    0.649305
   81.883156   68.642401    0.237651    1.660930
   81.884506   68.636911    0.213271    1.431304
   81.885855   68.631423    0.237799    1.661767
   81.887203   68.625936    0.207230    1.373916
   81.888551   68.620447    0.314736    2.384986
   81.889898   68.614956    0.247329    1.750588
   81.891245   68.609461    0.273688    1.998284
   81.893937   68.598465    0.253808    1.810705
   81.895282   68.592964    0.299942    2.244431
   81.896626   68.587459    0.290029    2.150902
   81.897970   68.581952    0.207873    1.377756
   81.900657   68.570933    0.276627    2.023993
   81.902002   68.565421    0.260097    1.868212
   81.903347   68.559908    0.315342    2.387647
   81.904693   68.554393    0.291501    2.163090
   81.906038   68.548877    0.280964    2.063687
   81.907384   68.543360    0.255542    1.824258
   81.910076   68.532319    0.258186    1.848568
   81.911421   68.526792    0.274605    2.002760
   81.912765   68.521259    0.284611    2.096604
   81.914109   68.515721    0.253895    1.807374
   81.915453   68.510182    0.317451    2.404994
   81.918146   68.499098    0.251457    1.783603
   81.919494   68.493555    0.265176    1.912388
   81.920842   68.488014    0.255468    1.820780
   81.922189   68.482476    0.254012    1.806805
   81.924880   68.471411    0.282573    2.074932
   81.926226   68.465881    0.268637    1.943558
   81.927570   68.460355    0.302945    2.266026
   81.928914   68.454833    0.272234    1.976842
   81.930257   68.449310    0.313421    2.364023
   81.931600   68.443782    0.259721    1.858572
   81.934289   68.432691    0.301444    2.250515
   81.935634   68.427131    0.273692    1.989166
   81.936978   68.421568    0.249027    1.756850
   81.938323   68.416007    0.243169    1.701468
   81.939667   68.410451    0.259008    1.850189
   81.941010   68.404896    0.213967    1.426197
   81.943698   68.393780    0.229111    1.568110
   81.945042   68.388217    0.228204    1.559297
   81.946387   68.382652    0.289904    2.139450
   81.947732   68.377085    0.219724    1.478971
   81.949076   68.371519    0.263715    1.892530
   81.950421   68.365953    0.198190    1.275839
   81.951765   68.360387    0.225567    1.533098
   81.953108   68.354821    0.237950    1.649319
   81.954450   68.349256    0.292343    2.160733
   81.955790   68.343693    0.242553    1.692064
   81.957129   68.338130    0.303986    2.269708
   81.958469   68.332567    0.268248    1.933230
   81.959809   68.327004    0.254547    1.804061
   81.961151   68.321444    0.276730    2.012465
   81.962494   68.315880    0.263503    1.887760
   81.963838   68.310309    0.219045    1.469254
   81.965182   68.304727    0.315581    2.377125
   81.966527   68.299128    0.191462    1.209212
   81.967871   68.293521    0.269800    1.945885
   81.969215   68.287907    0.199567    1.284906
   81.970559   68.282290    0.191933    1.212812
   81.971902   68.276673    0.306473    2.290052
   81.973245   68.271053    0.271359    1.959443
   81.974588   68.265431    0.189552    1.189582
   81.977279   68.254184    0.293470    2.166619
   81.978626   68.248560    0.235039    1.616661
   81.979973   68.242935    0.215649    1.433978
   81.981320   68.237310    0.272505    1.968565
   81.982664   68.231684    0.187136    1.165193
   81.984007   68.226059    0.230479    1.572662
   81.985350   68.220434    0.245100    1.709928
   81.986692   68.214810    0.269230    1.936659
   81.988033   68.209189    0.222787    1.499472
   81.989373   68.203567    0.260817    1.856959
   81.990713   68.197944    0.198601    1.271403
   81.992053   68.192319    0.151321    0.826347
   81.993393   68.186688    0.105812    0.397956
   81.994734   68.181056    0.147655    0.791308
   81.997411   68.169799    0.266219    1.906132
   81.998746   68.164185    0.294193    2.169017
   82.000081   68.158568    0.237095    1.631600
   82.001416   68.152948    0.125038    0.577169
   82.002752   68.147315    0.209907    1.375287
   82.004092   68.141661    0.210621    1.381732
   82.005432   68.136000    0.180526    1.098346
   82.006772   68.130332    0.136182    0.680910
   82.008113   68.124659    0.162110    0.924548
   82.009452   68.118985    0.155950    0.866324
   82.010791   68.113309    0.165117    0.952289
   82.012131   68.107635    0.225148    1.516739
   82.013472   68.101968    0.155083    0.857339
   82.014815   68.096313    0.257027    1.816092
   82.018843   68.079341    0.182644    1.115515
   82.020182   68.073663    0.231469    1.574552
   82.021522   68.067981    0.096300    0.325020
   82.022860   68.062296    0.145424    0.764552
   82.024198   68.056613    0.178739    1.077684
   82.025536   68.050935    0.210824    1.379240
   82.026873   68.045258    0.132572    0.642825
   82.028211   68.039581    0.144703    0.756672
   82.029550   68.033904    0.133684    0.652732
   82.030890   68.028227    0.152774    0.832047
   82.032231   68.022548    0.146424    0.772037
   82.033572   68.016866    0.117913    0.503551
   82.034912   68.011178    0.156509    0.866356
   82.036253   68.005481    0.221785    1.480161
   82.037593   67.999781    0.141796    0.727396
   82.038933   67.994077    0.136202    0.674502
   82.040272   67.988372    0.045147    0.150636
   82.041609   67.982668    0.102964    0.361269
   82.042947   67.976963    0.413361    3.281002
   82.045620   67.965557    0.166251    0.955810
   82.046957   67.959861    0.020514    0.068167
   82.048294   67.954165    0.104990    0.378953
   82.049632   67.948468    0.085410    0.283340
   82.050971   67.942769    0.113740    0.460721
   82.052311   67.937066    0.110857    0.433325
   82.053652   67.931358    0.115280    0.474654
   82.054993   67.925644    0.167351    0.964231
   82.056334   67.919921    0.183961    1.120214
   82.057673   67.914186    0.127562    0.589373
   82.059012   67.908444    0.242965    1.674733
   82.060351   67.902699    0.162009    0.912878
   82.061691   67.896951    0.254274    1.780568
   82.063031   67.891202    0.194924    1.221973
   82.064371   67.885455    0.269812    1.926192
   82.065711   67.879713    0.154578    0.841872
   82.067049   67.873981    0.282352    2.043612
   82.068385   67.868268    0.197170    1.241997
   82.069721   67.862559    0.028270    0.092618
   82.071056   67.856852    0.163716    0.926743
   82.075060   67.839704    0.156046    0.853768
   82.076394   67.833973    0.118493    0.500215
   82.079062   67.822457    0.147531    0.772840
   82.080396   67.816681    0.490846    4.002246
   82.083063   67.805145    0.137010    0.673039
   82.084396   67.799411    0.174509    1.025538
   82.085730   67.793681    0.164011    0.926504
   82.087064   67.787947    0.177904    1.056926
   82.088400   67.782199    0.192894    1.197671
   82.089739   67.776426    0.175735    1.035974
   82.091078   67.770643    0.156985    0.859308
   82.092418   67.764854    0.195833    1.224486
   82.093755   67.759061    0.046135    0.148869
   82.095090   67.753268    0.082437    0.265782
   82.096424   67.747473    0.226601    1.513112
   82.097757   67.741676    0.234088    1.583270
   82.099091   67.735881    0.093642    0.301138
   82.100426   67.730088    0.171655    0.995394
   82.103097   67.718503    0.344558    2.621397
   82.104434   67.712709    0.197990    1.242317
   82.105771   67.706911    0.208757    1.343324
   82.107109   67.701114    0.339451    2.572536
   82.108446   67.695320    0.237409    1.612313
   82.109781   67.689533    0.240293    1.639172
   82.111113   67.683757    0.233258    1.572715
   82.112444   67.677984    0.222563    1.471837
   82.113774   67.672209    0.111991    0.431375
   82.115105   67.666428    0.254789    1.774451
   82.116438   67.660636    0.171527    0.990897
   82.117771   67.654839    0.162577    0.906429
   82.119104   67.649039    0.156620    0.850114
   82.120438   67.643237    0.114916    0.457516
   82.121774   67.637436    0.200940    1.266500
   82.123110   67.631633    0.151979    0.805635
   82.124446   67.625828    0.237079    1.605929
   82.125781   67.620022    0.176303    1.033915
   82.127114   67.614213    0.252839    1.753639
   82.128446   67.608401    0.205339    1.306518
   82.129779   67.602584    0.209887    1.349030
   82.131113   67.596758    0.233747    1.573215
   82.132448   67.590922    0.210891    1.357923
   82.133783   67.585080    0.212635    1.374054
   82.135118   67.579235    0.179335    1.060520
   82.136453   67.573389    0.219503    1.438118
   82.137788   67.567544    0.203301    1.285426
   82.139122   67.561701    0.244432    1.672084
   82.140455   67.555858    0.314291    2.328996
   82.141788   67.550021    0.290865    2.108344
   82.143119   67.544193    0.150214    0.784922
   82.144449   67.538364    0.160613    0.882476
   82.145780   67.532534    0.258348    1.801625
   82.147112   67.526696    0.125256    0.549315
   82.148446   67.520846    0.094821    0.295316
   82.149780   67.514990    0.057214    0.178033
   82.151114   67.509129    0.168018    0.950761
   82.156438   67.485661    0.231554    1.547379
   82.157770   67.479790    0.182723    1.087731
   82.159103   67.473920    0.212772    1.370135
   82.160436   67.468049    0.150658    0.785541
   82.161769   67.462179    0.175552    1.019448
   82.163101   67.456312    0.267619    1.885281
   82.164431   67.450449    0.090293    0.278242
   82.165760   67.444586    0.177047    1.032687
   82.167088   67.438724    0.112170    0.422099
   82.168417   67.432858    0.238279    1.608170
   82.169746   67.426988    0.136359    0.649101
   82.171075   67.421115    0.229542    1.525428
   82.172404   67.415241    0.188762    1.141527
   82.173733   67.409366    0.230018    1.529355
   82.175063   67.403490    0.265141    1.859498
   82.176393   67.397612    0.175286    1.013929
   82.177723   67.391731    0.228464    1.513916
   82.179053   67.385847    0.180898    1.066169
   82.181713   67.374068    0.117578    0.469954
   82.183043   67.368173    0.178862    1.046194
   82.184374   67.362276    0.163485    0.901267
   82.185707   67.356376    0.190376    1.153959
   82.187039   67.350472    0.314326    2.319727
   82.188373   67.344562    0.217800    1.411398
   82.189706   67.338644    0.103359    0.334534
   82.192372   67.326780    0.187019    1.121000
   82.193705   67.320847    0.248605    1.700091
   82.195037   67.314917    0.160780    0.873610
   82.196368   67.308998    0.157965    0.846853
   82.197699   67.303082    0.211985    1.354765
   82.199029   67.297169    0.147174    0.744796
   82.200359   67.291259    0.168577    0.945862
   82.203018   67.279444    0.180451    1.057020
   82.204347   67.273532    0.218471    1.414410
   82.205675   67.267609    0.170654    0.964300
   82.207002   67.261670    0.238819    1.605277
   82.208328   67.255726    0.187925    1.126226
   82.209653   67.249780    0.199631    1.236081
   82.210978   67.243837    0.118257    0.470291
   82.213629   67.231972    0.185941    1.106473
   82.214955   67.226040    0.201786    1.255254
   82.216283   67.220106    0.138860    0.663013
   82.217613   67.214169    0.114872    0.437077
   82.218944   67.208229    0.156904    0.832211
   82.220275   67.202286    0.251689    1.723612
   82.221607   67.196337    0.250761    1.714602
   82.222937   67.190382    0.178312    1.032779
   82.224266   67.184423    0.199684    1.233562
   82.225596   67.178461    0.190686    1.148636
   82.226925   67.172497    0.245581    1.664780
   82.228254   67.166534    0.171369    0.966368
   82.229582   67.160568    0.171181    0.964321
   82.230911   67.154600    0.131561    0.591327
   82.232239   67.148628    0.208625    1.316022
   82.233569   67.142651    0.256358    1.764785
   82.234898   67.136670    0.243569    1.644201
   82.236226   67.130688    0.150594    0.769276
   82.237554   67.124704    0.227874    1.496006
   82.238881   67.118721    0.121847    0.498300
   82.240207   67.112736    0.267548    1.868680
   82.242861   67.100757    0.223672    1.455376
   82.244191   67.094760    0.170914    0.958793
   82.245521   67.088761    0.174283    0.990208
   82.246850   67.082761    0.013071    0.038054
   82.250827   67.064766    0.166698    0.917753
   82.252151   67.058772    0.123432    0.510464
   82.253476   67.052784    0.236073    1.569847
   82.254801   67.046806    0.317212    2.332868
   82.258779   67.028851    0.176459    1.007942
   82.260104   67.022837    0.344599    2.589413
   82.261430   67.016816    0.354455    2.681858
   82.262755   67.010793    0.387026    2.987987
   82.264080   67.004772    0.360275    2.736058
   82.265405   66.998762    0.285379    2.031212
   82.266730   66.992752    0.269267    1.879369
   82.268055   66.986738    0.350638    2.644581
   82.269383   66.980719    0.203133    1.256677
   82.270712   66.974692    0.163917    0.887487
   82.272043   66.968658    0.248090    1.679053
   82.273373   66.962618    0.200408    1.230211
   82.276027   66.950508    0.174403    0.985032
   82.277353   66.944442    0.189841    1.129985
   82.278677   66.938375    0.240279    1.604197
   82.280001   66.932310    0.204358    1.266006
   82.281325   66.926253    0.258281    1.773004
   82.282648   66.920197    0.253914    1.731648
   82.283971   66.914143    0.216812    1.382339
   82.285294   66.908092    0.216785    1.381811
   82.286619   66.902045    0.211064    1.327724
   82.287944   66.895997    0.214417    1.358986
   82.289268   66.889946    0.228859    1.494576
   82.290591   66.883887    0.232880    1.532130
   82.291913   66.877816    0.281998    1.993924
   82.293233   66.871741    0.200667    1.228547
   82.294554   66.865662    0.182750    1.059719
   82.295874   66.859584    0.239049    1.589069
   82.297195   66.853507    0.209310    1.309033
   82.298516   66.847430    0.190386    1.130736
   82.299837   66.841353    0.259870    1.784119
   82.301158   66.835276    0.156439    0.810834
   82.302481   66.829199    0.257672    1.762894
   82.303804   66.823122    0.221335    1.420786
   82.305127   66.817046    0.196241    1.184446
   82.306450   66.810973    0.149912    0.748336
   82.307772   66.804905    0.177001    1.002900
   82.310416   66.792760    0.153614    0.782349
   82.311738   66.786676    0.166473    0.903048
   82.313061   66.780575    0.257083    1.755178
   82.318344   66.756168    0.115687    0.423935
   82.319663   66.750078    0.075661    0.208894
   82.327591   66.713496    0.188911    1.110876
   82.328910   66.707370    0.221113    1.413547
   82.330229   66.701236    0.123469    0.494707
   82.331548   66.695096    0.102385    0.296091
   82.335509   66.676654    0.127195    0.528671
   82.336831   66.670504    0.212797    1.333682
   82.338155   66.664360    0.119220    0.453099
   82.339481   66.658225    0.201826    1.229930
   82.340807   66.652091    0.313518    2.280387
   82.342133   66.645955    0.347132    2.596334
   82.343459   66.639811    0.377800    2.884561
   82.344782   66.633651    0.294946    2.104857
   82.346105   66.627489    0.259726    1.773257
   82.347427   66.621327    0.427250    3.348940
   82.348747   66.615170    0.417965    3.261324
   82.350067   66.609026    0.367330    2.784713
   82.351386   66.602884    0.420204    3.281849
   82.352705   66.596742    0.371486    2.823267
   82.354023   66.590596    0.304147    2.189518
   82.355341   66.584441    0.376223    2.867288
   82.356658   66.578284    0.336938    2.497451
   82.357975   66.572129    0.445791    3.521201
   82.359292   66.565979    0.202630    1.233428
   82.360607   66.559839    0.188916    1.104145
   82.363237   66.547555    0.274144    1.905378
   82.364552   66.541403    0.485044    3.889112
   82.365867   66.535234    0.491141    3.946197
   82.367182   66.529058    0.378082    2.882347
   82.368497   66.522877    0.474671    3.790723
   82.369814   66.516693    0.385269    2.949418
   82.371133   66.510509    0.377738    2.878295
   82.372452   66.504322    0.415150    3.229973
   82.373771   66.498133    0.367743    2.783733
   82.375089   66.491942    0.297525    2.122891
   82.376406   66.485750    0.359428    2.704967
   82.377722   66.479555    0.357918    2.690494
   82.380355   66.467156    0.417269    3.248285
   82.381673   66.460951    0.423022    3.302135
   82.382991   66.454743    0.261116    1.778758
   82.384309   66.448533    0.268517    1.848114
   82.385626   66.442322    0.283237    1.986321
   82.386944   66.436111    0.450235    3.557051
   82.388261   66.429898    0.400053    3.084702
   82.389579   66.423684    0.380593    2.901370
   82.390899   66.417467    0.334394    2.466488
   82.392219   66.411248    0.369949    2.800691
   82.394863   66.398801    0.504593    4.066787
   82.396185   66.392572    0.385832    2.949297
   82.397508   66.386336    0.391832    3.005463
   82.398830   66.380098    0.379250    2.886831
   82.400151   66.373859    0.507807    4.095942
   82.401470   66.367621    0.321594    2.343903
   82.402787   66.361386    0.446340    3.517153
   82.404102   66.355152    0.420489    3.273699
   82.405416   66.348920    0.415562    3.227075
   82.406729   66.342692    0.403146    3.110000
   82.408042   66.336469    0.350569    2.615125
   82.409355   66.330245    0.184997    1.057263
   82.410668   66.324017    0.225014    1.433442
   82.411981   66.317781    0.139474    0.628468
   82.413297   66.311530    0.148100    0.709345
   82.414612   66.305273    0.193010    1.131552
   82.415927   66.299011    0.193442    1.135347
   82.418553   66.286487    0.204954    1.243100
   82.419865   66.280223    0.184862    1.053818
   82.421177   66.273954    0.195364    1.152340
   82.422490   66.267675    0.300592    2.141985
   82.423805   66.261379    0.174232    0.953009
   82.425121   66.255081    0.239114    1.563102
   82.426437   66.248785    0.196886    1.165576
   82.427753   66.242498    0.209707    1.285914
   82.429069   66.236233    0.317844    2.302921
   82.430384   66.229970    0.159793    0.815815
   82.431700   66.223707    0.245491    1.621733
   82.433015   66.217438    0.364693    2.742835
   82.434330   66.211154    0.194199    1.138671
   82.436960   66.198566    0.205331    1.242843
   82.438275   66.192263    0.236849    1.539076
   82.439592   66.185952    0.220964    1.389365
   82.442226   66.173324    0.116408    0.405230
   82.443543   66.167012    0.183187    1.033167
   82.444860   66.160708    0.281740    1.960019
   82.446177   66.154406    0.210226    1.286991
   82.447493   66.148103    0.219157    1.370737
   82.448808   66.141800    0.164864    0.859711
   82.450122   66.135495    0.306787    2.194560
   82.451435   66.129187    0.070905    0.176534
   82.452748   66.122875    0.220545    1.382704
   82.454061   66.116556    0.128190    0.513622
   82.455374   66.110227    0.036867    0.091488
   82.456687   66.103894    0.144441    0.665954
   82.460623   66.084893    0.113919    0.378015
   82.461934   66.078563    0.144747    0.667751
   82.463244   66.072235    0.000000    0.000000
   82.464555   66.065910    0.198341    1.171383
   82.467179   66.053273    0.090422    0.222183
   82.468490   66.046952    0.114152    0.378575
   82.469800   66.040628    0.149482    0.710667
   82.472416   66.027962    0.087216    0.213359
   82.473724   66.021620    0.162158    0.829101
   82.475033   66.015268    0.065835    0.160700
   82.478965   65.996164    0.065489    0.159321
   82.480278   65.989789    0.164175    0.846725
   82.481595   65.983413    0.004108    0.009971
   82.482913   65.977037    0.028230    0.068447
   82.488174   65.951525    0.300543    2.127949
   82.489486   65.945143    0.291046    2.038339
   82.490798   65.938756    0.297615    2.099865
   82.492111   65.932361    0.306207    2.180421
   82.493424   65.925963    0.293325    2.058963
   82.494736   65.919564    0.191195    1.097919
   82.496048   65.913166    0.252402    1.673441
   82.497360   65.906773    0.272820    1.865247
   82.498670   65.900380    0.334875    2.448753
   82.499981   65.893988    0.261806    1.761093
   82.501291   65.887597    0.232208    1.482386
   82.502601   65.881208    0.319964    2.307665
   82.503911   65.874818    0.246201    1.613484
   82.505220   65.868424    0.237620    1.532492
   82.506529   65.862021    0.221859    1.383951
   82.507838   65.855604    0.218385    1.350998
   82.509146   65.849184    0.072461    0.171759
   82.510454   65.842763    0.125691    0.478448
   82.511760   65.836345    0.261332    1.754196
   82.513065   65.829935    0.324706    2.350115
   82.514369   65.823529    0.243686    1.587663
   82.515673   65.817127    0.249699    1.643959
   82.516977   65.810732    0.232820    1.484894
   82.518282   65.804349    0.327967    2.379710
   82.519587   65.797965    0.338008    2.473898
   82.520893   65.791577    0.246786    1.615469
   82.522200   65.785178    0.249371    1.639520
   82.523508   65.778759    0.225027    1.410233
   82.524816   65.772331    0.360690    2.686193
   82.526125   65.765893    0.231386    1.469512
   82.527434   65.759448    0.198073    1.155860
   82.528742   65.752996    0.338372    2.475430
   82.530051   65.746536    0.299660    2.110980
   82.531361   65.740071    0.308951    2.198108
   82.532673   65.733597    0.292829    2.046171
   82.533988   65.727114    0.146379    0.668199
   82.535304   65.720629    0.175246    0.939482
   82.536620   65.714145    0.165935    0.851623
   82.540560   65.694759    0.322164    2.320503
   82.543179   65.681840    0.408946    3.136353
   82.544484   65.675359    0.347526    2.558283
   82.545788   65.668875    0.270679    1.835091
   82.547091   65.662390    0.325662    2.352063
   82.548394   65.655907    0.307580    2.181687
   82.549698   65.649433    0.059330    0.135654
   82.552305   65.636493    0.118250    0.399782
   82.553607   65.630029    0.162135    0.812352
   82.554907   65.623574    0.304117    2.147756
   82.556207   65.617117    0.343608    2.519000
   82.557507   65.610657    0.170156    0.887004
   82.558807   65.604188    0.331626    2.405734
   82.560109   65.597702    0.252555    1.661624
   82.562715   65.584708    0.269852    1.823804
   82.564018   65.578202    0.253247    1.667316
   82.565321   65.571688    0.216929    1.325394
   82.566625   65.565172    0.117763    0.392236
   82.569235   65.552141    0.196596    1.133304
   82.570540   65.545637    0.460301    3.613798
   82.571847   65.539131    0.211610    1.274005
   82.573154   65.532620    0.270060    1.823597
   82.574465   65.526100    0.179267    0.969200
   82.575779   65.519562    0.177716    0.954336
   82.577094   65.513017    0.098349    0.219284
   82.578408   65.506466    0.284704    1.960269
   82.579721   65.499912    0.263129    1.757026
   82.581030   65.493359    0.174077    0.919015
   82.582337   65.486802    0.124934    0.456438
   82.583644   65.480243    0.180555    0.979411
   82.584952   65.473682    0.140216    0.599658
   82.586261   65.467119    0.102623    0.245735
   82.587570   65.460554    0.198707    1.149365
   82.588879   65.453988    0.226042    1.406240
   82.590186   65.447423    0.313481    2.228535
   82.591491   65.440858    0.322601    2.314064
   82.592795   65.434294    0.246576    1.598597
   82.594097   65.427732    0.170797    0.885450
   82.595398   65.421173    0.268155    1.801060
   82.596696   65.414618    0.261329    1.736578
   82.597993   65.408065    0.303290    2.131047
   82.599289   65.401515    0.245355    1.585770
   82.600586   65.394968    0.188955    1.054921
   82.601885   65.388424    0.247552    1.605891
   82.603184   65.381882    0.251292    1.640806
   82.604483   65.375343    0.246934    1.599538
   82.605782   65.368808    0.265297    1.772022
   82.607079   65.362281    0.296794    2.068058
   82.608377   65.355751    0.322592    2.310477
   82.609676   65.349213    0.215823    1.305794
   82.610976   65.342662    0.164081    0.818766
   82.612280   65.336087    0.231468    1.452428
   82.613585   65.329500    0.248752    1.614761
   82.614891   65.322900    0.319443    2.279500
   82.616197   65.316286    0.237852    1.511675
   82.617504   65.309655    0.084647    0.181639
   82.618811   65.303017    0.091109    0.195257
   82.620119   65.296375    0.270652    1.819420
   82.621428   65.289737    0.466194    3.658682
   82.622737   65.283110    0.300862    2.103070
   82.624047   65.276485    0.261339    1.730999
   82.625357   65.269861    0.178221    0.948810
   82.626666   65.263237    0.194584    1.102465
   82.627974   65.256614    0.339467    2.465155
   82.629281   65.249990    0.263609    1.751266
   82.630586   65.243364    0.175050    0.917891
   82.631889   65.236733    0.204295    1.192739
   82.633188   65.230095    0.204738    1.196641
   82.634487   65.223458    0.000000    0.000000
   82.635783   65.216823    0.204844    1.197103
   82.637080   65.210196    0.225514    1.391287
   82.638376   65.203582    0.086289    0.184574
   82.639671   65.196975    0.197069    1.123164
   82.640967   65.190372    0.259569    1.710856
   82.642262   65.183776    0.116596    0.365595
   82.643558   65.177186    0.252333    1.642253
   82.644854   65.170595    0.310946    2.193371
   82.646149   65.164001    0.163492    0.805959
   82.647444   65.157395    0.071003    0.151876
   82.648736   65.150774    0.044421    0.095018
   82.650029   65.144142    0.073442    0.157093
   82.651322   65.137502    0.000000    0.000000
   82.652618   65.130852    0.035474    0.075880
   82.653916   65.124193    0.228921    1.419867
   82.655215   65.117527    0.264769    1.756830
   82.656515   65.110858    0.274392    1.847092
   82.657816   65.104188    0.269698    1.802660
   82.659116   65.097523    0.295099    2.041347
   82.660417   65.090855    0.184230    0.998097
   82.661719   65.084182    0.164731    0.814393
   82.663021   65.077502    0.190581    1.057306
   82.664323   65.070811    0.168097    0.845517
   82.665626   65.064115    0.248474    1.601385
   82.666930   65.057413    0.140980    0.589884
   82.668234   65.050708    0.220900    1.341449
   82.669539   65.043999    0.218194    1.315722
   82.670843   65.037288    0.206634    1.206706
   82.672147   65.030573    0.335443    2.418186
   82.673450   65.023855    0.275966    1.858398
   82.674751   65.017134    0.281636    1.911467
   82.676051   65.010413    0.323554    2.305530
   82.677351   65.003693    0.260171    1.709001
   82.678651   64.996979    0.178151    0.937138
   82.679951   64.990275    0.182019    0.973260
   82.681250   64.983573    0.177169    0.927361
   82.682549   64.976872    0.285166    1.943059
   82.683847   64.970169    0.227936    1.404414
   82.685143   64.963462    0.146228    0.635485
   82.686438   64.956754    0.188980    1.037400
   82.687731   64.950044    0.113733    0.329257
   82.689023   64.943336    0.235377    1.473342
   82.690313   64.936630    0.100758    0.215524
   82.691603   64.929923    0.281167    1.903569
   82.692893   64.923213    0.234113    1.460645
   82.694185   64.916500    0.143054    0.603754
   82.695480   64.909783    0.082814    0.177142
   82.696775   64.903059    0.093748    0.200528
   82.698072   64.896329    0.123482    0.418829
   82.699369   64.889588    0.253779    1.644309
   82.700667   64.882832    0.162072    0.781325
   82.701965   64.876070    0.242286    1.535652
   82.703264   64.869303    0.253365    1.639611
   82.704563   64.862538    0.271288    1.807944
   82.705861   64.855779    0.243755    1.548666
   82.707160   64.849019    0.224322    1.365591
   82.708458   64.842257    0.304328    2.117964
   82.709757   64.835491    0.140915    0.580408
   82.711056   64.828718    0.133954    0.514655
   82.712355   64.821941    0.232968    1.445846
   82.713653   64.815163    0.185864    1.002452
   82.714952   64.808383    0.128468    0.462245
   82.716250   64.801605    0.203046    1.163551
   82.717547   64.794824    0.258838    1.688135
   82.718843   64.788040    0.244811    1.555916
   82.720138   64.781252    0.246822    1.574563
   82.721430   64.774460    0.175562    0.903931
   82.722721   64.767663    0.212489    1.251045
   82.725304   64.754060    0.250317    1.606373
   82.726598   64.747251    0.153667    0.696883
   82.727891   64.740441    0.270895    1.799421
   82.731767   64.720042    0.215894    1.281199
   82.733056   64.713255    0.253552    1.635201
   82.734345   64.706466    0.258095    1.677667
   82.735633   64.699669    0.324304    2.300250
   82.736923   64.692858    0.346420    2.508040
   82.738212   64.686043    0.273729    1.823945
   82.739502   64.679228    0.230535    1.417334
   82.740793   64.672416    0.239041    1.497079
   82.742085   64.665613    0.279869    1.880904
   82.743378   64.658812    0.247886    1.579759
   82.744671   64.652008    0.343732    2.481144
   82.745964   64.645199    0.233746    1.446203
   82.747256   64.638383    0.281122    1.891619
   82.748549   64.631562    0.175880    0.901296
   82.749841   64.624736    0.385047    2.868741
   82.751134   64.617903    0.352709    2.564256
   82.752427   64.611064    0.374149    2.765682
   82.753720   64.604222    0.381276    2.832456
   82.755013   64.597376    0.314059    2.199852
   82.756306   64.590528    0.221566    1.329480
   82.757600   64.583680    0.277735    1.857610
   82.758894   64.576832    0.198074    1.107943
   82.760188   64.569983    0.296604    2.034583
   82.761481   64.563135    0.360030    2.630984
   82.762773   64.556292    0.400695    3.013267
   82.764065   64.549446    0.373296    2.755244
   82.765356   64.542595    0.336831    2.411941
   82.766648   64.535735    0.399464    3.000880
   82.767942   64.528859    0.408759    3.088053
   82.769235   64.521976    0.419534    3.189149
   82.770527   64.515089    0.352258    2.555995
   82.771816   64.508199    0.458229    3.552633
   82.773101   64.501308    0.437618    3.358468
   82.774385   64.494417    0.424896    3.238517
   82.775669   64.487527    0.395851    2.965019
   82.776953   64.480640    0.428877    3.275436
   82.778239   64.473760    0.508805    4.027081
   82.779525   64.466882    0.383020    2.843511
   82.780811   64.460005    0.401869    3.020560
   82.782098   64.453126    0.471495    3.675290
   82.783383   64.446245    0.357678    2.604313
   82.784669   64.439362    0.363767    2.661324
   82.785956   64.432476    0.321490    2.263343
   82.787242   64.425589    0.069387    0.148421
   82.788529   64.418700    0.159652    0.740347
   82.789817   64.411807    0.125335    0.417250
   82.791106   64.404907    0.178279    0.915039
   82.792396   64.397995    0.120846    0.374484
   82.793688   64.391066    0.202260    1.140105
   82.794981   64.384132    0.168739    0.824488
   82.796274   64.377195    0.132607    0.484314
   82.797568   64.370263    0.079717    0.170516
   82.798861   64.363341    0.084995    0.181807
   82.800155   64.356419    0.101224    0.216521
   82.801448   64.349495    0.169325    0.828663
   82.802742   64.342564    0.118217    0.347599
   82.804035   64.335621    0.186214    0.987007
   82.805327   64.328673    0.178386    0.913095
   82.806619   64.321723    0.183694    0.962763
   82.807911   64.314770    0.205994    1.172279
   82.809203   64.307818    0.115607    0.321709
   82.810493   64.300866    0.171996    0.851906
   82.811782   64.293916    0.319313    2.237500
   82.813070   64.286971    0.414512    3.132802
   82.814355   64.280036    0.488925    3.832565
   82.815639   64.273101    0.353848    2.561582
   82.816922   64.266163    0.373122    2.742635
   82.818204   64.259217    0.376044    2.769853
   82.819487   64.252256    0.318900    2.232013
   82.820770   64.245290    0.414418    3.130317
   82.822052   64.238320    0.382997    2.834466
   82.823336   64.231351    0.387718    2.878612
   82.824619   64.224387    0.461821    3.575461
   82.825903   64.217420    0.396037    2.956336
   82.827187   64.210450    0.380053    2.805701
   82.828471   64.203474    0.352375    2.545060
   82.829755   64.196489    0.347153    2.495672
   82.831038   64.189499    0.320131    2.241199
   82.832323   64.182505    0.301995    2.070322
   82.833610   64.175511    0.187919    0.996901
   82.834901   64.168519    0.337991    2.408407
   82.836192   64.161524    0.291319    1.969083
   82.837484   64.154527    0.305983    2.106762
   82.838774   64.147527    0.357421    2.590387
   82.840061   64.140525    0.226197    1.355650
   82.841347   64.133518    0.385244    2.851595
   82.842633   64.126504    0.181945    0.938829
   82.843919   64.119478    0.162905    0.759444
   82.845204   64.112436    0.389953    2.895092
   82.846491   64.105388    0.231696    1.406043
   82.847777   64.098338    0.239394    1.478201
   82.850354   64.084251    0.298571    2.034358
   82.851644   64.077215    0.267102    1.738049
   82.852932   64.070182    0.271864    1.782579
   82.854220   64.063154    0.204348    1.147172
   82.855504   64.056135    0.299530    2.042306
   82.856787   64.049117    0.277720    1.836866
   82.858068   64.042096    0.233678    1.422284
   82.859348   64.035066    0.297789    2.025133
   82.860627   64.028020    0.301240    2.057328
   82.861904   64.020970    0.277856    1.837085
   82.863182   64.013922    0.304726    2.089595
   82.864459   64.006881    0.339705    2.418388
   82.865737   63.999859    0.428655    3.254905
   82.867015   63.992838    0.406571    3.046882
   82.868293   63.985815    0.370834    2.710427
   82.869572   63.978785    0.410079    3.079357
   82.870852   63.971743    0.310289    2.140327
   82.872133   63.964692    0.336624    2.387807
   82.873415   63.957629    0.390259    2.892100
   82.875984   63.943447    0.290611    1.954147
   82.877271   63.936336    0.359926    2.605942
   82.878557   63.929222    0.555213    4.442814
   82.879843   63.922111    0.126305    0.407656
   82.881126   63.915013    0.135278    0.491807
   82.882409   63.907918    0.178065    0.894048
   82.884977   63.893736    0.424285    3.209791
   82.886265   63.886649    0.335847    2.377549
   82.887552   63.879563    0.293665    1.980460
   82.890125   63.865380    0.352506    2.533467
   82.891409   63.858277    0.380598    2.797466
   82.892691   63.851171    0.309570    2.129017
   82.895251   63.836954    0.259851    1.660753
   82.896528   63.829848    0.285729    1.903933
   82.897804   63.822741    0.328605    2.307010
   82.899080   63.815631    0.314700    2.175938
   82.900357   63.808518    0.340580    2.419130
   82.901635   63.801398    0.352175    2.527946
   82.904190   63.787154    0.320713    2.231437
   82.905466   63.780035    0.332587    2.342867
   82.906741   63.772924    0.351629    2.521740
   82.909288   63.758692    0.260740    1.666182
   82.910562   63.751564    0.393380    2.913704
   82.911838   63.744420    0.344982    2.458142
   82.913114   63.737268    0.310775    2.136078
   82.915668   63.722949    0.344568    2.453439
   82.916945   63.715783    0.306873    2.098561
   82.918223   63.708616    0.337725    2.388536
   82.919502   63.701451    0.314415    2.168978
   82.920781   63.694293    0.384471    2.827753
   82.922062   63.687149    0.344956    2.455754
   82.923342   63.680004    0.365742    2.651025
   82.924624   63.672855    0.396724    2.942218
   82.925905   63.665693    0.253053    1.590390
   82.927187   63.658507    0.237689    1.445580
   82.928469   63.651315    0.333341    2.345149
   82.929751   63.644121    0.357222    2.569536
   82.931032   63.636930    0.310975    2.134209
   82.932312   63.629751    0.322228    2.239801
   82.933591   63.622574    0.345341    2.456965
   82.934870   63.615398    0.234404    1.413068
   82.936150   63.608223    0.287615    1.913373
   82.937429   63.601051    0.314736    2.168242
   82.938709   63.593875    0.300831    2.037170
   82.939988   63.586694    0.392911    2.903133
   82.941266   63.579501    0.427022    3.223751
   82.942544   63.572290    0.348781    2.487446
   82.943822   63.565073    0.346236    2.463239
   82.945098   63.557856    0.444340    3.385865
   82.946372   63.550646    0.359378    2.586336
   82.947644   63.543451    0.327401    2.285246
   82.948915   63.536258    0.323090    2.244432
   82.950186   63.529065    0.423117    3.185147
   82.951457   63.521867    0.376608    2.747359
   82.952730   63.514661    0.323471    2.247215
   82.954003   63.507449    0.319000    2.204897
   82.955276   63.500231    0.434755    3.293579
   82.956549   63.493005    0.311694    2.135639
   82.959095   63.478529    0.207695    1.156751
   82.960368   63.471283    0.055804    0.119366
   82.962916   63.456790    0.184157    0.934525
   82.964190   63.449540    0.111543    0.251163
   82.965466   63.442284    0.197904    1.063318
   82.966742   63.435020    0.415679    3.111733
   82.968021   63.427744    0.484056    3.754719
   82.969300   63.420462    0.371418    2.694825
   82.970580   63.413179    0.345953    2.455009
   82.971861   63.405898    0.317239    2.184616
   82.973143   63.398623    0.380041    2.775151
   82.974425   63.391348    0.404113    3.001337
   82.975706   63.384071    0.313705    2.150576
   82.976986   63.376788    0.392959    2.895877
   82.978263   63.369495    0.294904    1.973172
   82.979539   63.362199    0.252395    1.573009
   82.980814   63.354902    0.354016    2.528726
   82.982088   63.347607    0.357318    2.559531
   82.983361   63.340317    0.330571    2.307647
   82.984632   63.333028    0.376954    2.743718
   82.985903   63.325742    0.419056    3.139523
   82.987173   63.318458    0.343431    2.427833
   82.988441   63.311179    0.464097    3.562708
   82.989709   63.303899    0.450808    3.437432
   82.990976   63.296618    0.403894    2.995836
   82.992244   63.289333    0.411414    3.066318
   82.993512   63.282041    0.467200    3.590852
   82.997320   63.260139    0.402136    2.977974
   82.998588   63.252831    0.312949    2.138704
   82.999856   63.245518    0.384653    2.812984
   83.001125   63.238198    0.312850    2.137242
   83.002395   63.230869    0.449063    3.418382
   83.003667   63.223527    0.387137    2.835551
   83.004940   63.216180    0.269589    1.729473
   83.006215   63.208831    0.215444    1.219849
   83.007490   63.201486    0.252631    1.569413
   83.008766   63.194153    0.349530    2.480712
   83.010042   63.186817    0.288153    1.903049
   83.012594   63.172126    0.278464    1.811371
   83.015140   63.157380    0.359471    2.572906
   83.016413   63.150000    0.415426    3.099029
   83.017686   63.142620    0.299371    2.006994
   83.018959   63.135244    0.389170    2.851496
   83.020233   63.127870    0.308800    2.095162
   83.021507   63.120496    0.516519    4.048986
   83.022781   63.113125    0.418616    3.127712
   83.024056   63.105756    0.474609    3.654193
   83.025330   63.098389    0.604740    4.878111
   83.026603   63.091022    0.105482    0.225628
   83.027872   63.083659    0.102080    0.218351
   83.029137   63.076297    0.092280    0.197389
   83.030400   63.068935    0.096139    0.205643
   83.031662   63.061574    0.050564    0.108157
   83.032923   63.054209    0.102906    0.220119
   83.034184   63.046841    0.101466    0.217039
   83.039231   63.017407    0.040162    0.085908
   83.040495   63.010063    0.215725    1.215352
   83.041759   63.002710    0.313400    2.133957
   83.043024   62.995335    0.262476    1.654636
   83.044288   62.987925    0.183194    0.908540
   83.045553   62.980498    0.277972    1.799882
   83.046819   62.973058    0.246338    1.502029
   83.048087   62.965604    0.216780    1.223697
   83.049356   62.958138    0.300875    2.014544
   83.050626   62.950667    0.232335    1.369497
   83.051898   62.943194    0.215643    1.212206
   83.053170   62.935731    0.336186    2.345933
   83.054443   62.928286    0.336527    2.348877
   83.055717   62.920843    0.297896    1.985189
   83.056991   62.913402    0.281273    1.828554
   83.058265   62.905955    0.134799    0.450351
   83.059539   62.898498    0.251519    1.548115
   83.060812   62.891038    0.258416    1.612727
   83.062084   62.883574    0.304336    2.044451
   83.063355   62.876106    0.202801    1.089015
   83.064624   62.868631    0.314257    2.137254
   83.065892   62.861157    0.120204    0.311463
   83.067158   62.853686    0.158949    0.675684
   83.068422   62.846221    0.165321    0.735364
   83.069683   62.838768    0.107975    0.230961
   83.070944   62.831320    0.071469    0.152873
   83.072204   62.823878    0.126389    0.368332
   83.073464   62.816441    0.064385    0.137722
   83.074726   62.809011    0.170483    0.782607
   83.077251   62.794145    0.086694    0.185440
   83.082292   62.764265    0.349447    2.464609
   83.083552   62.756772    0.413554    3.067422
   83.084811   62.749276    0.319709    2.184323
   83.086072   62.741775    0.304435    2.040374
   83.088597   62.726768    0.290876    1.912291
   83.089866   62.719267    0.246988    1.499156
   83.092406   62.704256    0.336200    2.337876
   83.093677   62.696738    0.305395    2.047816
   83.094945   62.689210    0.263783    1.656094
   83.096214   62.681672    0.439893    3.312553
   83.097482   62.674127    0.215091    1.197503
   83.098749   62.666571    0.282188    1.828441
   83.100014   62.659001    0.264969    1.666198
   83.101278   62.651428    0.293735    1.936544
   83.102544   62.643854    0.328196    2.260468
   83.103810   62.636287    0.252679    1.549782
   83.105080   62.628734    0.324783    2.227827
   83.106350   62.621185    0.057114    0.122167
   83.107619   62.613641    0.079250    0.169517
   83.108887   62.606100    0.004527    0.009684
   83.111416   62.591026    0.076988    0.164678
   83.112679   62.583485    0.072495    0.155069
   83.113940   62.575935    0.013574    0.029036
   83.115201   62.568368    0.000000    0.000000
   83.116460   62.560799    0.041347    0.088442
   83.120230   62.538122    0.000925    0.001978
   83.121483   62.530581    0.052882    0.113116
   83.122737   62.523046    0.085091    0.182010
   83.123992   62.515521    0.087765    0.187731
   83.125250   62.508009    0.090845    0.194319
   83.126508   62.500493    0.069092    0.147790
   83.127767   62.492967    0.040237    0.086069
   83.129025   62.485418    0.123689    0.331056
   83.130283   62.477829    0.274760    1.751966
   83.132799   62.462608    0.217085    1.208869
   83.134056   62.454988    0.216836    1.206260
   83.135314   62.447373    0.265573    1.664484
   83.136572   62.439754    0.286594    1.861966
   83.137831   62.432129    0.279101    1.791213
   83.139093   62.424499    0.284336    1.840200
   83.140358   62.416859    0.370830    2.653614
   83.141625   62.409217    0.345340    2.413556
   83.142892   62.401571    0.434772    3.254602
   83.144160   62.393927    0.348445    2.442228
   83.145428   62.386289    0.347951    2.437320
   83.146695   62.378646    0.337924    2.342723
   83.147961   62.370998    0.269577    1.699496
   83.149225   62.363334    0.232565    1.351047
   83.150486   62.355646    0.482883    3.705602
   83.151745   62.347955    0.389820    2.829866
   83.153002   62.340264    0.273575    1.736040
   83.154258   62.332583    0.339348    2.354522
   83.155514   62.324923    0.446337    3.360745
   83.156768   62.317272    0.305806    2.038456
   83.158022   62.309633    0.399032    2.915201
   83.159275   62.302010    0.369573    2.637807
   83.160526   62.294410    0.316225    2.135682
   83.161777   62.286812    0.151426    0.585095
   83.163027   62.279212    0.151442    0.584988
   83.164276   62.271594    0.090702    0.194013
   83.165522   62.263945    0.016736    0.035799
   83.168016   62.248615    0.354601    2.495118
   83.169264   62.240939    0.306019    2.037834
   83.170514   62.233261    0.285400    1.843601
   83.171767   62.225579    0.177744    0.830575
   83.173021   62.217897    0.148260    0.552952
   83.174277   62.210217    0.156796    0.632981
   83.175535   62.202545    0.167241    0.730981
   83.176796   62.194870    0.163129    0.692036
   83.178057   62.187188    0.040679    0.087012
   83.179319   62.179495    0.256598    1.570796
   83.180582   62.171784    0.365376    2.593840
   83.181846   62.164062    0.242036    1.433272
   83.183108   62.156332    0.178181    0.832308
   83.185626   62.140849    0.349800    2.446254
   83.186883   62.133100    0.403573    2.951846
   83.188139   62.125348    0.209154    1.122622
   83.189396   62.117596    0.209477    1.125390
   83.190655   62.109848    0.344480    2.395141
   83.191915   62.102100    0.261414    1.613448
   83.193174   62.094353    0.326596    2.226378
   83.194432   62.086607    0.363948    2.577487
   83.195689   62.078864    0.339279    2.345156
   83.196946   62.071120    0.311050    2.079332
   83.198201   62.063374    0.514001    3.988296
   83.199454   62.055621    0.328183    2.239981
   83.201955   62.040093    0.277313    1.760904
   83.203204   62.032330    0.288638    1.867172
   83.204452   62.024574    0.391046    2.830298
   83.205700   62.016835    0.366640    2.600438
   83.206947   62.009097    0.447310    3.359067
   83.208195   62.001360    0.425391    3.152605
   83.209443   61.993618    0.458302    3.461952
   83.210692   61.985868    0.409710    3.004561
   83.211941   61.978112    0.310364    2.069718
   83.213191   61.970351    0.313284    2.096922
   83.214439   61.962586    0.279688    1.780615
   83.215687   61.954817    0.170893    0.756878
   83.216935   61.947041    0.342063    2.366867
   83.218184   61.939256    0.352180    2.461779
   83.219434   61.931459    0.444424    3.329289
   83.220686   61.923644    0.325648    2.211651
   83.221939   61.915823    0.203371    1.061091
   83.223193   61.908000    0.285721    1.835522
   83.224447   61.900184    0.379724    2.719569
   83.225703   61.892382    0.350068    2.440326
   83.226959   61.884582    0.434077    3.230357
   83.228216   61.876781    0.484647    3.705822
   83.229473   61.868976    0.603331    4.822059
   83.230730   61.861164    0.352192    2.459244
   83.233243   61.845516    0.340373    2.347534
   83.234498   61.837673    0.311484    2.075492
   83.235751   61.829809    0.338025    2.324911
   83.237003   61.821940    0.395763    2.867805
   83.238255   61.814071    0.449778    3.375681
   83.239505   61.806211    0.289794    1.870390
   83.240753   61.798370    0.375480    2.676206
   83.242001   61.790536    0.297691    1.944156
   83.243248   61.782706    0.303679    2.000228
   83.244494   61.774879    0.304467    2.007373
   83.245741   61.767056    0.300206    1.967026
   83.246987   61.759231    0.307835    2.038535
   83.248232   61.751402    0.216753    1.181432
   83.249478   61.743561    0.386633    2.779288
   83.250725   61.735703    0.402445    2.927766
   83.251971   61.727839    0.139468    0.453596
   83.253217   61.719971    0.152638    0.577225
   83.254462   61.712102    0.327215    2.219264
   83.255704   61.704239    0.272848    1.707558
   83.256946   61.696374    0.350090    2.433931
   83.258189   61.688508    0.053181    0.113756
   83.259432   61.680639    0.273651    1.714322
   83.260677   61.672768    0.295429    1.918935
   83.261923   61.664893    0.264668    1.629293
   83.263170   61.657014    0.276954    1.744609
   83.264417   61.649130    0.303462    1.993716
   83.265666   61.641242    0.287349    1.841875
   83.266915   61.633347    0.399520    2.896838
   83.268164   61.625445    0.449515    3.366904
   83.269413   61.617530    0.366304    2.583840
   83.270661   61.609600    0.469640    3.555699
   83.271909   61.601663    0.439114    3.268274
   83.273158   61.593722    0.354325    2.470371
   83.274408   61.585781    0.426710    3.151061
   83.275660   61.577846    0.283773    1.806142
   83.276913   61.569911    0.248373    1.472855
   83.278165   61.561977    0.345628    2.387500
   83.279417   61.554044    0.549139    4.301742
   83.280668   61.546114    0.416570    3.054357
   83.281917   61.538182    0.350066    2.428465
   83.283166   61.530246    0.518393    4.011712
   83.284413   61.522301    0.346328    2.392781
   83.285659   61.514342    0.337945    2.313656
   83.286903   61.506380    0.386556    2.770701
   83.288146   61.498416    0.425557    3.137332
   83.289388   61.490456    0.393483    2.835341
   83.290628   61.482502    0.333041    2.266482
   83.293107   61.466613    0.341471    2.345269
   83.294347   61.458685    0.540507    4.217402
   83.295586   61.450780    0.366982    2.584740
   83.296826   61.442876    0.286052    1.823137
   83.298066   61.434967    0.274964    1.718570
   83.299306   61.427041    0.368578    2.598976
   83.300546   61.419083    0.304318    1.994197
   83.301787   61.411113    0.359989    2.517653
   83.303027   61.403130    0.385640    2.758695
   83.304268   61.395138    0.236865    1.358864
   83.305507   61.387139    0.201177    1.022871
   83.306747   61.379132    0.386423    2.765279
   83.307988   61.371120    0.421400    3.094061
   83.309230   61.363104    0.359033    2.507097
   83.310475   61.355087    0.509960    3.926654
   83.311722   61.347067    0.380333    2.706948
   83.312969   61.339044    0.275425    1.719784
   83.314218   61.331021    0.382316    2.725079
   83.315468   61.322998    0.451013    3.371069
   83.316719   61.314973    0.389610    2.793172
   83.317969   61.306943    0.474850    3.594794
   83.319217   61.298903    0.391193    2.807544
   83.320463   61.290851    0.425634    3.131278
   83.321708   61.282793    0.306982    2.014816
   83.322951   61.274733    0.298160    1.931558
   83.324194   61.266673    0.308358    2.027238
   83.325435   61.258617    0.353520    2.451831
   83.326675   61.250563    0.393404    2.826775
   83.327914   61.242516    0.326595    2.198021
   83.329152   61.234480    0.403129    2.917737
   83.330390   61.226465    0.384580    2.742980
   83.332864   61.210434    0.319889    2.133894
   83.334100   61.202403    0.315422    2.091605
   83.335335   61.194347    0.010942    0.023405
   83.336570   61.186281    0.202228    1.026232
   83.337804   61.178206    0.297397    1.921259
   83.339038   61.170124    0.264749    1.613873
   83.340272   61.162036    0.302549    1.969208
   83.341506   61.153946    0.452933    3.383667
   83.342740   61.145860    0.321584    2.147758
   83.343976   61.137787    0.283657    1.790706
   83.345213   61.129738    0.296213    1.908563
   83.346451   61.121691    0.279133    1.747630
   83.347689   61.113640    0.142960    0.466343
   83.348929   61.105574    0.248599    1.459867
   83.350171   61.097480    0.275629    1.713879
   83.352655   61.081256    0.114357    0.244612
   83.353896   61.073126    0.131694    0.359051
   83.355135   61.064984    0.089144    0.190680
   83.356373   61.056835    0.129703    0.339797
   83.357612   61.048685    0.077022    0.164752
   83.358851   61.040538    0.166202    0.682628
   83.360093   61.032404    0.100894    0.215815
   83.361334   61.024271    0.045412    0.097137
   83.362576   61.016136    0.093897    0.200848
   83.366305   60.991697    0.262609    1.587988
   83.367547   60.983541    0.269270    1.650388
   83.368787   60.975381    0.237334    1.349692
   83.370025   60.967217    0.367854    2.577282
   83.371260   60.959051    0.299059    1.929841
   83.372495   60.950884    0.245823    1.428767
   83.373728   60.942716    0.311646    2.047724
   83.374961   60.934548    0.168641    0.702173
   83.376193   60.926384    0.129675    0.335340
   83.377426   60.918223    0.267668    1.633229
   83.378659   60.910073    0.194176    0.941599
   83.379895   60.901938    0.241260    1.384279
   83.381131   60.893807    0.391565    2.797987
   83.382366   60.885676    0.240975    1.381075
   83.383600   60.877542    0.311237    2.041792
   83.384830   60.869399    0.280342    1.750895
   83.386060   60.861250    0.297236    1.909557
   83.387288   60.853093    0.335271    2.267110
   83.388517   60.844925    0.375242    2.642871
   83.389747   60.836740    0.423959    3.100901
   83.390977   60.828549    0.324657    2.166477
   83.392209   60.820351    0.324753    2.167121
   83.393442   60.812152    0.355695    2.457938
   83.394677   60.803957    0.402931    2.902039
   83.395914   60.795758    0.402241    2.895286
   83.397152   60.787552    0.195008    0.945516
   83.399632   60.771108    0.184661    0.847655
   83.400873   60.762870    0.103762    0.221950
   83.402114   60.754623    0.284700    1.788233
   83.403354   60.746366    0.349160    2.394368
   83.404592   60.738095    0.354399    2.443386
   83.405828   60.729820    0.306705    1.994448
   83.407064   60.721544    0.314444    2.066991
   83.408300   60.713272    0.122641    0.262370
   83.410770   60.696751    0.078280    0.167443
   83.412005   60.688500    0.173737    0.742265
   83.414471   60.672035    0.103775    0.221977
   83.415702   60.663812    0.090749    0.194115
   83.416932   60.655587    0.218302    1.160456
   83.418161   60.647347    0.123664    0.269906
   83.419388   60.639084    0.318895    2.106254
   83.420614   60.630812    0.388214    2.758102
   83.421840   60.622536    0.364408    2.533889
   83.423064   60.614261    0.276730    1.708813
   83.424286   60.605991    0.166349    0.670160
   83.425509   60.597722    0.250238    1.459071
   83.427958   60.581183    0.381860    2.696770
   83.429187   60.572915    0.282037    1.757440
   83.430417   60.564644    0.336226    2.266948
   83.431648   60.556370    0.307417    1.995672
   83.432879   60.548091    0.317581    2.091025
   83.434109   60.539809    0.366787    2.553660
   83.435340   60.531518    0.450519    3.341096
   83.436570   60.523212    0.467141    3.497202
   83.437801   60.514883    0.453839    3.371810
   83.439031   60.506521    0.308177    2.001254
   83.440261   60.498146    0.305584    1.976600
   83.441493   60.489766    0.371531    2.596725
   83.442726   60.481388    0.240721    1.365884
   83.443962   60.473024    0.335286    2.255235
   83.446435   60.456304    0.410478    2.962064
   83.447671   60.447950    0.328157    2.187377
   83.448905   60.439601    0.289683    1.825183
   83.450138   60.431252    0.343277    2.329096
   83.451370   60.422898    0.360029    2.486427
   83.452599   60.414534    0.319745    2.107199
   83.453826   60.406152    0.295214    1.876166
   83.455052   60.397766    0.339975    2.296986
   83.456276   60.389380    0.171281    0.709767
   83.457499   60.381000    0.158181    0.586265
   83.459944   60.364274    0.118119    0.252660
   83.461165   60.355923    0.169260    0.689711
   83.463604   60.339262    0.345669    2.348732
   83.464822   60.330943    0.495328    3.756365
   83.469697   60.297570    0.340696    2.300654
   83.470918   60.289196    0.312371    2.033936
