Converting ICESat/GLAS binary freeboard vector data to ASCII
Wed Feb 12 09:58:07 2014

write_fb:
  file_in:       laser3k0112002.dat
  laser_period:  3k
  track:         0112
  cycle:         002
  file_out:      laser3k0112002.txt
  non_zero_only:        0
  nan_replace:       -999

read_fb:
  Year:                  2008
  Month:                   10
  Day:                     16
  Hour:                    20
  Minute:                  50
  Doy:                    290
  record_count:          2014
  non_zero_count:        2006
  nan_count:                0

    Latitude   Longitude   Freeboard   Thickness
   79.405483  167.089425    0.197950    0.493023
   79.406915  167.086138    0.217523    0.677156
   79.408347  167.082851    0.146555    0.314850
   79.409778  167.079564    0.095944    0.206120
   79.411209  167.076277    0.148656    0.319364
   79.412641  167.072990    0.070189    0.150790
   79.414072  167.069704    0.137027    0.294381
   79.415504  167.066418    0.322719    1.666831
   79.416936  167.063132    0.234404    0.836027
   79.418368  167.059845    0.235478    0.846139
   79.419800  167.056559    0.219730    0.698009
   79.421231  167.053274    0.233039    0.823215
   79.422662  167.049993    0.223379    0.732354
   79.424090  167.046720    0.259578    1.072898
   79.425518  167.043447    0.207871    0.586479
   79.426946  167.040175    0.074221    0.159453
   79.428373  167.036899    0.207232    0.580484
   79.432656  167.027041    0.306007    1.509721
   79.434086  167.023750    0.270443    1.175170
   79.435516  167.020456    0.136569    0.293396
   79.436948  167.017159    0.157667    0.338722
   79.438381  167.013860    0.213782    0.642166
   79.439814  167.010558    0.191024    0.428082
   79.441249  167.007254    0.166203    0.357061
   79.444119  167.000637    0.300709    1.459954
   79.445555  166.997320    0.212916    0.634064
   79.446992  166.993992    0.112272    0.241197
   79.448429  166.990662    0.203292    0.543552
   79.449865  166.987331    0.134506    0.288963
   79.451301  166.984003    0.096918    0.208212
   79.452734  166.980683    0.262433    1.099936
   79.454167  166.977366    0.187266    0.402310
   79.457030  166.970744    0.161099    0.346094
   79.458462  166.967440    0.175027    0.376017
   79.459894  166.964138    0.213260    0.637395
   79.461325  166.960836    0.199742    0.510235
   79.462756  166.957531    0.236313    0.854282
   79.464185  166.954219    0.184380    0.396110
   79.465613  166.950905    0.224549    0.743625
   79.467040  166.947587    0.225067    0.748507
   79.468467  166.944267    0.259450    1.071970
   79.469893  166.940941    0.233772    0.830421
   79.472743  166.934290    0.226284    0.759996
   79.474169  166.930970    0.227458    0.771048
   79.475596  166.927663    0.181465    0.389848
   79.478453  166.921051    0.203363    0.544402
   79.479882  166.917739    0.240280    0.891705
   79.481312  166.914414    0.121562    0.261156
   79.485605  166.904407    0.151464    0.325395
   79.487037  166.901063    0.212703    0.632319
   79.488469  166.897717    0.113094    0.242965
   79.489901  166.894369    0.158325    0.340136
   79.491334  166.891020    0.213466    0.639522
   79.492766  166.887672    0.208405    0.591929
   79.494199  166.884326    0.269653    1.168113
   79.495632  166.880982    0.215899    0.662442
   79.497065  166.877643    0.184970    0.397377
   79.498498  166.874315    0.280852    1.273488
   79.499931  166.870989    0.261838    1.094634
   79.501365  166.867663    0.236873    0.859782
   79.504229  166.860989    0.189201    0.411330
   79.505661  166.857642    0.271124    1.182016
   79.507091  166.854291    0.284169    1.304745
   79.508522  166.850936    0.303244    1.484203
   79.509951  166.847576    0.132375    0.284386
   79.511380  166.844215    0.154702    0.332351
   79.512810  166.840855    0.203809    0.548813
   79.514239  166.837498    0.291900    1.377520
   79.515670  166.834151    0.203958    0.550227
   79.517101  166.830806    0.223282    0.732028
   79.518533  166.827462    0.241230    0.900879
   79.519963  166.824117    0.237444    0.865271
   79.521393  166.820768    0.206755    0.576577
   79.522822  166.817418    0.262023    1.096508
   79.524250  166.814067    0.195513    0.470839
   79.525678  166.810716    0.251045    0.993259
   79.527103  166.807365    0.284533    1.308301
   79.531377  166.797317    0.242060    0.908782
   79.532805  166.793975    0.227573    0.772510
   79.534235  166.790631    0.193088    0.448110
   79.535664  166.787285    0.270535    1.176694
   79.537095  166.783932    0.291079    1.369965
   79.538527  166.780565    0.243935    0.926479
   79.539958  166.777192    0.264056    1.115772
   79.541390  166.773817    0.295304    1.409746
   79.544253  166.767069    0.256077    1.040750
   79.545684  166.763696    0.292890    1.387075
   79.547115  166.760323    0.258000    1.058860
   79.551411  166.750195    0.287261    1.334163
   79.554277  166.743445    0.297254    1.428201
   79.555710  166.740077    0.241763    0.906182
   79.557143  166.736711    0.242247    0.910749
   79.558575  166.733346    0.212796    0.633707
   79.560005  166.729983    0.200611    0.519088
   79.561432  166.726619    0.310342    1.551380
   79.562858  166.723256    0.216762    0.671054
   79.567133  166.713151    0.290914    1.368657
   79.568558  166.709777    0.244454    0.931601
   79.569983  166.706403    0.211067    0.617530
   79.571408  166.703030    0.252988    1.011910
   79.572834  166.699663    0.219050    0.692653
   79.574260  166.696297    0.271292    1.184121
   79.575686  166.692928    0.237086    0.862353
   79.577113  166.689556    0.274104    1.210600
   79.578540  166.686177    0.241434    0.903276
   79.579968  166.682793    0.264029    1.115849
   79.582827  166.676013    0.240060    0.890380
   79.584257  166.672613    0.244693    0.933978
   79.588551  166.662407    0.231807    0.812794
   79.589983  166.659013    0.252695    1.009305
   79.591414  166.655621    0.262539    1.101924
   79.592845  166.652229    0.214171    0.646921
   79.594275  166.648837    0.296787    1.424124
   79.595705  166.645443    0.240384    0.893532
   79.598562  166.638652    0.228684    0.783489
   79.599991  166.635253    0.230495    0.800537
   79.601420  166.631851    0.262172    1.098543
   79.604277  166.625044    0.269900    1.171266
   79.605706  166.621640    0.207150    0.580967
   79.607133  166.618238    0.258144    1.060696
   79.608560  166.614836    0.227898    0.776179
   79.609988  166.611434    0.232791    0.822219
   79.611415  166.608031    0.169470    0.364079
   79.612843  166.604627    0.322460    1.665788
   79.614271  166.601221    0.177169    0.380619
   79.615698  166.597814    0.205100    0.561767
   79.617125  166.594405    0.177870    0.382124
   79.618550  166.590994    0.213020    0.636296
   79.619975  166.587583    0.251036    0.993936
   79.621400  166.584171    0.225778    0.756330
   79.622825  166.580761    0.139527    0.299750
   79.624251  166.577354    0.235883    0.851419
   79.625677  166.573949    0.177769    0.381907
   79.627104  166.570544    0.211710    0.624037
   79.628530  166.567142    0.155451    0.333960
   79.629957  166.563743    0.183340    0.393876
   79.631383  166.560343    0.185823    0.399211
   79.632810  166.556942    0.302110    1.474502
   79.634236  166.553536    0.257442    1.054306
   79.635662  166.550119    0.182664    0.392424
   79.638514  166.543276    0.205074    0.561695
   79.639940  166.539853    0.187333    0.402455
   79.642795  166.533014    0.241939    0.908528
   79.644224  166.529592    0.355109    1.973174
   79.645653  166.526170    0.174309    0.374473
   79.647083  166.522744    0.252634    1.009176
   79.648513  166.519316    0.164301    0.352973
   79.649944  166.515885    0.225556    0.754464
   79.651374  166.512450    0.232442    0.819252
   79.652804  166.509008    0.230486    0.800866
   79.654233  166.505563    0.205682    0.567538
   79.655662  166.502115    0.219785    0.700224
   79.657090  166.498667    0.233711    0.831241
   79.659949  166.491770    0.216703    0.671262
   79.661377  166.488323    0.187015    0.401771
   79.662806  166.484879    0.255798    1.039065
   79.664233  166.481441    0.217790    0.681521
   79.665660  166.478005    0.176659    0.379523
   79.667087  166.474570    0.154369    0.331637
   79.668514  166.471135    0.000000    0.000000
   79.672796  166.460820    0.281366    1.279669
   79.674222  166.457380    0.234390    0.837761
   79.675647  166.453941    0.181677    0.390303
   79.677072  166.450500    0.163922    0.352159
   79.678497  166.447059    0.272442    1.195754
   79.679922  166.443615    0.250800    0.992177
   79.681347  166.440166    0.176409    0.378986
   79.682772  166.436716    0.205768    0.568561
   79.684197  166.433267    0.216460    0.669155
   79.685622  166.429821    0.181231    0.389346
   79.687047  166.426381    0.211946    0.626715
   79.688472  166.422943    0.161360    0.346655
   79.689896  166.419505    0.200972    0.523504
   79.691320  166.416066    0.139499    0.299691
   79.692742  166.412625    0.290685    1.367479
   79.694164  166.409181    0.261378    1.091794
   79.697010  166.402275    0.197772    0.493452
   79.698435  166.398802    0.284337    1.307810
   79.699862  166.395324    0.218255    0.686165
   79.702716  166.388367    0.137800    0.296041
   79.704144  166.384900    0.174394    0.374658
   79.705573  166.381434    0.195927    0.476159
   79.707001  166.377968    0.242774    0.916874
   79.711288  166.367544    0.214268    0.648743
   79.712717  166.364064    0.259456    1.073847
   79.714145  166.360585    0.235983    0.853036
   79.715572  166.357107    0.226355    0.762475
   79.716998  166.353631    0.168629    0.362272
   79.718423  166.350155    0.220939    0.711548
   79.719848  166.346683    0.252956    1.012754
   79.721271  166.343215    0.222289    0.724265
   79.722695  166.339748    0.217672    0.680842
   79.724117  166.336282    0.202119    0.534547
   79.725538  166.332815    0.155954    0.335042
   79.726959  166.329346    0.209795    0.606778
   79.728378  166.325875    0.213827    0.644718
   79.729798  166.322403    0.223895    0.739441
   79.731217  166.318931    0.158631    0.340793
   79.732637  166.315457    0.253361    1.016655
   79.734058  166.311982    0.186054    0.399706
   79.735479  166.308506    0.162824    0.349801
   79.736901  166.305027    0.183380    0.393962
   79.739751  166.298064    0.165152    0.354803
   79.742603  166.291091    0.165098    0.354685
   79.746886  166.280610    0.174775    0.375476
   79.749741  166.273612    0.193650    0.455062
   79.751168  166.270110    0.144715    0.310897
   79.752594  166.266606    0.240677    0.897477
   79.754021  166.263097    0.198453    0.500278
   79.755447  166.259582    0.214292    0.649290
   79.756873  166.256065    0.188325    0.405013
   79.758299  166.252549    0.234268    0.837232
   79.759723  166.249037    0.253951    1.022400
   79.762570  166.242037    0.198429    0.500107
   79.763993  166.238541    0.195999    0.477256
   79.765416  166.235046    0.172581    0.370761
   79.766838  166.231552    0.226357    0.762870
   79.768260  166.228057    0.172257    0.370066
   79.775375  166.210519    0.203931    0.551960
   79.776798  166.207006    0.228973    0.787544
   79.778222  166.203498    0.154596    0.332124
   79.779645  166.199992    0.121373    0.260751
   79.781068  166.196489    0.174465    0.374809
   79.782491  166.192988    0.210915    0.617710
   79.783913  166.189493    0.182071    0.391149
   79.785336  166.185998    0.162428    0.348949
   79.786758  166.182502    0.193747    0.456240
   79.788180  166.179005    0.121090    0.260142
   79.792445  166.168485    0.252987    1.013578
   79.793867  166.164966    0.224061    0.741479
   79.795290  166.161433    0.200241    0.517410
   79.798136  166.154356    0.181843    0.390659
   79.799559  166.150817    0.234785    0.842416
   79.800981  166.147287    0.220995    0.712701
   79.802404  166.143757    0.171763    0.369005
   79.803827  166.140226    0.156038    0.335223
   79.805252  166.136694    0.188183    0.404281
   79.808107  166.129617    0.195618    0.474031
   79.809535  166.126076    0.184025    0.395348
   79.810962  166.122534    0.212458    0.632479
   79.812388  166.118991    0.146560    0.314860
   79.815236  166.111904    0.185878    0.399329
   79.816659  166.108363    0.235170    0.846182
   79.819503  166.101290    0.096650    0.207637
   79.820924  166.097752    0.130730    0.280853
   79.822345  166.094212    0.198040    0.496936
   79.823767  166.090664    0.109183    0.234562
   79.825189  166.087116    0.193438    0.453670
   79.826610  166.083568    0.186420    0.400492
   79.832283  166.069434    0.117086    0.251540
   79.833701  166.065906    0.149326    0.320803
   79.835122  166.062378    0.188558    0.407847
   79.836544  166.058849    0.178588    0.383668
   79.837967  166.055316    0.198542    0.501791
   79.842235  166.044675    0.143165    0.307567
   79.845081  166.037557    0.210087    0.610459
   79.847927  166.030433    0.167095    0.358976
   79.850774  166.023297    0.188118    0.404142
   79.852199  166.019721    0.194464    0.463555
   79.853624  166.016142    0.209718    0.607060
   79.856475  166.008982    0.223559    0.737296
   79.859325  166.001826    0.207984    0.590801
   79.862173  165.994677    0.155555    0.334185
   79.863594  165.991111    0.220902    0.712361
   79.866436  165.983983    0.160051    0.343843
   79.870696  165.973279    0.196990    0.487470
   79.872116  165.969709    0.176451    0.379075
   79.873536  165.966138    0.155755    0.334615
   79.874956  165.962569    0.151587    0.325661
   79.877797  165.955430    0.220253    0.706373
   79.883480  165.941160    0.182725    0.392555
   79.884901  165.937589    0.106414    0.228613
   79.886323  165.934014    0.192119    0.441779
   79.889167  165.926858    0.155106    0.333220
   79.890589  165.923278    0.158825    0.341209
   79.892010  165.919698    0.176630    0.379460
   79.893431  165.916115    0.165567    0.355694
   79.894852  165.912530    0.148842    0.319762
   79.896273  165.908941    0.210486    0.614646
   79.897694  165.905347    0.188225    0.405244
   79.899115  165.901749    0.151836    0.326194
   79.900536  165.898148    0.152688    0.328026
   79.901957  165.894542    0.209734    0.607618
   79.903380  165.890931    0.164310    0.352992
   79.904803  165.887318    0.136230    0.292667
   79.906226  165.883704    0.262146    1.100714
   79.907649  165.880093    0.101504    0.218065
   79.909072  165.876487    0.188199    0.405095
   79.910494  165.872884    0.218156    0.686916
   79.914759  165.862087    0.170482    0.366253
   79.916180  165.858490    0.141348    0.303662
   79.917600  165.854892    0.127792    0.274539
   79.920438  165.847675    0.163549    0.351357
   79.921856  165.844059    0.191682    0.437960
   79.923274  165.840442    0.156477    0.336164
   79.926113  165.833223    0.162982    0.350140
   79.927533  165.829620    0.173815    0.373412
   79.930374  165.822415    0.183122    0.393407
   79.931794  165.818811    0.175751    0.377572
   79.934634  165.811596    0.192352    0.444372
   79.936054  165.807983    0.190062    0.422835
   79.938895  165.800737    0.160756    0.345357
   79.940315  165.797109    0.177307    0.380915
   79.943152  165.789854    0.182029    0.391060
   79.944570  165.786226    0.170790    0.366914
   79.947405  165.778971    0.217671    0.682653
   79.948825  165.775345    0.195816    0.477066
   79.950244  165.771719    0.214320    0.651150
   79.951663  165.768093    0.170763    0.366856
   79.953082  165.764466    0.145422    0.312414
   79.954500  165.760840    0.152797    0.328259
   79.955917  165.757213    0.196375    0.482380
   79.957335  165.753584    0.182216    0.391462
   79.960172  165.746314    0.119797    0.257365
   79.961591  165.742674    0.146162    0.314005
   79.963011  165.739033    0.094366    0.202730
   79.964430  165.735391    0.148969    0.320035
   79.967269  165.728110    0.188337    0.406861
   79.970108  165.720826    0.176961    0.380172
   79.971529  165.717177    0.140454    0.301743
   79.972950  165.713528    0.210031    0.610987
   79.974370  165.709881    0.192661    0.447595
   79.978632  165.698971    0.188902    0.412258
   79.981471  165.691703    0.236621    0.861192
   79.982891  165.688059    0.137920    0.296299
   79.985728  165.680760    0.190228    0.424795
   79.988563  165.673454    0.191569    0.437425
   79.992810  165.662489    0.173728    0.373226
   79.994226  165.658838    0.217314    0.679669
   79.997059  165.651529    0.218375    0.689667
   79.998477  165.647867    0.141669    0.304354
   80.001315  165.640514    0.156733    0.336715
   80.002736  165.636831    0.152032    0.326615
   80.005578  165.629466    0.132952    0.285626
   80.009841  165.618429    0.217337    0.680002
   80.011259  165.614760    0.174921    0.375790
   80.012677  165.611092    0.233629    0.833286
   80.014094  165.607424    0.156821    0.336905
   80.015510  165.603754    0.225715    0.758865
   80.016926  165.600076    0.151483    0.325437
   80.018341  165.596397    0.203888    0.553552
   80.019756  165.592717    0.176591    0.379376
   80.021172  165.589040    0.175305    0.376615
   80.024006  165.581701    0.133024    0.285781
   80.026840  165.574366    0.224716    0.749550
   80.028254  165.570699    0.150831    0.324037
   80.031083  165.563358    0.184072    0.395448
   80.032498  165.559681    0.196826    0.487220
   80.033914  165.555992    0.190498    0.427703
   80.035330  165.552301    0.189343    0.416853
   80.036747  165.548609    0.199629    0.513622
   80.042415  165.533877    0.223538    0.738601
   80.043832  165.530197    0.163825    0.351950
   80.045250  165.526517    0.152762    0.328185
   80.046668  165.522835    0.129504    0.278219
   80.048086  165.519149    0.173344    0.372401
   80.049504  165.515458    0.198353    0.501748
   80.050921  165.511756    0.133241    0.286246
   80.052338  165.508050    0.173298    0.372302
   80.055171  165.500633    0.239097    0.885098
   80.059415  165.489513    0.171710    0.368890
   80.060830  165.485808    0.159201    0.342017
   80.062246  165.482106    0.205422    0.568371
   80.063663  165.478405    0.119492    0.256708
   80.065080  165.474702    0.184687    0.396769
   80.066497  165.470995    0.206903    0.582353
   80.067913  165.467280    0.229182    0.791948
   80.069330  165.463563    0.197179    0.490897
   80.070746  165.459845    0.199721    0.514823
   80.073578  165.452413    0.243789    0.929416
   80.074994  165.448699    0.183755    0.394767
   80.076411  165.444987    0.151436    0.325336
   80.077828  165.441274    0.186593    0.400864
   80.079247  165.437563    0.144957    0.311417
   80.080666  165.433852    0.162664    0.349456
   80.082084  165.430138    0.152335    0.327267
   80.083501  165.426421    0.102838    0.220930
   80.087740  165.415246    0.099412    0.213569
   80.091979  165.404048    0.181514    0.389953
   80.094808  165.396585    0.156025    0.335193
   80.096222  165.392863    0.132916    0.285549
   80.097637  165.389143    0.157546    0.338461
   80.101884  165.377953    0.154058    0.330969
   80.103300  165.374209    0.142596    0.306344
   80.104717  165.370461    0.107155    0.230205
   80.106134  165.366709    0.187691    0.403223
   80.107551  165.362953    0.087975    0.188999
   80.110384  165.355438    0.164311    0.352995
   80.111800  165.351682    0.000000    0.000000
   80.113215  165.347931    0.123467    0.265248
   80.114630  165.344183    0.112952    0.242658
   80.116044  165.340438    0.167774    0.360435
   80.117459  165.336698    0.133659    0.287144
   80.118875  165.332966    0.074187    0.159379
   80.120290  165.329235    0.131270    0.282013
   80.121705  165.325504    0.028661    0.061573
   80.123120  165.321769    0.118434    0.254436
   80.124534  165.318023    0.211450    0.625687
   80.125948  165.314273    0.125797    0.270255
   80.127361  165.310519    0.071011    0.152555
   80.128774  165.306763    0.144031    0.309428
   80.130186  165.303001    0.174319    0.374497
   80.131598  165.299239    0.123547    0.265421
   80.133010  165.295476    0.083544    0.179480
   80.134422  165.291717    0.097951    0.210432
   80.135836  165.287964    0.108901    0.233956
   80.137250  165.284214    0.126822    0.272457
   80.138664  165.280466    0.128667    0.276421
   80.140078  165.276719    0.164572    0.353556
   80.141491  165.272976    0.180325    0.387398
   80.142904  165.269231    0.158109    0.339670
   80.144317  165.265483    0.104956    0.225480
   80.145730  165.261731    0.130996    0.281424
   80.147142  165.257970    0.133991    0.287858
   80.149969  165.250431    0.109657    0.235580
   80.151383  165.246655    0.145766    0.313154
   80.152798  165.242874    0.138701    0.297977
   80.154213  165.239091    0.140803    0.302491
   80.155629  165.235305    0.109149    0.234489
   80.157045  165.231521    0.158066    0.339579
   80.158462  165.227742    0.088034    0.189128
   80.159878  165.223963    0.110896    0.238243
   80.161294  165.220182    0.037406    0.080360
   80.162710  165.216397    0.153451    0.329664
   80.164125  165.212604    0.187294    0.402370
   80.165540  165.208809    0.132078    0.283747
   80.166955  165.205012    0.182779    0.392670
   80.168369  165.201213    0.148533    0.319098
   80.169783  165.197413    0.076165    0.163627
   80.171196  165.193614    0.108024    0.232071
   80.172609  165.189817    0.175625    0.377302
   80.174021  165.186025    0.129857    0.278977
   80.175433  165.182243    0.169419    0.363968
   80.176844  165.178463    0.094924    0.203930
   80.178254  165.174686    0.141633    0.304275
   80.179664  165.170908    0.238445    0.880125
   80.181073  165.167128    0.222853    0.733457
   80.182481  165.163347    0.128478    0.276013
   80.183890  165.159564    0.117294    0.251986
   80.185299  165.155778    0.143604    0.308510
   80.186709  165.151988    0.152443    0.327498
   80.188121  165.148196    0.147604    0.317103
   80.189532  165.144402    0.148681    0.319416
   80.190944  165.140606    0.125891    0.270456
   80.193768  165.133011    0.164135    0.352616
   80.195180  165.129210    0.159396    0.342437
   80.199423  165.117791    0.101907    0.218932
   80.200839  165.113977    0.070997    0.152526
   80.202255  165.110158    0.195176    0.473274
   80.203671  165.106331    0.212294    0.634323
   80.206502  165.098668    0.078572    0.168799
   80.209331  165.091004    0.172464    0.370510
   80.210744  165.087174    0.215601    0.665493
   80.212157  165.083345    0.161654    0.347288
   80.214982  165.075703    0.162654    0.349435
   80.217806  165.068071    0.201448    0.532417
   80.219218  165.064251    0.170900    0.367151
   80.220628  165.060422    0.186527    0.400722
   80.222038  165.056590    0.153036    0.328772
   80.223447  165.052757    0.170788    0.366910
   80.224856  165.048921    0.159204    0.342023
   80.226266  165.045086    0.104999    0.225573
   80.229085  165.037416    0.157310    0.337956
   80.230495  165.033583    0.227653    0.779037
   80.231905  165.029751    0.195386    0.475505
   80.233316  165.025921    0.164768    0.353977
   80.234726  165.022093    0.179470    0.385562
   80.237549  165.014447    0.215474    0.664530
   80.238960  165.010628    0.139080    0.298790
   80.240372  165.006808    0.101078    0.217149
   80.241782  165.002984    0.145867    0.313371
   80.243191  164.999151    0.173981    0.373770
   80.244600  164.995315    0.197193    0.492612
   80.246009  164.991475    0.181178    0.389231
   80.247418  164.987634    0.180470    0.387711
   80.248828  164.983792    0.152688    0.328024
   80.250239  164.979948    0.176088    0.378296
   80.251650  164.976101    0.150121    0.322510
   80.253062  164.972251    0.132304    0.284234
   80.255887  164.964541    0.086150    0.185078
   80.257299  164.960682    0.166635    0.357988
   80.258711  164.956820    0.171734    0.368943
   80.262946  164.945225    0.198378    0.503909
   80.265768  164.937474    0.150045    0.322347
   80.267179  164.933594    0.199262    0.512257
   80.268590  164.929715    0.198455    0.504680
   80.270002  164.925840    0.180916    0.388669
   80.271413  164.921976    0.092382    0.198468
   80.272824  164.918117    0.037848    0.081310
   80.274235  164.914260    0.119210    0.256102
   80.281279  164.894990    0.186973    0.401680
   80.282684  164.891116    0.131435    0.282367
   80.284088  164.887238    0.181635    0.390212
   80.285493  164.883359    0.222011    0.726422
   80.286899  164.879480    0.187443    0.402691
   80.288307  164.875609    0.254846    1.035331
   80.289716  164.871739    0.208113    0.595710
   80.291126  164.867871    0.322255    1.669493
   80.292536  164.864005    0.260128    1.085060
   80.293947  164.860144    0.260555    1.089089
   80.295358  164.856283    0.298793    1.448826
   80.298181  164.848545    0.248339    0.974219
   80.301003  164.840761    0.231627    0.817032
   80.302414  164.836862    0.216175    0.671679
   80.303825  164.832961    0.246846    0.960226
   80.306647  164.825159    0.297955    1.441061
   80.308057  164.821259    0.208464    0.599196
   80.312284  164.809579    0.220379    0.711331
   80.313692  164.805687    0.155203    0.333428
   80.317920  164.793987    0.210951    0.622696
   80.319329  164.790081    0.266654    1.146732
   80.322143  164.782261    0.192401    0.448234
   80.323548  164.778349    0.221950    0.726231
   80.326359  164.770531    0.212284    0.635328
   80.327768  164.766629    0.191423    0.439094
   80.329177  164.762730    0.134153    0.288205
   80.336228  164.743231    0.163745    0.351780
   80.337637  164.739325    0.212273    0.635342
   80.339046  164.735413    0.221345    0.720700
   80.340454  164.731497    0.277164    1.245816
   80.344682  164.719746    0.269848    1.177037
   80.347505  164.711911    0.175937    0.377972
   80.348916  164.707993    0.149039    0.320187
   80.350327  164.704077    0.202309    0.541732
   80.351738  164.700158    0.215823    0.668883
   80.353148  164.696236    0.258256    1.068074
   80.354558  164.692311    0.234767    0.847118
   80.355967  164.688378    0.238941    0.886404
   80.358783  164.680501    0.180619    0.388031
   80.360190  164.676556    0.225765    0.762497
   80.361596  164.672603    0.249452    0.985344
   80.363001  164.668648    0.154690    0.332326
   80.364405  164.664696    0.189883    0.424987
   80.365809  164.660749    0.166189    0.357030
   80.367212  164.656816    0.324409    1.690539
   80.368614  164.652887    0.207318    0.589046
   80.371418  164.645040    0.197155    0.493467
   80.372823  164.641122    0.095918    0.206063
   80.375632  164.633281    0.240732    0.903452
   80.377038  164.629350    0.208737    0.602475
   80.378444  164.625399    0.199658    0.517082
   80.379850  164.621442    0.193030    0.454748
   80.381257  164.617481    0.262253    1.105963
   80.382664  164.613517    0.193008    0.454563
   80.384072  164.609553    0.234561    0.845484
   80.385480  164.605590    0.270873    1.187102
   80.386889  164.601629    0.217678    0.686690
   80.389712  164.593728    0.181413    0.389735
   80.392539  164.585841    0.285452    1.324320
   80.393951  164.581894    0.214834    0.660008
   80.396770  164.573978    0.252277    1.012267
   80.398178  164.570014    0.197100    0.493212
   80.399586  164.566046    0.101952    0.219027
   80.400995  164.562072    0.127753    0.274456
   80.402403  164.558095    0.141840    0.304720
   80.406622  164.546178    0.196638    0.488954
   80.408026  164.542214    0.092287    0.198264
   80.409430  164.538250    0.190667    0.432809
   80.410833  164.534288    0.162290    0.348654
   80.412237  164.530325    0.173423    0.372571
   80.413640  164.526361    0.172488    0.370561
   80.416447  164.518423    0.129614    0.278455
   80.417850  164.514445    0.202177    0.541176
   80.419254  164.510462    0.227366    0.778144
   80.420658  164.506477    0.163932    0.352182
   80.422063  164.502491    0.315466    1.606963
   80.423468  164.498506    0.258214    1.068388
   80.424873  164.494520    0.157102    0.337507
   80.426278  164.490533    0.216524    0.676224
   80.427684  164.486545    0.259100    1.076764
   80.429089  164.482557    0.155991    0.335120
   80.430495  164.478569    0.166259    0.357180
   80.431901  164.474580    0.165327    0.355177
   80.433309  164.470590    0.193673    0.461322
   80.434718  164.466600    0.177593    0.381529
   80.436128  164.462610    0.215984    0.671244
   80.437537  164.458619    0.182104    0.391220
   80.438946  164.454628    0.196037    0.483615
   80.440352  164.450639    0.148661    0.319374
   80.441757  164.446649    0.206756    0.584480
   80.444567  164.438670    0.220999    0.718497
   80.445973  164.434684    0.142793    0.306767
   80.447380  164.430695    0.172756    0.371139
   80.453010  164.414653    0.238457    0.882818
   80.454417  164.410623    0.189999    0.426969
   80.455824  164.406594    0.176289    0.378729
   80.457230  164.402570    0.192405    0.449631
   80.458635  164.398548    0.171644    0.368749
   80.460040  164.394527    0.191849    0.444426
   80.462848  164.386490    0.228656    0.790712
   80.464252  164.382474    0.196046    0.483953
   80.465655  164.378458    0.173862    0.373514
   80.468458  164.370431    0.117946    0.253388
   80.469858  164.366417    0.203032    0.549727
   80.471259  164.362403    0.245681    0.950950
   80.472659  164.358385    0.186385    0.400418
   80.475464  164.350334    0.165465    0.355474
   80.476867  164.346306    0.159518    0.342699
   80.478270  164.342276    0.219178    0.701695
   80.479675  164.338247    0.049988    0.107392
   80.481080  164.334218    0.168655    0.362328
   80.482486  164.330188    0.170220    0.365689
   80.483892  164.326158    0.156609    0.336449
   80.485298  164.322130    0.179059    0.384678
   80.486704  164.318102    0.271869    1.197459
   80.489517  164.310039    0.196014    0.483890
   80.490924  164.306002    0.189432    0.421989
   80.492331  164.301962    0.209635    0.612058
   80.495146  164.293878    0.217967    0.690462
   80.496554  164.289834    0.165931    0.356475
   80.497962  164.285789    0.205241    0.570769
   80.502178  164.273666    0.195615    0.480250
   80.503580  164.269630    0.162341    0.348763
   80.504981  164.265592    0.185430    0.398366
   80.506381  164.261549    0.220530    0.714671
   80.507780  164.257496    0.185120    0.397700
   80.509178  164.253439    0.228740    0.791933
   80.510576  164.249381    0.260339    1.089210
   80.511973  164.245324    0.215246    0.665015
   80.513370  164.241271    0.187217    0.402205
   80.514767  164.237218    0.156772    0.336800
   80.516165  164.233165    0.156865    0.336999
   80.517564  164.229112    0.201798    0.538556
   80.518964  164.225058    0.160544    0.344902
   80.520366  164.221003    0.261311    1.098441
   80.521769  164.216946    0.245526    0.949961
   80.523172  164.212886    0.220730    0.716700
   80.524575  164.208821    0.118948    0.255540
   80.525978  164.204755    0.175806    0.377691
   80.527382  164.200687    0.095552    0.205277
   80.528785  164.196619    0.211262    0.627685
   80.530188  164.192555    0.249245    0.985014
   80.531591  164.188491    0.166089    0.356815
   80.532995  164.184425    0.229812    0.802223
   80.534399  164.180357    0.199322    0.515410
   80.535805  164.176285    0.192913    0.455133
   80.537210  164.172210    0.175291    0.376584
   80.538616  164.168134    0.244375    0.939275
   80.541425  164.159981    0.181984    0.390963
   80.542829  164.155904    0.184136    0.395585
   80.544232  164.151823    0.195352    0.478150
   80.548440  164.139551    0.220664    0.716316
   80.549842  164.135453    0.246549    0.959831
   80.551244  164.131353    0.253544    1.025652
   80.552645  164.127251    0.285949    1.330517
   80.554047  164.123150    0.236123    0.861802
   80.555447  164.119050    0.200680    0.528392
   80.556847  164.114956    0.301920    1.480808
   80.559642  164.106793    0.226732    0.773522
   80.561040  164.102713    0.201684    0.537897
   80.563837  164.094534    0.213756    0.651500
   80.565237  164.090436    0.208019    0.597542
   80.566637  164.086334    0.264838    1.132071
   80.569440  164.078117    0.000000    0.000000
   80.570841  164.074004    0.214346    0.657125
   80.572243  164.069888    0.132909    0.285533
   80.573646  164.065771    0.164608    0.353633
   80.575048  164.061655    0.206960    0.587683
   80.576450  164.057536    0.170479    0.366247
   80.577854  164.053416    0.190059    0.428720
   80.579257  164.049291    0.231177    0.815549
   80.580663  164.045156    0.280511    1.279670
   80.582068  164.041020    0.196520    0.489554
   80.583474  164.036885    0.257995    1.067879
   80.584880  164.032754    0.308316    1.541283
   80.586284  164.028635    0.200307    0.525225
   80.587687  164.024519    0.253274    1.023512
   80.589090  164.020405    0.218145    0.693058
   80.593296  164.008052    0.196951    0.493731
   80.594697  164.003932    0.274876    1.226807
   80.597495  163.995693    0.232515    0.828340
   80.598893  163.991574    0.254947    1.039376
   80.600290  163.987457    0.177512    0.381355
   80.601687  163.983341    0.308568    1.543840
   80.605875  163.971008    0.223976    0.748098
   80.607272  163.966892    0.208330    0.600925
   80.608669  163.962766    0.223549    0.744113
   80.610066  163.958637    0.231771    0.821469
   80.611464  163.954507    0.244074    0.937223
   80.612862  163.950377    0.183676    0.394597
   80.614260  163.946251    0.205422    0.573640
   80.615659  163.942126    0.245931    0.954742
   80.617058  163.938001    0.289132    1.361158
   80.618458  163.933875    0.325250    1.700951
   80.619858  163.929752    0.196242    0.487345
   80.621260  163.925626    0.144442    0.310310
   80.622661  163.921496    0.171365    0.368149
   80.624063  163.917357    0.162911    0.349987
   80.625466  163.913202    0.219091    0.702346
   80.626868  163.909042    0.154245    0.331371
   80.628270  163.904880    0.192810    0.455144
   80.629673  163.900718    0.167718    0.360314
   80.631074  163.896566    0.447720    2.853196
   80.632476  163.892414    0.191569    0.443512
   80.633877  163.888264    0.147939    0.317822
   80.635278  163.884113    0.273181    1.211301
   80.636678  163.879960    0.183203    0.393581
   80.638078  163.875807    0.105161    0.225920
   80.639478  163.871652    0.066960    0.143852
   80.640878  163.867494    0.213617    0.651019
   80.642278  163.863331    0.231192    0.816371
   80.643679  163.859166    0.176573    0.379339
   80.645079  163.854999    0.245598    0.951922
   80.646479  163.850830    0.146341    0.314390
   80.647879  163.846659    0.200565    0.528311
   80.649279  163.842487    0.189538    0.424591
   80.650679  163.838313    0.122026    0.262152
   80.652080  163.834137    0.201223    0.534539
   80.653480  163.829957    0.235457    0.856607
   80.654881  163.825776    0.189851    0.427593
   80.656281  163.821596    0.200479    0.527590
   80.657680  163.817417    0.176827    0.379883
   80.659078  163.813245    0.198289    0.507019
   80.660476  163.809074    0.314705    1.602194
   80.661873  163.804901    0.260537    1.092631
   80.663271  163.800724    0.213381    0.649033
   80.664668  163.796538    0.290171    1.371435
   80.666066  163.792348    0.384775    2.261425
   80.667464  163.788155    0.000000    0.000000
   80.670267  163.779763    0.208324    0.601530
   80.671670  163.775564    0.244978    0.946365
   80.673074  163.771366    0.313907    1.594820
   80.675879  163.762979    0.290103    1.370919
   80.677281  163.758788    0.299701    1.461221
   80.678682  163.754596    0.252326    1.015566
   80.680083  163.750401    0.284758    1.320675
   80.682882  163.741991    0.220418    0.715440
   80.684281  163.737784    0.239686    0.896712
   80.685679  163.733575    0.269797    1.179995
   80.688476  163.725159    0.179675    0.386003
   80.689873  163.720952    0.199587    0.519549
   80.691268  163.716750    0.241716    0.915878
   80.692662  163.712556    0.257557    1.064922
   80.694054  163.708363    0.220309    0.714525
   80.698229  163.695762    0.204482    0.565681
   80.699621  163.691550    0.258435    1.073245
   80.702405  163.683117    0.221757    0.728233
   80.703796  163.678898    0.184692    0.396780
   80.705188  163.674678    0.185749    0.399052
   80.706580  163.670458    0.229717    0.803164
   80.707974  163.666242    0.196413    0.489874
   80.712161  163.653617    0.215406    0.668588
   80.713559  163.649403    0.000000    0.000000
   80.714957  163.645180    0.337587    1.818018
   80.716356  163.640952    0.103101    0.221495
   80.717755  163.636720    0.279829    1.274700
   80.719153  163.632485    0.238595    0.886805
   80.720551  163.628244    0.252556    1.018154
   80.721949  163.624002    0.191652    0.445226
   80.723347  163.619758    0.167560    0.359976
   80.724745  163.615514    0.265333    1.138399
   80.726143  163.611273    0.174140    0.374110
   80.727541  163.607033    0.229611    0.802379
   80.728938  163.602795    0.085468    0.183614
   80.730336  163.598561    0.251037    1.003965
   80.731733  163.594333    0.195040    0.477197
   80.733129  163.590107    0.210063    0.618543
   80.734525  163.585881    0.186979    0.401695
   80.735920  163.581652    0.222307    0.733747
   80.737314  163.577419    0.108681    0.233483
   80.738707  163.573182    0.128655    0.276394
   80.740100  163.568941    0.029304    0.062956
   80.741494  163.564694    0.377171    2.190667
   80.745678  163.551919    0.430123    2.688840
   80.747072  163.547663    0.281541    1.291099
   80.748467  163.543416    0.321113    1.663381
   80.749861  163.539172    0.258915    1.078274
   80.751255  163.534928    0.210725    0.624950
   80.756833  163.517935    0.324543    1.695728
   80.758228  163.513678    0.404370    2.446701
   80.759624  163.509411    0.179898    0.386481
   80.762416  163.500870    0.119697    0.257149
   80.765206  163.492336    0.069517    0.149345
   80.769390  163.479536    0.236070    0.863559
   80.770787  163.475256    0.124823    0.268162
   80.772184  163.470975    0.165537    0.355629
   80.773581  163.466693    0.170494    0.366279
   80.776373  163.458141    0.205317    0.574328
   80.777769  163.453870    0.175253    0.376502
   80.779164  163.449599    0.141131    0.303197
   80.780558  163.445327    0.224794    0.757593
   80.781951  163.441052    0.167535    0.359922
   80.787524  163.423922    0.132913    0.285543
   80.790313  163.415337    0.249919    0.994048
   80.791706  163.411045    0.139041    0.298706
   80.793096  163.406757    0.221358    0.725391
   80.795875  163.398179    0.166734    0.358201
   80.800055  163.385295    0.190595    0.436069
   80.805642  163.368055    0.253237    1.025434
   80.807039  163.363734    0.303861    1.501687
   80.808434  163.359408    0.351091    1.946012
   80.809826  163.355079    0.359411    2.024299
   80.812610  163.346416    0.260997    1.098519
   80.814002  163.342087    0.229152    0.798953
   80.815397  163.337763    0.242138    0.921139
   80.816793  163.333442    0.188271    0.414408
   80.818189  163.329123    0.226220    0.771429
   80.820979  163.320500    0.308457    1.545093
   80.822374  163.316193    0.266155    1.147154
   80.823768  163.311886    0.248057    0.976917
   80.826551  163.303257    0.257209    1.063051
   80.827942  163.298936    0.225557    0.765304
   80.829332  163.294613    0.403062    2.435169
   80.830723  163.290286    0.208552    0.605366
   80.832116  163.285956    0.252343    1.017343
   80.833510  163.281625    0.114126    0.245180
   80.834903  163.277294    0.165858    0.356320
   80.836296  163.272966    0.204779    0.569938
   80.837688  163.268647    0.232701    0.832625
   80.839080  163.264327    0.227221    0.781092
   80.840472  163.260005    0.234928    0.853608
   80.841864  163.255676    0.217708    0.691631
   80.843255  163.251333    0.246514    0.962638
   80.844646  163.246983    0.226103    0.770643
   80.847428  163.238270    0.228005    0.788571
   80.848819  163.233906    0.255044    1.042947
   80.850210  163.229542    0.194053    0.469207
   80.851601  163.225179    0.232832    0.834028
   80.852991  163.220821    0.288110    1.354062
   80.854381  163.216475    0.166544    0.357792
   80.855770  163.212131    0.257468    1.065840
   80.857159  163.207788    0.268308    1.167825
   80.858549  163.203443    0.300330    1.469087
   80.861333  163.194737    0.217564    0.690507
   80.862725  163.190379    0.270013    1.183931
   80.864117  163.186017    0.285497    1.329608
   80.865509  163.181649    0.195424    0.482277
   80.866901  163.177277    0.189439    0.425985
   80.869685  163.168527    0.294222    1.411751
   80.876645  163.146639    0.250043    0.996219
   80.883602  163.124813    0.198153    0.508154
   80.884992  163.120453    0.287737    1.350914
   80.886381  163.116091    0.210932    0.628396
   80.887769  163.111725    0.288148    1.354808
   80.890545  163.102988    0.250975    1.005145
   80.891932  163.098617    0.215776    0.674029
   80.893319  163.094246    0.338605    1.829536
   80.897480  163.081115    0.387820    2.292564
   80.898869  163.076728    0.286561    1.340002
   80.900258  163.072337    0.352786    1.963019
   80.903037  163.063539    0.333248    1.779250
   80.904427  163.059128    0.342383    1.865201
   80.907205  163.050303    0.411297    2.513530
   80.908595  163.045894    0.313539    1.593907
   80.909985  163.041497    0.313799    1.596367
   80.911375  163.037102    0.353826    1.972933
   80.912766  163.032709    0.295725    1.426371
   80.914156  163.028314    0.317778    1.633844
   80.916935  163.019514    0.331144    1.759609
   80.918324  163.015111    0.277943    1.259151
   80.919714  163.010705    0.339779    1.840871
   80.922494  163.001883    0.385104    2.267292
   80.925274  162.993058    0.374254    2.165252
   80.926662  162.988650    0.356711    2.000238
   80.928049  162.984242    0.313786    1.596444
   80.933601  162.966561    0.318185    1.637881
   80.934989  162.962131    0.281122    1.289240
   80.936378  162.957700    0.361160    2.042200
   80.939157  162.948848    0.352194    1.957880
   80.940546  162.944421    0.342799    1.869517
   80.941935  162.939993    0.323533    1.688288
   80.943323  162.935562    0.324594    1.698288
   80.944710  162.931128    0.342387    1.865683
   80.946097  162.926692    0.361291    2.043537
   80.947485  162.922253    0.376947    2.190826
   80.948873  162.917806    0.335405    1.800046
   80.953036  162.904467    0.336802    1.813232
   80.954421  162.900034    0.323659    1.689607
   80.955806  162.895601    0.382343    2.241680
   80.957191  162.891166    0.304217    1.506741
   80.958577  162.886723    0.319549    1.650988
   80.961352  162.877801    0.264591    1.134009
   80.964132  162.868872    0.288984    1.363517
   80.965524  162.864419    0.346827    1.907675
   80.968310  162.855513    0.374169    2.164925
   80.969702  162.851057    0.302033    1.486331
   80.972482  162.842131    0.378512    2.205824
   80.973871  162.837663    0.279150    1.271106
   80.975259  162.833190    0.396457    2.374664
   80.976646  162.828710    0.286932    1.344344
   80.978033  162.824229    0.316859    1.625890
   80.980806  162.815276    0.318448    1.640868
   80.982192  162.810818    0.312549    1.585388
   80.983577  162.806363    0.294463    1.415260
   80.984962  162.801908    0.273437    1.217482
   80.987730  162.792983    0.333907    1.786371
   80.993267  162.775051    0.224187    0.754260
   80.994654  162.770549    0.221273    0.726858
   80.996041  162.766046    0.306677    1.530298
   80.997427  162.761546    0.236615    0.871214
   81.000195  162.752570    0.336215    1.808213
   81.001579  162.748085    0.322003    1.674537
   81.002964  162.743597    0.288553    1.359873
   81.004351  162.739106    0.372312    2.147833
   81.008514  162.725623    0.292982    1.401599
   81.012678  162.712140    0.314521    1.604268
   81.014065  162.707639    0.304331    1.508416
   81.015450  162.703129    0.285790    1.334013
   81.019605  162.689581    0.347809    1.917494
   81.020994  162.685062    0.358207    2.015320
   81.022383  162.680541    0.155769    0.334644
   81.023773  162.676021    0.189282    0.426216
   81.026546  162.666993    0.158529    0.340573
   81.030698  162.653453    0.247170    0.970862
   81.038999  162.626242    0.240758    0.910626
   81.040381  162.621709    0.341517    1.858512
   81.044525  162.608164    0.382211    2.241378
   81.047288  162.599139    0.222726    0.741085
   81.050056  162.590065    0.204426    0.568954
   81.058376  162.562767    0.287931    1.354628
   81.059761  162.558211    0.297794    1.447428
   81.061146  162.553652    0.258001    1.073102
   81.063916  162.544530    0.347543    1.915484
   81.065304  162.539968    0.266820    1.156112
   81.066692  162.535404    0.282830    1.306741
   81.068079  162.530840    0.299546    1.464012
   81.069466  162.526275    0.347370    1.913931
   81.070851  162.521711    0.404740    2.453642
   81.072234  162.517148    0.221918    0.733795
   81.073616  162.512585    0.294234    1.414117
   81.074998  162.508022    0.286048    1.337124
   81.076378  162.503460    0.415852    2.558248
   81.079138  162.494337    0.329458    1.745544
   81.080518  162.489777    0.279472    1.275333
   81.081898  162.485219    0.340213    1.846759
   81.083279  162.480661    0.203824    0.563718
   81.091559  162.453203    0.250412    1.002091
   81.092942  162.448603    0.298892    1.458173
   81.094325  162.443999    0.381769    2.237847
   81.097094  162.434790    0.331018    1.760445
   81.098479  162.430192    0.300152    1.470098
   81.104015  162.411815    0.282707    1.306060
   81.105397  162.407222    0.308453    1.548272
   81.108162  162.398028    0.324957    1.703572
   81.109548  162.393420    0.338683    1.832709
   81.110934  162.388810    0.304711    1.513148
   81.112320  162.384199    0.317223    1.630866
   81.115087  162.374983    0.293789    1.410447
   81.116469  162.370378    0.289647    1.371500
   81.117850  162.365773    0.343058    1.873970
   81.119232  162.361170    0.338462    1.830757
   81.120614  162.356569    0.387047    2.287831
   81.121996  162.351967    0.321359    1.669898
   81.123378  162.347361    0.299770    1.466818
   81.124759  162.342750    0.345737    1.899261
   81.128897  162.328871    0.550933    3.829659
   81.130275  162.324240    0.533527    3.665934
   81.134407  162.310359    0.549924    3.820240
   81.135785  162.305731    0.396367    2.375694
   81.137165  162.301101    0.286611    1.343198
   81.138546  162.296471    0.270395    1.190667
   81.141307  162.287222    0.311984    1.581938
   81.144066  162.278003    0.279375    1.275209
   81.146825  162.268774    0.130703    0.280793
   81.148204  162.264139    0.233184    0.840727
   81.149583  162.259499    0.348735    1.927770
   81.150964  162.254855    0.295496    1.426956
   81.152345  162.250210    0.323251    1.688073
   81.153728  162.245568    0.333993    1.789142
   81.155112  162.240926    0.267817    1.166620
   81.156496  162.236284    0.308705    1.551284
   81.157879  162.231642    0.444376    2.827605
   81.159262  162.227004    0.281429    1.294724
   81.160644  162.222365    0.278466    1.266864
   81.162025  162.217724    0.309095    1.555020
   81.163407  162.213078    0.380641    2.228089
   81.166169  162.203765    0.319892    1.656636
   81.167550  162.199103    0.284371    1.322499
   81.168930  162.194437    0.318310    1.641786
   81.170308  162.189763    0.318468    1.643293
   81.171685  162.185090    0.319378    1.651868
   81.174438  162.175752    0.306181    1.527752
   81.175813  162.171103    0.307041    1.535862
   81.178563  162.161810    0.271951    1.205790
   81.179938  162.157160    0.306759    1.533257
   81.181314  162.152495    0.445396    2.837478
   81.182689  162.147827    0.404487    2.452649
   81.184065  162.143156    0.485207    3.212031
   81.186817  162.133817    0.406589    2.472479
   81.188194  162.129147    0.449750    2.878527
   81.189571  162.124473    0.356996    2.005972
   81.193710  162.110395    0.354234    1.980043
   81.195092  162.105692    0.370840    2.136273
   81.196473  162.100991    0.342102    1.865944
   81.197854  162.096296    0.346674    1.908970
   81.199235  162.091603    0.320233    1.660247
   81.200615  162.086911    0.369973    2.128187
   81.201995  162.082221    0.389790    2.314627
   81.203375  162.077534    0.324573    1.701121
   81.204754  162.072846    0.378013    2.203868
   81.206133  162.068153    0.288428    1.361133
   81.207513  162.063452    0.300664    1.476257
   81.208893  162.058734    0.315461    1.615469
   81.210274  162.054012    0.243124    0.934986
   81.211654  162.049285    0.364567    2.077459
   81.213034  162.044558    0.288493    1.361816
   81.214412  162.039835    0.337572    1.823541
   81.215789  162.035113    0.392631    2.341511
   81.217165  162.030395    0.232024    0.830642
   81.218541  162.025682    0.307040    1.536358
   81.219917  162.020982    0.343032    1.874964
   81.221292  162.016285    0.372483    2.152036
   81.222668  162.011589    0.316852    1.628716
   81.224042  162.006890    0.337089    1.819100
   81.225417  162.002181    0.369995    2.128682
   81.226791  161.997470    0.378879    2.212270
   81.228165  161.992758    0.473419    3.101656
   81.229539  161.988044    0.317009    1.630268
   81.230911  161.983333    0.297328    1.445139
   81.232284  161.978620    0.230821    0.819497
   81.233657  161.973906    0.296599    1.438313
   81.235030  161.969188    0.392841    2.343701
   81.236406  161.964467    0.346567    1.908407
   81.239160  161.955012    0.354983    1.987611
   81.240539  161.950278    0.387636    2.294799
   81.241920  161.945539    0.394262    2.357156
   81.243301  161.940795    0.309869    1.563252
   81.244682  161.936048    0.313873    1.600935
   81.246063  161.931299    0.253668    1.034586
   81.247443  161.926546    0.259785    1.092146
   81.248822  161.921792    0.253122    1.029473
   81.250200  161.917037    0.303891    1.507089
   81.251580  161.912281    0.284712    1.326685
   81.252961  161.907524    0.130873    0.281159
   81.254342  161.902768    0.248131    0.982584
   81.255722  161.898014    0.277233    1.256377
   81.257102  161.893263    0.356440    2.001516
   81.258481  161.888520    0.260066    1.094912
   81.259859  161.883779    0.228686    0.799721
   81.261236  161.879038    0.260293    1.097076
   81.262610  161.874296    0.257407    1.069940
   81.263980  161.869551    0.262505    1.117910
   81.265350  161.864804    0.259256    1.087360
   81.266719  161.860054    0.266894    1.159233
   81.268088  161.855301    0.229712    0.809462
   81.269460  161.850542    0.187880    0.415954
   81.270832  161.845781    0.222590    0.742494
   81.272205  161.841021    0.218696    0.705875
   81.273578  161.836263    0.288476    1.362335
   81.274951  161.831515    0.385783    2.277752
   81.276324  161.826768    0.211640    0.639546
   81.277698  161.822017    0.164021    0.352373
   81.279072  161.817260    0.262523    1.118253
   81.280448  161.812487    0.247251    0.974595
   85.885373  113.091436    0.385426    2.390239
   85.885763  113.070464    0.247830    1.095867
   85.887326  112.986529    0.399864    2.526240
   85.887718  112.965531    0.207424    0.715921
   85.888110  112.944520    0.229961    0.927973
   85.890456  112.818197    0.062345    0.133937
   85.890842  112.797136    0.015996    0.034366
   85.891226  112.776089    0.123919    0.266220
   85.893517  112.650176    0.280903    1.407692
   85.893899  112.629232    0.340721    1.970455
   85.894279  112.608285    0.280434    1.403348
   85.894657  112.587330    0.239264    1.016076
   85.895785  112.524409    0.427825    2.790043
   85.896160  112.503400    0.455833    3.053555
   85.896534  112.482375    0.227359    0.904259
   85.896908  112.461336    0.333115    1.899175
   85.897282  112.440281    0.329313    1.863443
   85.897658  112.419209    0.409100    2.614066
   85.898035  112.398125    0.283926    1.436545
   85.898411  112.377031    0.309974    1.681615
   85.898788  112.355932    0.237927    1.003881
   85.899163  112.334836    0.291556    1.508423
   85.901030  112.229164    0.241533    1.038010
   85.901401  112.207994    0.245264    1.073147
   85.901771  112.186826    0.324432    1.817939
   85.902140  112.165670    0.273176    1.335798
   85.902508  112.144519    0.320145    1.777681
   85.902877  112.123371    0.327679    1.848590
   85.903244  112.102230    0.303373    1.619967
   85.903613  112.081100    0.398644    2.516249
   85.903981  112.059971    0.407679    2.601281
   85.904348  112.038840    0.399530    2.524657
   85.904714  112.017700    0.540586    3.851648
   85.905078  111.996537    0.402505    2.552712
   85.905442  111.975374    0.391699    2.451093
   85.905804  111.954215    0.382443    2.364052
   85.906526  111.911966    0.648904    4.870808
   85.906886  111.890869    0.616498    4.565986
   85.907246  111.869778    0.406961    2.594836
   85.907606  111.848686    0.392459    2.458449
   85.907966  111.827587    0.431159    2.822542
   85.908326  111.806480    0.305111    1.636799
   85.908686  111.785366    0.520334    3.661512
   85.909045  111.764237    0.345102    2.013079
   85.909402  111.743085    0.308102    1.665038
   85.910115  111.700747    0.425965    2.773893
   85.910470  111.679564    0.371018    2.257025
   85.910823  111.658378    0.353844    2.095504
   85.911176  111.637182    0.252091    1.138311
   85.911528  111.615975    0.306813    1.653137
   85.911881  111.594753    0.266810    1.276853
   85.912235  111.573514    0.257084    1.185401
   85.912589  111.552262    0.237529    1.001477
   85.912943  111.530997    0.395164    2.484443
   85.913297  111.509721    0.454826    3.045738
   85.913650  111.488433    0.399464    2.524963
   85.914004  111.467137    0.455178    3.049119
   85.914356  111.445833    0.498361    3.455399
   85.915058  111.403206    0.536887    3.817902
   85.915757  111.360574    0.450526    3.005543
   85.916105  111.339266    0.312141    1.703746
   85.916453  111.317967    0.461824    3.111905
   85.916801  111.296681    0.338505    1.951836
   85.917148  111.275409    0.454294    3.041144
   85.917495  111.254156    0.401315    2.542790
   85.917841  111.232937    0.255692    1.172898
   85.918186  111.211730    0.324820    1.823248
   85.918530  111.190531    0.399042    2.521515
   85.918873  111.169333    0.414489    2.666867
   85.919215  111.148128    0.524128    3.698315
   85.919555  111.126920    0.416155    2.682613
   85.919895  111.105704    0.421165    2.729789
   85.920233  111.084480    0.294415    1.537441
   85.920569  111.063242    0.308673    1.671612
   85.920905  111.041994    0.422217    2.739791
   85.921240  111.020733    0.407851    2.604687
   85.921576  110.999459    0.401491    2.544887
   85.921914  110.978172    0.413569    2.658552
   85.922252  110.956869    0.407435    2.600879
   85.922589  110.935552    0.368259    2.232381
   85.922927  110.914218    0.392970    2.464875
   85.923265  110.892861    0.454962    3.048095
   85.923602  110.871490    0.434953    2.859905
   85.923939  110.850105    0.444612    2.950801
   85.924608  110.807296    0.455629    3.054520
   85.924941  110.785877    0.358647    2.142217
   85.925274  110.764456    0.360750    2.162033
   85.925607  110.743037    0.445108    2.955653
   85.926274  110.700228    0.392011    2.456228
   85.926606  110.678827    0.358373    2.139821
   85.926938  110.657429    0.364838    2.200681
   85.927269  110.636029    0.376614    2.311497
   85.927599  110.614633    0.357404    2.130818
   85.927927  110.593242    0.332485    1.896437
   85.928254  110.571858    0.321772    1.795692
   85.928579  110.550488    0.440925    2.916642
   85.928903  110.529122    0.303685    1.625608
   85.929225  110.507758    0.387140    2.410743
   85.929870  110.465019    0.295821    1.551747
   85.930192  110.443644    0.434642    2.857715
   85.930514  110.422266    0.419608    2.716327
   85.930836  110.400888    0.439191    2.900585
   85.931481  110.358130    0.439695    2.905401
   85.931802  110.336742    0.422252    2.741342
   85.932123  110.315340    0.543960    3.886329
   85.932441  110.293915    0.623086    4.630729
   85.932759  110.272482    0.371083    2.260091
   85.933076  110.251044    0.393614    2.472085
   85.933393  110.229609    0.301927    1.609592
   85.933709  110.208192    0.375857    2.305110
   85.934025  110.186772    0.329581    1.869812
   85.934340  110.165342    0.322883    1.806844
   85.934656  110.143893    0.413337    2.657808
   85.935287  110.100915    0.376460    2.310964
   85.935602  110.079404    0.544178    3.888782
   85.935917  110.057880    0.371791    2.267117
   85.936231  110.036343    0.277521    1.380326
   85.936545  110.014800    0.366450    2.216943
   85.936859  109.993253    0.519748    3.659109
   85.937172  109.971706    0.402276    2.554039
   85.937484  109.950162    0.380229    2.346671
   85.937795  109.928624    0.362077    2.175948
   85.938106  109.907096    0.360926    2.165160
   85.938417  109.885585    0.341384    1.981352
   85.938727  109.864104    0.284319    1.444558
   85.939036  109.842636    0.284371    1.445079
   85.939345  109.821175    0.338570    1.954987
   85.939653  109.799719    0.440125    2.910387
   85.940268  109.756802    0.508354    3.552314
   85.940575  109.735339    0.288317    1.482379
   85.940880  109.713866    0.270447    1.314307
   85.941183  109.692377    0.306951    1.657753
   85.941787  109.649377    0.325001    1.827620
   85.942087  109.627873    0.382522    2.368778
   85.942388  109.606373    0.340858    1.976870
   85.942689  109.584868    0.294953    1.545064
   85.942989  109.563356    0.279139    1.396329
   85.943289  109.541835    0.238480    1.013871
   85.943589  109.520301    0.328656    1.862223
   85.943889  109.498756    0.282482    1.427880
   85.944188  109.477202    0.451722    3.020012
   85.944486  109.455636    0.135894    0.291946
   85.945078  109.412470    0.165359    0.355247
   85.945373  109.390876    0.144203    0.309796
   85.945667  109.369282    0.103624    0.222620
   85.945960  109.347691    0.055699    0.119660
   85.946253  109.326099    0.068413    0.146975
   85.946545  109.304505    0.268344    1.295199
   85.946838  109.282908    0.358584    2.144158
   85.947131  109.261310    0.124941    0.268416
   85.947424  109.239707    0.420473    2.726442
   85.947718  109.218101    0.307953    1.667958
   85.948010  109.196487    0.322645    1.806206
   85.948302  109.174862    0.282183    1.425601
   85.948594  109.153232    0.300306    1.596129
   85.948885  109.131598    0.362101    2.177493
   85.949175  109.109961    0.297723    1.571897
   85.949465  109.088322    0.323239    1.811975
   85.949753  109.066681    0.409596    2.624402
   85.950042  109.045044    0.308755    1.675791
   85.950616  109.001791    0.192247    0.579830
   85.951187  108.958559    0.194737    0.603319
   85.951471  108.936945    0.150816    0.324004
   85.951755  108.915329    0.444785    2.955680
   85.952038  108.893715    0.416539    2.689999
   85.952601  108.850488    0.369767    2.250065
   85.952882  108.828881    0.413355    2.660147
   85.953162  108.807272    0.374649    2.296058
   85.953441  108.785661    0.270908    1.320170
   85.953719  108.764047    0.291505    1.513972
   85.953996  108.742430    0.291117    1.510350
   85.954272  108.720805    0.188857    0.548393
   85.954547  108.699169    0.268722    1.299744
   85.954823  108.677520    0.286489    1.466926
   85.955099  108.655847    0.318344    1.766632
   85.955375  108.634161    0.314773    1.733071
   85.955651  108.612464    0.274843    1.357472
   85.955927  108.590757    0.224056    0.879732
   85.956203  108.569044    0.168215    0.361383
   85.956478  108.547323    0.268591    1.298762
   85.956753  108.525594    0.221617    0.856893
   85.957027  108.503856    0.263462    1.250578
   85.957299  108.482106    0.227955    0.916590
   85.957570  108.460354    0.438121    2.893726
   85.957841  108.438604    0.266355    1.277900
   85.958112  108.416860    0.171034    0.381219
   85.958383  108.395132    0.286324    1.465829
   85.958654  108.373412    0.222700    0.867331
   85.958924  108.351705    0.370665    2.259325
   85.959194  108.330013    0.087867    0.188768
   85.959463  108.308344    0.268683    1.300016
   85.959730  108.286684    0.261889    1.236134
   85.959997  108.265027    0.265550    1.270612
   85.960263  108.243366    0.247421    1.100094
   85.960528  108.221688    0.136664    0.293600
   85.960793  108.200006    0.141052    0.303027
   85.961056  108.178322    0.324016    1.820761
   85.961318  108.156638    0.275073    1.360366
   85.961580  108.134963    0.155646    0.334379
   85.961840  108.113283    0.261383    1.231654
   85.962100  108.091597    0.243554    1.063967
   85.962360  108.069900    0.243105    1.059776
   85.962620  108.048186    0.215735    0.802327
   85.962881  108.026461    0.363335    2.190893
   85.963140  108.004720    0.225974    0.898723
   85.963400  107.982961    0.293176    1.530953
   85.963916  107.939382    0.213606    0.782476
   85.964173  107.917577    0.166996    0.358764
   85.964429  107.895769    0.316784    1.753179
   85.964684  107.873964    0.321167    1.794441
   85.964938  107.852157    0.262432    1.241941
   85.965191  107.830345    0.245393    1.081680
   85.965445  107.808528    0.424145    2.763295
   85.965700  107.786697    0.403643    2.570461
   85.965955  107.764865    0.404698    2.580426
   85.966210  107.743034    0.295317    1.551479
   85.966465  107.721209    0.328344    1.862217
   85.966719  107.699398    0.296294    1.560742
   85.966972  107.677594    0.327105    1.850629
   85.967224  107.655795    0.256485    1.186327
   85.967725  107.612220    0.346165    2.030053
   85.967974  107.590440    0.353202    2.096285
   85.968222  107.568660    0.423487    2.757520
   85.968716  107.525085    0.241599    1.046511
   85.968963  107.503288    0.384190    2.387954
   85.969208  107.481488    0.303185    1.625949
   85.969454  107.459684    0.282738    1.433633
   85.969699  107.437873    0.229255    0.930539
   85.969943  107.416060    0.224508    0.885919
   85.970187  107.394243    0.351887    2.084255
   85.970429  107.372423    0.170800    0.380748
   85.970671  107.350600    0.229674    0.934629
   85.970912  107.328775    0.310764    1.697510
   85.971152  107.306948    0.202648    0.680462
   85.971391  107.285119    0.281841    1.425499
   85.971629  107.263291    0.299163    1.588496
   85.971866  107.241461    0.328609    1.865536
   85.972579  107.175955    0.288868    1.491798
   85.972817  107.154112    0.213611    0.783865
   85.973055  107.132260    0.235337    0.988285
   85.973292  107.110395    0.260799    1.227855
   85.973528  107.088511    0.307244    1.664811
   85.973763  107.066615    0.318464    1.770398
   85.973998  107.044709    0.041519    0.089197
   85.974232  107.022793    0.087389    0.187742
   85.974466  107.000865    0.232669    0.963416
   85.974699  106.978931    0.067779    0.145611
   85.974932  106.956991    0.075258    0.161679
   85.975164  106.935049    0.265102    1.268638
   85.975395  106.913106    0.271923    1.332838
   85.975625  106.891162    0.225849    0.899444
   85.976085  106.847281    0.271768    1.331496
   85.976315  106.825345    0.265213    1.269864
   85.976544  106.803415    0.203993    0.693987
   85.976772  106.781493    0.225836    0.899507
   85.977000  106.759583    0.225080    0.892439
   85.977228  106.737689    0.082621    0.177497
   85.977454  106.715807    0.292540    1.527130
   85.977680  106.693933    0.284748    1.453865
   85.977905  106.672066    0.272165    1.335528
   85.978129  106.650208    0.205015    0.703864
   85.978352  106.628351    0.238490    1.018814
   85.978794  106.584631    0.316848    1.756027
   85.979014  106.562754    0.280712    1.416121
   85.979233  106.540869    0.452814    3.035179
   85.979451  106.518974    0.205805    0.711517
   85.979670  106.497069    0.311151    1.702587
   85.979890  106.475151    0.247910    1.107694
   85.980111  106.453223    0.338953    1.964196
   85.980331  106.431286    0.241048    1.043214
   85.980987  106.365430    0.243042    1.062084
   85.981204  106.343463    0.265878    1.276946
   85.981421  106.321490    0.275514    1.367627
   85.981638  106.299508    0.302974    1.625991
   85.982069  106.255525    0.274609    1.359229
   85.982283  106.233523    0.368473    2.242279
   85.982497  106.211513    0.262652    1.246824
   85.982710  106.189496    0.282997    1.438246
   85.982922  106.167479    0.344544    2.017282
   85.983133  106.145460    0.090262    0.193912
   85.983344  106.123443    0.288693    1.491944
   85.983553  106.101427    0.078132    0.167853
   85.983763  106.079410    0.275195    1.365042
   85.983971  106.057392    0.368777    2.245433
   85.984179  106.035370    0.635728    4.756770
   85.984386  106.013350    0.302541    1.622407
   85.984592  105.991337    0.310381    1.696195
   85.984797  105.969334    0.328377    1.865524
   85.985001  105.947349    0.298581    1.585265
   85.985204  105.925374    0.315218    1.741811
   85.985608  105.881461    0.360523    2.168088
   85.985811  105.859528    0.642961    4.825113
   85.986013  105.837602    0.980527    8.000743
   85.986215  105.815677    0.539825    3.854953
   85.986416  105.793749    0.337691    1.953445
   85.986616  105.771812    0.126713    0.272222
   85.987012  105.727907    0.108374    0.232823
   85.987209  105.705933    0.311815    1.710168
   85.987406  105.683933    0.244792    1.079698
   85.987602  105.661918    0.309076    1.684471
   85.987798  105.639886    0.379361    2.345704
   85.987994  105.617837    0.379584    2.347845
   85.988388  105.573689    0.374340    2.298587
   85.988781  105.529496    0.294177    1.544537
   85.988976  105.507385    0.319384    1.781707
   85.989170  105.485271    0.308011    1.674749
   85.989364  105.463158    0.309762    1.691260
   85.989557  105.441051    0.390660    2.452335
   85.989749  105.418958    0.351261    2.081732
   85.989940  105.396874    0.372897    2.285302
   85.990131  105.374795    0.314978    1.740475
   85.990511  105.330660    0.302103    1.619433
   85.990700  105.308604    0.300189    1.601458
   85.991076  105.264524    0.398910    2.530235
   85.991262  105.242507    0.314507    1.736265
   85.991815  105.176515    0.342399    1.998762
   85.991999  105.154540    0.266239    1.282344
   85.992182  105.132565    0.394223    2.486362
   85.992364  105.110587    0.300772    1.607280
   85.992546  105.088597    0.371802    2.275519
   85.992727  105.066582    0.437806    2.896477
   85.992908  105.044556    0.360677    2.170931
   85.993088  105.022520    0.439628    2.913692
   85.993447  104.978433    0.418239    2.712548
   85.993626  104.956378    0.290632    1.512140
   85.994337  104.867988    0.600815    4.430288
   85.994514  104.845855    0.580637    4.240498
   85.994690  104.823717    0.322076    1.808166
   85.994866  104.801583    0.329186    1.875090
   85.995041  104.779449    0.367395    2.234570
   85.995390  104.735177    0.379954    2.352786
   85.995563  104.713045    0.320084    1.789608
   85.995737  104.690910    0.287639    1.484425
   85.995910  104.668774    0.448797    3.000528
   85.996255  104.624484    0.404095    2.580070
   85.996426  104.602333    0.634846    4.750859
   85.996598  104.580181    0.631804    4.722280
   85.996768  104.558030    0.665977    5.043786
   85.996936  104.535881    0.617812    4.590716
   85.997104  104.513736    0.418366    2.714498
   85.997270  104.491594    0.332180    1.903753
   85.997435  104.469461    0.406461    2.602573
   85.997599  104.447336    0.480019    3.294600
   85.997762  104.425219    0.359167    2.157733
   85.997924  104.403111    0.370745    2.266693
   85.998086  104.381015    0.364453    2.207530
   85.998250  104.358935    0.232620    0.967373
   85.998412  104.336863    0.215943    0.810521
   85.998575  104.314794    0.359594    2.161928
   85.998736  104.292727    0.362420    2.188550
   85.999056  104.248587    0.433424    2.856582
   85.999215  104.226509    0.367442    2.235900
   85.999374  104.204419    0.351714    2.087972
   85.999531  104.182315    0.324661    1.833516
   85.999689  104.160198    0.399206    2.534818
   85.999846  104.138068    0.122000    0.262097
   86.000003  104.115923    0.153706    0.330212
   86.000160  104.093757    0.420915    2.739145
   86.000317  104.071578    0.331754    1.900417
   86.000473  104.049387    0.274934    1.365927
   86.000630  104.027186    0.187637    0.544726
   86.000941  103.982760    0.271662    1.335252
   86.001096  103.960538    0.362030    2.185406
   86.001250  103.938309    0.414140    2.675658
   86.001404  103.916076    0.146935    0.315665
   86.001556  103.893841    0.274003    1.357414
   86.001707  103.871603    0.284249    1.453836
   86.001858  103.849361    0.365729    2.220384
   86.002007  103.827108    0.387417    2.424443
   86.002156  103.804862    0.409086    2.628330
   86.002304  103.782629    0.188495    0.553189
   86.002598  103.738258    0.403708    2.577842
   86.002745  103.716113    0.527762    3.744893
   86.002890  103.693983    0.427524    2.801956
   86.003035  103.671861    0.493216    3.419977
   86.003178  103.649735    0.311849    1.713837
   86.003321  103.627613    0.302732    1.628113
   86.003463  103.605493    0.264218    1.265839
   86.003745  103.561258    0.295216    1.557521
   86.003885  103.539137    0.327275    1.859154
   86.004024  103.517009    0.421564    2.746198
   86.004302  103.472704    0.325360    1.841245
   86.004441  103.450527    0.395095    2.497313
   86.004579  103.428334    0.129650    0.278533
   86.004717  103.406126    0.174305    0.420337
   86.004993  103.361657    0.173381    0.411719
   86.005131  103.339405    0.307676    1.675114
   86.005267  103.317141    0.144401    0.310223
   86.005402  103.294871    0.357283    2.141870
   86.005537  103.272593    0.281140    1.425599
   86.005671  103.250312    0.267627    1.298518
   86.005806  103.228031    0.260616    1.232599
   86.005941  103.205753    0.393853    2.486049
   86.006343  103.138930    0.229761    0.942492
   86.006475  103.116662    0.463570    3.142052
   86.006605  103.094397    0.345710    2.033333
   86.006735  103.072137    0.170505    0.385166
   86.006988  103.027642    0.320590    1.797138
   86.007113  103.005406    0.240077    1.039766
   86.007236  102.983173    0.193790    0.604368
   86.007360  102.960945    0.135100    0.290240
   86.007608  102.916492    0.087227    0.187392
   86.007732  102.894276    0.210069    0.757661
   86.007857  102.872069    0.336551    1.947554
   86.007981  102.849879    0.230981    0.954464
   86.008106  102.827695    0.169202    0.373326
   86.008229  102.805515    0.256721    1.196682
   86.008351  102.783336    0.227297    0.919921
   86.008471  102.761156    0.277498    1.392215
   86.008590  102.738971    0.087003    0.186911
   86.008826  102.694569    0.226694    0.914399
   86.008946  102.672341    0.305578    1.656520
   86.009065  102.650097    0.288676    1.497563
   86.009303  102.605561    0.291371    1.522991
   86.009423  102.583263    0.286402    1.476282
   86.009659  102.538629    0.334774    1.931406
   86.009775  102.516296    0.384226    2.396660
   86.009889  102.493949    0.396126    2.508642
   86.010002  102.471602    0.535348    3.818386
   86.010114  102.449254    0.320110    1.793608
   86.010224  102.426913    0.354222    2.114551
   86.010334  102.404589    0.286344    1.476039
   86.010551  102.359973    0.334840    1.932336
   86.010658  102.337684    0.314437    1.740431
   86.010873  102.293148    0.321104    1.803230
   86.010980  102.270900    0.950795    7.726984
   86.011087  102.248665    0.327057    1.859305
   86.011193  102.226449    0.942027    7.644574
   86.011299  102.204240    0.826903    6.561595
   86.011404  102.182037    0.530752    3.775647
   86.011508  102.159838    0.842723    6.710498
   86.011610  102.137635    0.331893    1.904980
   86.011711  102.115430    0.297391    1.580450
   86.011812  102.093220    0.276604    1.384939
   86.011913  102.071004    0.348542    2.061718
   86.012016  102.048776    0.250703    1.141352
   86.012119  102.026536    0.318236    1.776695
   86.012324  101.982021    0.287765    1.490124
   86.012426  101.959741    0.611273    4.533506
   86.012526  101.937447    0.437964    2.903167
   86.012626  101.915142    0.147510    0.316902
   86.012725  101.892829    0.017882    0.038417
   86.012822  101.870508    0.277143    1.390386
   86.013014  101.825850    0.245564    1.093384
   86.013205  101.781172    0.049210    0.105720
   86.013395  101.736488    0.208591    0.745715
   86.013489  101.714149    0.378241    2.341709
   86.013582  101.691814    0.331188    1.899098
   86.013674  101.669483    0.433455    2.861196
   86.013765  101.647151    0.391587    2.467369
   86.013855  101.624823    0.128623    0.276325
   86.013945  101.602496    0.136159    0.292515
   86.014033  101.580170    0.200116    0.666248
   86.014121  101.557846    0.282187    1.438359
   86.014208  101.535522    0.148268    0.318529
   86.014294  101.513196    0.333809    1.924054
   86.014463  101.468555    0.498124    3.469903
   86.014547  101.446246    0.452632    3.041981
   86.014632  101.423949    0.301856    1.623614
   86.014716  101.401661    0.328719    1.876364
   86.014800  101.379382    0.360766    2.177874
   86.014884  101.357112    0.374491    2.307033
   86.014966  101.334858    0.291011    1.521738
   86.015049  101.312606    0.276248    1.382901
   86.015130  101.290354    0.275620    1.377029
   86.015211  101.268096    0.289060    1.503498
   86.015290  101.245821    0.388167    2.435867
   86.015448  101.201246    0.362655    2.195947
   86.015527  101.178947    0.436259    2.888397
   86.015606  101.156636    0.303237    1.637048
   86.015684  101.134318    0.420635    2.741496
   86.015762  101.111996    0.353322    2.108291
   86.015840  101.089672    0.352072    2.096567
   86.015916  101.067354    0.318270    1.778624
   86.015992  101.045030    0.280534    1.423658
   86.016067  101.022698    0.452498    3.041423
   86.016142  101.000353    0.599605    4.425342
   86.016216  100.977985    0.386316    2.418897
   86.016289  100.955608    0.306074    1.664071
   86.016362  100.933224    0.348703    2.065136
   86.016434  100.910832    0.258446    1.216096
   86.016505  100.888436    0.035918    0.077164
   86.016645  100.843647    0.056142    0.120612
   86.016714  100.821262    0.080151    0.172192
   86.016782  100.798893    0.254624    1.180330
   86.016850  100.776532    0.480575    3.305958
   86.016917  100.754177    0.345747    2.037622
   86.016983  100.731828    0.329683    1.886540
   86.017114  100.687138    0.275668    1.378477
   86.017178  100.664808    0.465553    3.164827
   86.017242  100.642491    0.238011    1.024298
   86.017303  100.620199    0.414353    2.683246
   86.017364  100.597916    0.500605    3.494681
   86.017425  100.575638    0.356672    2.140691
   86.017485  100.553362    0.358864    2.161350
   86.017546  100.531081    0.312715    1.727247
   86.017607  100.508798    0.433388    2.862495
   86.017667  100.486508    0.305503    1.659476
   86.017726  100.464208    0.334608    1.933313
   86.017785  100.441896    0.428781    2.819267
   86.017843  100.419571    0.404408    2.590020
   86.017901  100.397234    0.717160    5.532221
   86.017959  100.374880    0.303951    1.645059
   86.018017  100.352502    0.433259    2.861546
   86.018075  100.330112    0.338162    1.966967
   86.018133  100.307710    0.415309    2.692753
   86.018190  100.285301    0.360752    2.179552
   86.018246  100.262881    0.396148    2.512577
   86.018355  100.218047    0.422013    2.755967
   86.018408  100.195646    0.399747    2.546539
   86.018461  100.173279    0.241803    1.060745
   86.018513  100.150921    0.269157    1.318112
   86.018564  100.128568    0.450697    3.025953
   86.018615  100.106215    0.337452    1.960655
   86.018664  100.083847    0.397688    2.527355
   86.018712  100.061482    0.230195    0.951729
   86.018759  100.039119    0.424383    2.778558
   86.018805  100.016763    0.297549    1.585424
   86.018850   99.994423    0.515337    3.634267
   86.018938   99.949751    0.629316    4.706576
   86.018982   99.927414    0.483956    3.339162
   86.019025   99.905069    0.522968    3.706202
   86.019068   99.882723    0.467054    3.180235
   86.019111   99.860375    0.318547    1.783214
   86.019153   99.838028    0.326859    1.861441
   86.019195   99.815682    0.343985    2.022593
   86.019237   99.793334    0.435811    2.886466
   86.019278   99.770987    0.326463    1.857826
   86.019318   99.748638    0.406077    2.606819
   86.019398   99.703939    0.432623    2.856624
   86.019437   99.681590    0.427690    2.810246
   86.019476   99.659247    0.406618    2.612060
   86.019515   99.636917    0.371329    2.280120
   86.019552   99.614586    0.247409    1.114395
   86.019590   99.592249    0.408460    2.629496
   86.019626   99.569897    0.517301    3.653431
   86.019663   99.547518    0.482745    3.328398
   86.019698   99.525128    0.513502    3.617770
   86.019733   99.502732    0.577598    4.220783
   86.019766   99.480334    0.433045    2.860967
   86.019797   99.457940    0.361655    2.189419
   86.019828   99.435545    0.545823    3.921984
   86.019858   99.413146    0.433656    2.866836
   86.019919   99.368333    0.324743    1.842334
   86.019950   99.345921    0.477672    3.281024
   86.019981   99.323513    0.454228    3.060519
   86.020044   99.278726    0.483534    3.336291
   86.020075   99.256349    0.474857    3.254703
   86.020105   99.233977    0.434135    2.871657
   86.020134   99.211611    0.378656    2.349782
   86.020183   99.166895    0.481437    3.316755
   86.020205   99.144543    0.445905    2.982538
   86.020227   99.122194    0.960727    7.825679
   86.020247   99.099851    0.621644    4.635848
   86.020267   99.077507    0.321770    1.814872
   86.020287   99.055163    0.385119    2.410854
   86.020306   99.032816    0.246024    1.102375
   86.020326   99.010464    0.143017    0.307248
   86.020345   98.988107    0.270944    1.336884
   86.020364   98.965742    0.173162    0.417053
   86.020383   98.943365    0.448341    3.005796
   86.020403   98.920964    0.384739    2.407508
   86.020423   98.898558    0.462695    3.140912
   86.020458   98.853756    0.422170    2.759752
   86.020472   98.831385    0.379531    2.358666
   86.020484   98.809020    0.374533    2.311688
   86.020496   98.786657    0.315910    1.760239
   86.020508   98.764292    0.492329    3.419914
   86.020521   98.741914    0.386652    2.425811
   86.020535   98.719535    0.399768    2.549242
   86.020562   98.674773    0.606774    4.496689
   86.020574   98.652395    0.408751    2.633859
   86.020598   98.607634    0.334027    1.930979
   86.020608   98.585249    0.324036    1.837033
   86.020617   98.562856    0.419495    2.735081
   86.020624   98.540461    0.574472    4.193047
   86.020630   98.518060    0.360338    2.178654
   86.020636   98.495654    0.369459    2.264491
   86.020640   98.473238    0.117253    0.251899
   86.020644   98.450820    0.208443    0.749844
   86.020648   98.428404    0.196079    0.633569
   86.020652   98.405992    0.203747    0.705738
   86.020656   98.383592    0.262586    1.259298
   86.020661   98.361198    0.590373    4.342937
   86.020664   98.338810    0.171846    0.405748
   86.020667   98.294064    0.086801    0.186478
   86.020666   98.271705    0.205327    0.720836
   86.020664   98.249349    0.206664    0.733452
   86.020662   98.226994    0.109654    0.235573
   86.020659   98.204640    0.269980    1.329156
   86.020656   98.182284    0.264231    1.275120
   86.020649   98.137574    0.233637    0.987384
   86.020645   98.115215    0.247255    1.115528
   86.020642   98.092856    0.215678    0.818516
   86.020638   98.070493    0.360074    2.176930
   86.020633   98.048128    0.108938    0.234036
   86.020628   98.025761    0.123845    0.266061
   86.020615   97.981013    0.179169    0.475256
   86.020598   97.936242    0.000000    0.000000
   86.020588   97.913848    0.307454    1.682184
   86.020577   97.891448    0.354298    2.122900
   86.020566   97.869044    0.484301    3.345922
   86.020555   97.846636    0.241268    1.059663
   86.020543   97.824224    0.254432    1.183542
   86.020531   97.801810    0.216450    0.826268
   86.020519   97.779389    0.279162    1.416265
   86.020507   97.756958    0.272408    1.352760
   86.020494   97.734530    0.325094    1.848432
   86.020481   97.712111    0.312940    1.734135
   86.020467   97.689711    0.289570    1.514329
   86.020452   97.667347    0.358052    2.158591
   86.020436   97.644997    0.183305    0.514727
   86.020420   97.622655    0.268985    1.320786
   86.020402   97.600316    0.130640    0.280658
   86.020383   97.577972    0.162213    0.348489
   86.020364   97.555626    0.311555    1.721372
   86.020343   97.533277    0.216942    0.831351
   86.020323   97.510921    0.419852    2.740239
   86.020301   97.488555    0.307322    1.681661
   86.020279   97.466184    0.215458    0.817508
   86.020257   97.443809    0.161140    0.346183
   86.020234   97.421435    0.284886    1.470717
   86.020211   97.399067    0.255086    1.190410
   86.020187   97.376697    0.286915    1.489878
   86.020163   97.354322    0.214235    0.806190
   86.020137   97.331935    0.334383    1.936498
   86.020111   97.309532    0.314764    1.751980
   86.020084   97.287121    0.258915    1.226622
   86.020057   97.264707    0.271123    1.341505
   86.020029   97.242292    0.115582    0.248309
   86.020001   97.219880    0.206015    0.729089
   86.019973   97.197470    0.152714    0.328082
   86.019945   97.175062    0.367611    2.249358
   86.019917   97.152660    0.420177    2.743894
   86.019889   97.130263    0.113011    0.242786
   86.019800   97.063098    0.319475    1.796710
   86.019732   97.018338    0.317234    1.775706
   86.019697   96.995968    0.301931    1.631781
   86.019625   96.951272    0.397543    2.531312
   86.019516   96.884261    0.266386    1.297586
   86.019481   96.861891    0.429401    2.831154
   86.019446   96.839512    0.295639    1.572851
   86.019411   96.817131    0.241630    1.064811
   86.019374   96.794751    0.000000    0.000000
   86.019334   96.772380    0.038967    0.083713
   86.019292   96.750010    0.031453    0.067571
   86.019249   96.727642    0.231051    0.965435
   86.019205   96.705274    0.170878    0.399403
   86.019160   96.682903    0.032955    0.070798
   86.019025   96.615800    0.022785    0.048950
   86.018982   96.593446    0.000000    0.000000
   86.018940   96.571094    0.071319    0.153218
   86.018854   96.526378    0.072829    0.156460
   86.018809   96.504007    0.480438    3.311882
   86.018717   96.459248    0.057864    0.124312
   86.018670   96.436862    0.393518    2.494302
   86.018572   96.392084    0.372928    2.300685
   86.018522   96.369691    0.408739    2.637605
   86.018472   96.347295    0.403848    2.591635
   86.018420   96.324893    0.336801    1.960939
   86.018368   96.302492    0.419591    2.739809
   86.018263   96.257695    0.248086    1.126472
   86.018211   96.235302    0.453558    3.059458
   86.018159   96.212914    0.384481    2.409660
   86.018106   96.190534    0.331618    1.912397
   86.018053   96.168166    0.371950    2.291851
   86.017998   96.145822    0.408219    2.633087
   86.017942   96.123482    0.473973    3.251688
   86.017885   96.101140    0.368998    2.264193
   86.017827   96.078789    0.308846    1.698357
   86.017768   96.056409    0.360008    2.179697
   86.017708   96.034026    0.348147    2.068150
   86.017647   96.011643    0.357353    2.154794
   86.017585   95.989266    0.330461    1.901848
   86.017523   95.966909    0.125218    0.269009
   86.017460   95.944559    0.143760    0.308846
   86.017397   95.922218    0.194909    0.626780
   86.017333   95.899887    0.220640    0.868873
   86.017269   95.877570    0.281405    1.440548
   86.017204   95.855256    0.263044    1.267859
   86.017138   95.832940    0.252181    1.165698
   86.017072   95.810617    0.358719    2.167976
   86.017006   95.788271    0.370046    2.274568
   86.016940   95.765919    0.284406    1.468964
   86.016743   95.698879    0.389077    2.453753
   86.016678   95.676543    0.437186    2.906367
   86.016612   95.654204    0.380864    2.376564
   86.016545   95.631861    0.210193    0.771039
   86.016477   95.609505    0.375913    2.330057
   86.016407   95.587144    0.323008    1.832400
   86.016336   95.564779    0.328274    1.881972
   86.016264   95.542408    0.541150    3.884611
   86.016117   95.497646    0.174478    0.435275
   86.016043   95.475272    0.311634    1.725585
   86.015968   95.452910    0.375169    2.323319
   86.015894   95.430576    0.322142    1.824512
   86.015819   95.408250    0.327392    1.873943
   86.015743   95.385926    0.322254    1.825641
   86.015667   95.363595    0.357342    2.155766
   86.015590   95.341241    0.362403    2.203417
   86.015512   95.318884    0.445851    2.988484
   86.015433   95.296534    0.427359    2.814564
   86.015352   95.274195    0.242904    1.079368
   86.015269   95.251884    0.404107    2.595901
   86.015185   95.229583    0.167380    0.368971
   86.015100   95.207291    0.385232    2.418425
   86.015014   95.185009    0.216698    0.833002
   86.014841   95.140464    0.299851    1.615336
   86.014755   95.118193    0.343668    2.027578
   86.014668   95.095913    0.238518    1.038435
   86.014497   95.051313    0.188616    0.569073
   86.014411   95.029010    0.349065    2.078510
   86.014326   95.006711    0.325807    1.859752
   86.014241   94.984431    0.309819    1.709382
   86.014156   94.962149    0.152954    0.328596
   86.014069   94.939862    0.458349    3.106737
   86.013982   94.917562    0.294668    1.566977
   86.013892   94.895237    0.342066    2.012899
   86.013709   94.850554    0.334724    1.943911
   86.013616   94.828198    0.431952    2.858613
   86.013524   94.805836    0.597668    4.417594
   86.013431   94.783469    0.460996    3.131918
   86.013245   94.738730    0.418718    2.734269
   86.013056   94.693998    0.339107    1.985422
   86.012961   94.671645    0.350539    2.093007
   86.012864   94.649310    0.304622    1.661092
   86.012766   94.627004    0.327437    1.875759
   86.012666   94.604712    0.314523    1.754310
   86.012465   94.560164    0.315803    1.766438
   86.012263   94.515649    0.406316    2.618006
   86.012161   94.493400    0.280725    1.436567
   86.012059   94.471159    0.329121    1.891878
   86.011958   94.448925    0.436484    2.901921
   86.011855   94.426689    0.378653    2.357923
   86.011752   94.404451    0.351064    2.098430
   86.011649   94.382205    0.389996    2.464713
   86.011544   94.359937    0.326521    1.867618
   86.011333   94.315383    0.347024    2.060576
   86.011225   94.293099    0.576733    4.221573
   86.011008   94.248526    0.398165    2.541795
   86.010790   94.203939    0.466463    3.184379
   86.010681   94.181639    0.361660    2.198499
   86.010573   94.159335    0.258677    1.229746
   86.010355   94.114729    0.213885    0.808451
   86.010247   94.092425    0.352637    2.113780
   86.010137   94.070124    0.244264    1.094315
   86.010027   94.047826    0.335382    1.951534
   86.009916   94.025536    0.290368    1.528109
   86.009803   94.003257    0.402521    2.583206
   86.009689   93.980983    0.384056    2.409542
   86.009574   93.958714    0.323378    1.838766
   86.009458   93.936448    0.308624    1.700005
   86.009341   93.914183    0.323888    1.843643
   86.009224   93.891923    0.185009    0.537198
   86.009106   93.869666    0.302334    1.640956
   86.008988   93.847417    0.083833    0.180101
   86.008871   93.825177    0.030200    0.064881
   86.008635   93.780714    0.378798    2.360434
   86.008516   93.758487    0.318768    1.795745
   86.008395   93.736265    0.287811    1.504566
   86.008272   93.714044    0.320824    1.815168
   86.008149   93.691827    0.396919    2.531059
   86.008024   93.669612    0.358623    2.170832
   86.007773   93.625182    0.349449    2.084606
   86.007647   93.602970    0.420041    2.748734
   86.007521   93.580760    0.353123    2.119246
   86.007396   93.558553    0.391362    2.479011
   86.007270   93.536346    0.328739    1.889941
   86.007145   93.514141    0.214304    0.813451
   86.007018   93.491937    0.304427    1.661301
   86.006891   93.469740    0.344064    2.034216
   86.006762   93.447539    0.329307    1.895434
   86.006633   93.425331    0.247114    1.122256
   86.006503   93.403111    0.264052    1.281632
   86.006372   93.380865    0.342350    2.018249
   86.006108   93.336350    0.365774    2.238683
   86.005976   93.314089    0.367705    2.256886
   86.005846   93.291833    0.378835    2.361625
   86.005715   93.269575    0.465814    3.179903
   86.005453   93.225057    0.241415    1.068980
   86.005188   93.180524    0.195758    0.639544
   86.005053   93.158265    0.260052    1.244422
   86.004918   93.136022    0.307857    1.694177
   86.004780   93.113801    0.384474    2.414982
   86.004642   93.091593    0.377446    2.348901
   86.004503   93.069400    0.462134    3.145628
   86.004224   93.025063    0.385202    2.421983
   86.004084   93.002915    0.435698    2.897046
   86.003943   92.980772    0.372019    2.298035
   86.003802   92.958631    0.407386    2.630784
   86.003660   92.936482    0.420859    2.757569
   86.003373   92.892188    0.305831    1.675541
   86.003229   92.870049    0.362409    2.207827
   86.003082   92.847924    0.414604    2.698882
   86.002787   92.803658    0.371758    2.295891
   86.002639   92.781501    0.308072    1.696813
   86.002491   92.759310    0.348303    2.075313
   86.002194   92.714887    0.446380    2.998029
   86.002044   92.692662    0.335579    1.955733
   86.001895   92.670434    0.407016    2.627801
   86.001745   92.648202    0.483261    3.345100
   86.001595   92.625967    0.209657    0.771255
   86.001444   92.603732    0.235285    1.012377
   86.001293   92.581500    0.404007    2.599641
   86.001141   92.559268    0.186871    0.557014
   86.000989   92.537038    0.166026    0.360949
   86.000836   92.514810    0.156473    0.336157
   86.000681   92.492578    0.485634    3.367692
   86.000526   92.470354    0.271036    1.348927
   86.000370   92.448141    0.533630    3.819275
   86.000214   92.425947    0.487201    3.382543
   86.000059   92.403786    0.517517    3.667774
   85.999904   92.381637    0.378631    2.361262
   85.999592   92.337360    0.425403    2.801342
   85.999433   92.315214    0.395305    2.518237
   85.999272   92.293072    0.380810    2.381909
   85.999111   92.270935    0.403766    2.597906
   85.998949   92.248805    0.465362    3.177397
   85.998787   92.226684    0.434305    2.885274
   85.998624   92.204571    0.467293    3.195639
   85.998298   92.160381    0.437162    2.912257
   85.998137   92.138321    0.423558    2.784317
   85.997975   92.116265    0.279416    1.428362
   85.997813   92.094206    0.412982    2.684902
   85.997650   92.072135    0.569537    4.157706
   85.997484   92.050032    0.412486    2.680311
   85.997318   92.027918    0.504636    3.547231
   85.997150   92.005793    0.523144    3.721381
   85.996812   91.961526    0.356077    2.149808
   85.996642   91.939382    0.407185    2.630634
   85.996471   91.917232    0.375615    2.333682
   85.996299   91.895074    0.488352    3.394271
   85.996126   91.872905    0.331979    1.923258
   85.995953   91.850733    0.527833    3.765755
   85.995605   91.806383    0.457126    3.100667
   85.995432   91.784211    0.384199    2.414658
   85.995260   91.762042    0.638526    4.807234
   85.995087   91.739882    0.389013    2.460019
   85.994739   91.695594    0.399722    2.560835
   85.994565   91.673469    0.381961    2.393793
   85.994390   91.651356    0.383761    2.410766
   85.994213   91.629257    0.445228    2.989036
   85.994035   91.607170    0.503276    3.535155
   85.993677   91.563041    0.414687    2.701847
   85.993497   91.541003    0.503871    3.540859
   85.993318   91.518992    0.519759    3.690366
   85.993139   91.496992    0.519456    3.687555
   85.992959   91.475001    0.386385    2.435744
   85.992779   91.453013    0.495657    3.463740
   85.992598   91.431023    0.418153    2.734667
   85.992416   91.409032    0.429259    2.839184
   85.992233   91.387036    0.377613    2.353369
   85.992049   91.365032    0.398983    2.554445
   85.991864   91.343015    0.273948    1.378237
   85.991678   91.320988    0.376799    2.345827
   85.991491   91.298952    0.633389    4.759695
   85.991304   91.276903    0.414884    2.704182
   85.991116   91.254842    0.377083    2.348619
   85.990929   91.232772    0.490430    3.414957
   85.990552   91.188604    0.331773    1.922493
   85.990364   91.166502    0.305789    1.678097
   85.990175   91.144399    0.324330    1.852560
   85.989986   91.122295    0.346064    2.057054
   85.989796   91.100196    0.359219    2.180851
   85.989605   91.078107    0.390402    2.474237
   85.989412   91.056026    0.533604    3.821428
   85.989220   91.033955    0.432153    2.867089
   85.988832   90.989863    0.382469    2.399776
   85.988638   90.967837    0.425508    2.804692
   85.988443   90.945818    0.418243    2.736386
   85.988248   90.923803    0.429381    2.841210
   85.988053   90.901783    0.448657    3.022588
   85.987857   90.879765    0.404452    2.606776
   85.987661   90.857751    0.321399    1.825504
   85.987465   90.835740    0.273171    1.371849
   85.987267   90.813733    0.197548    0.660482
   85.987069   90.791731    0.340685    2.007058
   85.986870   90.769734    0.340253    2.003033
   85.986468   90.725771    0.333213    1.936884
   85.986265   90.703802    0.337412    1.976431
   85.986062   90.681837    0.583441    4.290949
   85.985859   90.659874    0.412925    2.686882
   85.985249   90.593978    0.267554    1.319448
   85.985046   90.572014    0.286792    1.500468
   85.984639   90.528086    0.377698    2.355734
   85.984435   90.506119    0.356020    2.151843
   85.984230   90.484151    0.408248    2.643203
   85.984023   90.462177    0.304198    1.664413
   85.983814   90.440200    0.384290    2.417908
   85.983605   90.418220    0.371574    2.298320
   85.983395   90.396237    0.400670    2.572073
   85.982972   90.352269    0.433617    2.882099
   85.982760   90.330278    0.385118    2.425897
   85.982547   90.308277    0.308625    1.706341
   85.982334   90.286258    0.285891    1.492511
   85.982121   90.264235    0.393608    2.505879
   85.981907   90.242210    0.289181    1.523545
   85.981693   90.220190    0.512131    3.620950
   85.981478   90.198177    0.384847    2.423588
   85.981263   90.176171    0.403102    2.595357
   85.981047   90.154175    0.394747    2.516793
   85.980830   90.132192    0.314576    1.762644
   85.980613   90.110226    0.295472    1.582960
   85.980395   90.088274    0.327896    1.888031
   85.980176   90.066336    0.495410    3.463930
   85.979957   90.044415    0.310276    1.722351
   85.979738   90.022514    0.288317    1.515814
   85.979299   89.978744    0.350356    2.099512
   85.979078   89.956870    0.390456    2.476788
   85.978858   89.934999    0.305770    1.680163
   85.978637   89.913131    0.335958    1.964187
   85.978415   89.891267    0.353524    2.129476
   85.978193   89.869408    0.257684    1.227912
   85.977969   89.847556    0.258087    1.231748
   85.977744   89.825703    0.271783    1.360626
   85.977518   89.803842    0.209700    0.776636
   85.977293   89.781969    0.325149    1.862736
   85.977067   89.760070    0.200399    0.689212
   85.976840   89.738159    0.273168    1.373815
   85.976613   89.716240    0.416663    2.723764
   85.976385   89.694316    0.264224    1.289761
   85.975929   89.650463    0.227025    0.939896
   85.975699   89.628530    0.259006    1.240785
   85.975468   89.606596    0.250074    1.156803
   85.975000   89.562719    0.009553    0.020524
   85.974531   89.518843    0.236550    1.029735
   85.974298   89.496905    0.376521    2.346529
   85.974066   89.474973    0.303491    1.659549
   85.973833   89.453054    0.130195    0.279702
   85.973599   89.431153    0.324102    1.853522
   85.973364   89.409282    0.163212    0.350635
   85.973129   89.387428    0.374764    2.330199
   85.972655   89.343761    0.367241    2.259502
   85.972175   89.300142    0.300660    1.633239
   85.971934   89.278340    0.252370    1.178995
   85.971692   89.256534    0.281897    1.456805
   85.971451   89.234712    0.234394    1.009965
   85.971209   89.212890    0.220793    0.882060
   85.970967   89.191066    0.278141    1.421587
   85.970725   89.169246    0.210107    0.781612
   85.970482   89.147436    0.271031    1.354785
   85.970238   89.125625    0.293268    1.564009
   85.969994   89.103813    0.269280    1.338387
   85.969750   89.081995    0.159463    0.342581
   85.969505   89.060167    0.134199    0.288304
   85.969260   89.038335    0.316915    1.786622
   85.969014   89.016501    0.537897    3.865521
   85.968768   88.994668    0.329739    1.907342
   85.968273   88.951008    0.303418    1.659813
   85.968025   88.929181    0.310658    1.727958
   85.967527   88.885540    0.352899    2.125412
   85.967276   88.863724    0.314387    1.763154
   85.967025   88.841906    0.320138    1.817303
   85.966772   88.820084    0.272839    1.372384
   85.966518   88.798246    0.413796    2.698450
   85.966263   88.776408    0.355484    2.149932
   85.966008   88.754571    0.251022    1.167258
   85.965752   88.732739    0.195830    0.648091
   85.965498   88.710917    0.400161    2.570339
   85.965243   88.689103    0.309635    1.718766
   85.964988   88.667298    0.355265    2.148070
   85.964732   88.645503    0.320860    1.824450
