Converting ICESat/GLAS binary freeboard vector data to ASCII
Wed Feb 12 09:56:58 2014

write_fb:
  file_in:       laser3k0044002.dat
  laser_period:  3k
  track:         0044
  cycle:         002
  file_out:      laser3k0044002.txt
  non_zero_only:        0
  nan_replace:       -999

read_fb:
  Year:                  2008
  Month:                   10
  Day:                     12
  Hour:                     7
  Minute:                  18
  Doy:                    286
  record_count:           327
  non_zero_count:         326
  nan_count:                0

    Latitude   Longitude   Freeboard   Thickness
   83.393740  250.059194    0.359559    1.477874
   83.392503  250.050987    0.350505    1.392766
   83.391269  250.042783    0.465897    2.478370
   83.390036  250.034582    0.263482    0.574256
   83.388804  250.026383    0.335470    1.251537
   83.387571  250.018188    0.560888    3.372191
   83.236021  249.040423    0.244091    0.515277
   83.234772  249.032546    0.296979    0.898512
   83.233524  249.024677    0.240985    0.508720
   83.232277  249.016837    0.121570    0.256635
   83.231030  249.009018    0.161006    0.339884
   83.229784  249.001208    0.143264    0.302430
   83.228537  248.993404    0.500072    2.809435
   83.227287  248.985594    0.527323    3.065872
   83.226037  248.977780    0.452420    2.361304
   83.224785  248.969965    0.494707    2.759185
   83.223534  248.962151    0.461831    2.449980
   83.222283  248.954332    0.462968    2.460749
   83.221033  248.946512    0.449107    2.330429
   83.219783  248.938695    0.317264    1.090212
   83.217284  248.923082    0.410605    1.968442
   83.216035  248.915291    0.281798    0.756789
   83.214785  248.907507    0.400458    1.873137
   83.213536  248.899732    0.274556    0.688808
   83.212285  248.891969    0.385130    1.729083
   83.211033  248.884215    0.412318    1.984922
   83.209781  248.876465    0.334665    1.254486
   83.208528  248.868717    0.496288    2.775001
   83.207276  248.860964    0.563447    3.406863
   83.206025  248.853207    0.329610    1.207152
   83.204773  248.845447    0.512980    2.932249
   83.203520  248.837682    0.493114    2.745430
   83.202268  248.829906    0.447695    2.318228
   83.201014  248.822122    0.519573    2.994488
   83.199760  248.814338    0.275465    0.698154
   83.198505  248.806556    0.316737    1.086480
   83.197250  248.798785    0.239954    0.506544
   83.195994  248.791022    0.300298    0.931992
   83.194738  248.783264    0.365871    1.548928
   83.193482  248.775509    0.434527    2.194878
   83.192225  248.767756    0.457687    2.412834
   83.185949  248.729001    0.348925    1.390055
   83.184696  248.721253    0.355864    1.455407
   83.183444  248.713512    0.295712    0.889616
   83.182190  248.705785    0.316580    1.086007
   83.180935  248.698069    0.235461    0.497060
   83.179680  248.690363    0.285083    0.789849
   83.178425  248.682667    0.314087    1.062777
   83.177170  248.674990    0.070693    0.149233
   83.175915  248.667324    0.055088    0.116292
   83.174660  248.659660    0.035943    0.075877
   83.173406  248.651995    0.627636    4.012748
   83.172153  248.644313    0.359748    1.492710
   83.170901  248.636619    0.270880    0.656780
   83.169648  248.628920    0.240059    0.506764
   83.168395  248.621219    0.264256    0.594617
   83.167141  248.613516    0.311581    1.039894
   83.165885  248.605814    0.190270    0.401660
   83.164629  248.598117    0.313254    1.055786
   83.163373  248.590429    0.276814    0.713059
   83.162116  248.582761    0.443019    2.276679
   83.160860  248.575109    0.514885    2.952828
   83.159603  248.567461    0.186477    0.393653
   83.158345  248.559812    0.308711    1.013435
   83.157087  248.552152    0.269149    0.641334
   83.155829  248.544481    0.259572    0.551319
   83.154570  248.536806    0.311883    1.043498
   83.153311  248.529126    0.339993    1.308014
   83.152053  248.521435    0.082162    0.173445
   83.150795  248.513739    0.344077    1.346595
   83.149536  248.506047    0.454844    2.388688
   83.148278  248.498361    0.489485    2.714644
   83.147019  248.490696    0.408057    1.948705
   83.145759  248.483048    0.320102    1.121357
   83.144499  248.475413    0.253672    0.535503
   83.143239  248.467789    0.190633    0.402426
   83.136941  248.429811    0.598899    3.744627
   83.135687  248.422203    0.162984    0.344059
   83.134433  248.414595    0.448689    2.331708
   83.133180  248.406989    0.593052    3.689851
   83.131925  248.399391    0.507483    2.884951
   83.123117  248.346458    0.025356    0.053526
   83.121856  248.338897    0.286692    0.808503
   83.105430  248.240236    0.388950    1.771483
   83.104164  248.232699    0.327919    1.197419
   83.102899  248.225164    0.296890    0.905591
   83.101636  248.217619    0.223048    0.470856
   83.096591  248.187437    0.534790    3.143978
   83.095331  248.179906    0.312105    1.049187
   83.094071  248.172383    0.503189    2.846854
   83.092810  248.164868    0.411595    1.985276
   83.091548  248.157372    0.372307    1.615751
   83.090286  248.149888    0.367549    1.571068
   83.089023  248.142407    0.255114    0.538547
   83.087760  248.134925    0.467778    2.514110
   83.086497  248.127428    0.396672    1.845262
   83.085234  248.119920    0.371141    1.605161
   83.083971  248.112410    0.383874    1.725023
   83.082708  248.104899    0.310329    1.033238
   83.081446  248.097392    0.363075    1.529515
   83.080183  248.089887    0.391673    1.798618
   83.078921  248.082385    0.444327    2.294033
   83.077659  248.074888    0.319134    1.116371
   83.075132  248.059910    0.343841    1.348958
   83.073868  248.052427    0.386183    1.747355
   83.072604  248.044948    0.548442    3.273861
   83.071339  248.037475    0.359282    1.494445
   83.070075  248.030005    0.292993    0.870915
   83.063748  247.992576    0.534490    3.143142
   83.062482  247.985083    0.439023    2.245125
   83.061215  247.977604    0.672427    4.440914
   83.059948  247.970138    0.572554    3.501451
   83.058681  247.962681    0.392545    1.808123
   83.057414  247.955235    0.412306    1.994097
   83.056145  247.947806    0.213314    0.450307
   83.051073  247.918136    0.114151    0.240974
   83.049806  247.910701    0.687436    4.582789
   83.047273  247.895833    0.661320    4.337262
   83.046009  247.888410    0.250613    0.529045
   83.044746  247.880996    0.377806    1.670307
   83.043484  247.873589    0.467675    2.515812
   83.042221  247.866190    0.709767    4.793325
   83.040956  247.858807    0.329871    1.219594
   83.039690  247.851434    0.424713    2.111881
   83.038423  247.844063    0.337652    1.292940
   83.035889  247.829307    0.338296    1.299153
   83.025745  247.770048    0.285572    0.803770
   83.024473  247.762645    0.409199    1.966850
   83.023201  247.755247    0.308452    1.019160
   83.021928  247.747855    0.176222    0.372006
   83.020655  247.740473    0.362014    1.523194
   83.019382  247.733098    0.522874    3.036534
   83.018109  247.725729    0.336836    1.286482
   83.016837  247.718364    0.305043    0.987474
   83.015567  247.710999    0.254808    0.537901
   83.014297  247.703635    0.429011    2.153832
   83.013029  247.696276    0.351862    1.428146
   83.011760  247.688924    0.362394    1.527302
   83.010491  247.681580    0.372146    1.619116
   83.009223  247.674246    0.321455    1.142324
   83.007954  247.666920    0.322255    1.149929
   83.006685  247.659601    0.428410    2.148632
   83.005417  247.652295    0.158584    0.334771
   82.986344  247.542611    0.041131    0.086827
   82.960867  247.397128    0.285376    0.805943
   82.959593  247.389882    0.206786    0.436526
   82.958318  247.382635    0.418205    2.055670
   82.957043  247.375391    0.422184    2.093189
   82.955768  247.368153    0.399812    1.882809
   82.954492  247.360932    0.240475    0.507643
   82.950663  247.339308    0.400593    1.890468
   82.949386  247.332091    0.244240    0.515591
   82.948109  247.324866    0.303736    0.979467
   82.946832  247.317635    0.388686    1.778699
   82.945555  247.310398    0.524606    3.057422
   82.944277  247.303143    0.257044    0.542621
   82.943001  247.295879    0.590214    3.674780
   82.941724  247.288619    0.492939    2.759761
   82.940447  247.281367    0.385429    1.748463
   82.939170  247.274146    0.304884    0.990826
   82.937893  247.266948    0.450105    2.357044
   82.936617  247.259759    0.459972    2.449950
   82.935341  247.252577    0.343036    1.349970
   82.932791  247.238200    0.286407    0.817408
   82.931517  247.231011    0.184519    0.389519
   82.930243  247.223824    0.217942    0.460076
   82.928967  247.216639    0.173919    0.367144
   82.927690  247.209455    0.414038    2.018394
   82.926413  247.202274    0.364477    1.552238
   82.925137  247.195094    0.323490    1.166733
   82.923861  247.187914    0.085688    0.180888
   82.922586  247.180735    0.406167    1.944668
   82.921311  247.173559    0.296698    0.914933
   82.920035  247.166386    0.397169    1.860176
   82.918758  247.159218    0.342988    1.350559
   82.913644  247.130585    0.197946    0.417864
   82.912364  247.123432    0.324518    1.177206
   82.908523  247.101981    0.293568    0.886291
   82.907242  247.094833    0.193622    0.408736
   82.904681  247.080543    0.062986    0.132965
   82.903400  247.073402    0.147102    0.310533
   82.902118  247.066264    0.405519    1.939846
   82.900837  247.059130    0.266669    0.633721
   82.899556  247.052001    0.349241    1.410581
   82.898276  247.044883    0.238919    0.504358
   82.896998  247.037772    0.279679    0.756348
   82.890613  247.002179    0.261136    0.582305
   82.889335  246.995055    0.641402    4.159676
   82.888057  246.987942    0.215506    0.454934
   82.886777  246.980837    0.222881    0.470502
   82.885497  246.973738    0.087984    0.185734
   82.884217  246.966643    0.148294    0.313049
   82.882935  246.959553    0.120111    0.253554
   82.881654  246.952467    0.000000    0.000000
   82.880372  246.945382    0.023522    0.049655
   82.879090  246.938299    0.044510    0.093962
   82.877809  246.931211    0.184756    0.390021
   82.876528  246.924120    0.295970    0.910882
   82.875247  246.917035    0.407225    1.957570
   82.873966  246.909958    0.391376    1.808549
   82.872685  246.902899    0.335028    1.278553
   82.871404  246.895855    0.280628    0.766871
   82.870123  246.888819    0.510263    2.927204
   82.868842  246.881788    0.366674    1.576491
   82.867561  246.874761    0.601557    3.786193
   82.866280  246.867735    0.447681    2.338708
   82.864999  246.860706    0.400882    1.898535
   82.863717  246.853672    0.624248    3.999897
   82.862433  246.846621    0.369560    1.604041
   82.861148  246.839557    0.324767    1.182738
   82.859862  246.832488    0.259257    0.566544
   82.858576  246.825415    0.534234    3.153424
   82.857291  246.818341    0.433393    2.204854
   82.856008  246.811267    0.160060    0.337886
   82.854724  246.804197    0.066235    0.139823
   82.852155  246.790080    0.078205    0.165091
   82.849583  246.776002    0.590847    3.686563
   82.848298  246.768973    0.420474    2.083879
   82.847013  246.761949    0.345875    1.382183
   82.845729  246.754930    0.306095    1.008036
   82.844446  246.747913    0.416160    2.043541
   82.843162  246.740899    0.626841    4.025561
   82.841880  246.733879    0.376309    1.668808
   82.840597  246.726859    0.673972    4.469104
   82.839314  246.719841    0.162342    0.342704
   82.838031  246.712829    0.426345    2.139750
   82.836748  246.705827    0.372785    1.635969
   82.835465  246.698835    0.318303    1.123520
   82.834182  246.691848    0.335113    1.281736
   82.832898  246.684866    0.315605    1.098299
   82.831612  246.677890    0.474151    2.589870
   82.830326  246.670918    0.470053    2.551399
   82.829040  246.663947    0.266427    0.635904
   82.827753  246.656975    0.381756    1.720918
   82.826465  246.649997    0.315714    1.099720
   82.825177  246.643015    0.538011    3.191020
   82.823889  246.636030    0.393539    1.832008
   82.822601  246.629044    0.331580    1.249220
   82.821313  246.622055    0.538554    3.196367
   82.820025  246.615065    0.559697    3.395353
   82.818736  246.608076    0.378869    1.694319
   82.817448  246.601091    0.432046    2.194649
   82.816158  246.594113    0.371007    1.620521
   82.814868  246.587142    0.426683    2.144356
   82.813578  246.580175    0.644911    4.197384
   82.812288  246.573211    0.184052    0.388533
   82.810999  246.566250    0.447707    2.342379
   82.809711  246.559292    0.449383    2.358235
   82.808423  246.552335    0.296056    0.915914
   82.807137  246.545380    0.346722    1.392635
   82.805851  246.538423    0.099389    0.209811
   82.804567  246.531468    0.208047    0.439189
   82.803284  246.524514    0.341706    1.345694
   82.802000  246.517562    0.327369    1.210911
   82.800715  246.510614    0.501030    2.844683
   82.799430  246.503669    0.394703    1.844512
   82.798144  246.496730    0.452371    2.387098
   82.796857  246.489796    0.331052    1.245887
   82.795569  246.482871    0.507724    2.907990
   82.794281  246.475954    0.557403    3.375419
   82.792992  246.469042    0.376684    1.675413
   82.791703  246.462133    0.369367    1.606668
   82.790415  246.455223    0.650524    4.251687
   82.789128  246.448314    0.385665    1.760157
   82.787841  246.441408    0.533811    3.153893
   82.786553  246.434504    0.627968    4.039742
   82.785266  246.427604    0.554131    3.345223
   82.783977  246.420708    0.482309    2.669648
   82.782688  246.413813    0.337432    1.306823
   82.781398  246.406921    0.409504    1.984912
   82.780107  246.400031    0.526587    3.086437
   82.778815  246.393142    0.584675    3.632971
   82.777523  246.386255    0.552773    3.332945
   82.776230  246.379370    0.444878    2.318026
   82.774939  246.372486    0.352992    1.453700
   82.773648  246.365605    0.373104    1.642984
   82.772357  246.358725    0.440524    2.277311
   82.771066  246.351847    0.508111    2.913210
   82.769775  246.344969    0.509698    2.928223
   82.768485  246.338094    0.415275    2.040037
   82.767194  246.331220    0.267520    0.650144
   82.765903  246.324350    0.586436    3.650379
   82.764611  246.317483    0.373228    1.644741
   82.763319  246.310620    0.369038    1.605405
   82.762026  246.303759    0.486752    2.712862
   82.760733  246.296901    0.186793    0.394321
   82.759441  246.290047    0.401358    1.909701
   82.758149  246.283195    0.264920    0.626269
   82.756857  246.276345    0.104821    0.221278
   82.755565  246.269496    0.106466    0.224751
   82.754275  246.262646    0.040692    0.085902
   82.752985  246.255797    0.076244    0.160950
   82.751695  246.248950    0.176341    0.372256
   82.750405  246.242104    0.089219    0.188341
   82.749114  246.235263    0.120522    0.254422
   82.747822  246.228424    0.087395    0.184491
   82.746529  246.221589    0.147790    0.311985
   82.745236  246.214756    0.631816    4.078616
   82.743944  246.207925    0.496407    2.804862
   82.742652  246.201098    0.455111    2.416456
   82.741360  246.194273    0.433292    2.211283
   82.740068  246.187452    0.430653    2.186539
   82.738776  246.180634    0.348568    1.414421
   82.737485  246.173821    0.539023    3.206178
   82.736194  246.167011    0.476610    2.619124
   82.734902  246.160206    0.264994    0.628465
   82.733611  246.153407    0.427156    2.154055
   82.732319  246.146612    0.304514    1.000402
   82.731027  246.139821    0.492686    2.770688
   82.729734  246.133033    0.434774    2.225974
   82.728441  246.126246    0.428335    2.165477
   82.727147  246.119461    0.449393    2.363668
   82.725853  246.112678    0.376922    1.681987
   82.724559  246.105895    0.397201    1.872845
   82.723264  246.099112    0.319683    1.143688
   82.721970  246.092330    0.529164    3.114430
   82.720675  246.085546    0.433654    2.216014
   82.719380  246.078760    0.438241    2.259253
   82.718085  246.071967    0.212408    0.448394
   82.716790  246.065171    0.510866    2.942632
   82.715494  246.058374    0.208328    0.439781
   82.714198  246.051579    0.142366    0.300535
   82.712902  246.044789    0.226925    0.479040
   82.711606  246.038003    0.196404    0.414610
   82.710309  246.031222    0.589334    3.681216
   82.709012  246.024444    0.508661    2.922388
