Converting ICESat/GLAS binary freeboard vector data to ASCII
Wed Feb 12 09:57:35 2014

write_fb:
  file_in:       laser3k0081002.dat
  laser_period:  3k
  track:         0081
  cycle:         002
  file_out:      laser3k0081002.txt
  non_zero_only:        0
  nan_replace:       -999

read_fb:
  Year:                  2008
  Month:                   10
  Day:                     14
  Hour:                    18
  Minute:                  54
  Doy:                    288
  record_count:          1549
  non_zero_count:        1541
  nan_count:                0

    Latitude   Longitude   Freeboard   Thickness
   82.838839  185.102464    0.045079    0.096003
   82.856863  185.003676    0.196240    0.417931
   82.858150  184.996622    0.200381    0.426750
   82.859436  184.989572    0.071955    0.153242
   82.860720  184.982526    0.260824    0.942555
   82.862003  184.975482    0.259432    0.929465
   82.863285  184.968439    0.117270    0.249749
   82.864565  184.961399    0.039082    0.083233
   82.865844  184.954363    0.181192    0.385883
   82.867121  184.947332    0.060318    0.128458
   82.868397  184.940312    0.144017    0.306711
   82.869672  184.933294    0.214719    0.508891
   82.870948  184.926275    0.275404    1.079779
   82.873502  184.912226    0.262767    0.960918
   82.874780  184.905192    0.122138    0.260116
   82.876059  184.898150    0.204359    0.435222
   82.877338  184.891097    0.226338    0.618243
   82.878617  184.884029    0.218362    0.543220
   82.879896  184.876951    0.214236    0.504410
   82.881175  184.869863    0.282105    1.142885
   82.886302  184.841414    0.297479    1.287546
   82.887586  184.834283    0.265149    0.983416
   82.888871  184.827148    0.271884    1.046781
   82.890157  184.820009    0.262861    0.961909
   82.891443  184.812867    0.237477    0.723120
   82.892730  184.805724    0.315134    1.453677
   82.894016  184.798582    0.230025    0.653037
   82.895302  184.791439    0.390260    2.160426
   82.896588  184.784294    0.300067    1.311963
   82.897874  184.777149    0.277028    1.095235
   82.899162  184.770000    0.091161    0.194144
   82.901733  184.755703    0.259231    0.927840
   82.903016  184.748556    0.263767    0.970514
   82.904294  184.741409    0.183721    0.391270
   82.905571  184.734266    0.280474    1.127700
   82.906847  184.727130    0.176664    0.376240
   82.908122  184.720005    0.349894    1.780779
   82.909397  184.712902    0.213966    0.502061
   82.911947  184.698705    0.290509    1.222148
   82.913221  184.691602    0.100188    0.213369
   82.915770  184.677355    0.218858    0.548125
   82.917044  184.670227    0.209431    0.459451
   82.918317  184.663099    0.114365    0.243562
   82.919589  184.655979    0.127581    0.271708
   82.920861  184.648856    0.173444    0.369383
   82.922132  184.641726    0.165182    0.351786
   82.923405  184.634586    0.187197    0.398671
   82.924680  184.627429    0.337010    1.659684
   82.925956  184.620261    0.219460    0.553856
   82.927233  184.613081    0.317988    1.480747
   82.928512  184.605890    0.225666    0.612256
   82.929792  184.598687    0.101369    0.215885
   82.932356  184.584251    0.244067    0.785384
   82.934922  184.569780    0.241434    0.760637
   82.936205  184.562535    0.277507    1.099997
   82.937489  184.555285    0.212078    0.484488
   82.938772  184.548032    0.220688    0.565494
   82.940054  184.540776    0.241896    0.765010
   82.941337  184.533521    0.229186    0.645458
   82.942618  184.526267    0.268120    1.011728
   82.943898  184.519017    0.210389    0.468640
   82.945177  184.511776    0.220173    0.560691
   82.946454  184.504539    0.210907    0.473529
   82.947731  184.497307    0.259315    0.928933
   82.949006  184.490080    0.243338    0.778636
   82.950280  184.482858    0.208542    0.451311
   82.951552  184.475641    0.262535    0.959242
   82.952824  184.468429    0.219808    0.557307
   82.954095  184.461223    0.214218    0.504728
   82.955365  184.454022    0.239377    0.741419
   82.957902  184.439633    0.229101    0.644766
   82.959171  184.432445    0.199186    0.424206
   82.960441  184.425262    0.259587    0.931573
   82.961711  184.418079    0.316520    1.467168
   82.962982  184.410892    0.258287    0.919356
   82.964253  184.403697    0.275765    1.083785
   82.965525  184.396490    0.213152    0.494776
   82.969344  184.374797    0.207520    0.441955
   82.970618  184.367533    0.062121    0.132299
   82.971893  184.360257    0.170934    0.364037
   82.973169  184.352968    0.284505    1.166067
   82.974446  184.345669    0.098184    0.209102
   82.975724  184.338361    0.044495    0.094761
   82.977003  184.331045    0.201886    0.429955
   82.978283  184.323725    0.194650    0.414544
   82.979562  184.316401    0.169985    0.362016
   82.982119  184.301752    0.268167    1.012422
   82.984674  184.287101    0.265693    0.989165
   82.985950  184.279779    0.405723    2.306489
   82.987225  184.272458    0.245510    0.799320
   82.988499  184.265138    0.245191    0.796328
   82.992311  184.243178    0.254273    0.881784
   82.993579  184.235862    0.364520    1.918929
   82.994847  184.228549    0.222204    0.580123
   82.996116  184.221242    0.300619    1.317807
   82.997385  184.213939    0.269553    1.025566
   82.998653  184.206640    0.516576    3.349402
   82.999921  184.199344    0.280795    1.131344
   83.001189  184.192055    0.220829    0.567234
   83.002457  184.184767    0.223401    0.591444
   83.004993  184.170184    0.206430    0.439632
   83.006262  184.162882    0.269606    1.026149
   83.007531  184.155576    0.248183    0.824621
   83.013867  184.118996    0.312430    1.429078
   83.017678  184.096974    0.282065    1.143458
   83.018952  184.089613    0.396095    2.216191
   83.020226  184.082236    0.298816    1.301066
   83.021502  184.074837    0.276228    1.088590
   83.024055  184.060010    0.275016    1.077213
   83.025330  184.052592    0.281847    1.141483
   83.026605  184.045181    0.275051    1.077562
   83.027878  184.037768    0.264521    0.978514
   83.029151  184.030350    0.304490    1.354532
   83.031695  184.015492    0.275282    1.079788
   83.034236  184.000614    0.321709    1.516566
   83.035506  183.993173    0.429512    2.530716
   83.038045  183.978297    0.326295    1.559741
   83.039312  183.970867    0.286242    1.182970
   83.040578  183.963449    0.302915    1.339828
   83.041842  183.956049    0.423662    2.475744
   83.043104  183.948657    0.492649    3.124745
   83.044366  183.941272    0.331658    1.610254
   83.045628  183.933892    0.477030    2.977831
   83.046892  183.926519    0.466083    2.874866
   83.048155  183.919145    0.361430    1.890366
   83.050682  183.904386    0.354783    1.827862
   83.051944  183.896987    0.294804    1.263630
   83.053206  183.889582    0.347157    1.756149
   83.054469  183.882172    0.299831    1.310950
   83.055732  183.874759    0.305613    1.365355
   83.059532  183.852507    0.326169    1.558770
   83.060801  183.845065    0.325884    1.556102
   83.062071  183.837597    0.329555    1.590645
   83.064611  183.822629    0.223197    0.590124
   83.065881  183.815134    0.216552    0.527628
   83.067149  183.807637    0.188249    0.400912
   83.068418  183.800136    0.227130    0.627163
   83.069686  183.792632    0.214515    0.508498
   83.074766  183.762609    0.000000    0.000000
   83.079829  183.732552    0.235705    0.707933
   83.081091  183.725043    0.182051    0.387713
   83.082350  183.717547    0.260260    0.938954
   83.084865  183.702566    0.200996    0.428060
   83.086123  183.695078    0.346022    1.745787
   83.087383  183.687588    0.444049    2.667976
   83.088642  183.680098    0.187337    0.398970
   83.089903  183.672609    0.372031    1.990498
   83.092424  183.657635    0.308166    1.389723
   83.093685  183.650147    0.521612    3.397693
   83.094947  183.642658    0.586356    4.006772
   83.096208  183.635166    0.331382    1.608162
   83.097470  183.627671    0.593485    4.073868
   83.098731  183.620172    0.468556    2.898630
   83.099993  183.612667    0.372431    1.994361
   83.101255  183.605157    0.102786    0.218902
   83.105042  183.582588    0.119292    0.254056
   83.108833  183.559936    0.043819    0.093322
   83.110099  183.552363    0.009047    0.019267
   83.112634  183.537171    0.079860    0.170076
   83.113903  183.529557    0.108007    0.230021
   83.115172  183.521937    0.076920    0.163816
   83.116439  183.514315    0.158518    0.337595
   83.118969  183.499079    0.227630    0.632350
   83.121495  183.483856    0.258420    0.922026
   83.122756  183.476259    0.182591    0.388862
   83.124016  183.468666    0.193121    0.411289
   83.125276  183.461076    0.142007    0.302431
   83.127793  183.445891    0.206636    0.440071
   83.129051  183.438298    0.209238    0.459420
   83.130308  183.430706    0.282329    1.147034
   83.132823  183.415529    0.169044    0.360012
   83.134080  183.407942    0.214836    0.512132
   83.136594  183.392768    0.180593    0.384609
   83.137851  183.385176    0.178364    0.379860
   83.139108  183.377581    0.232084    0.674439
   83.141622  183.362374    0.130685    0.278320
   83.142880  183.354755    0.100640    0.214333
   83.144138  183.347131    0.263221    0.967404
   83.145396  183.339504    0.177704    0.378455
   83.146655  183.331877    0.544801    3.616352
   83.147912  183.324257    0.391155    2.170958
   83.149170  183.316632    0.056774    0.120911
   83.150428  183.309002    0.168554    0.358969
   83.151687  183.301361    0.237646    0.726881
   83.152946  183.293701    0.305793    1.367974
   83.154206  183.286034    0.504373    3.236101
   83.155466  183.278362    0.128826    0.274361
   83.157985  183.263018    0.109329    0.232837
   83.163017  183.232304    0.081579    0.173737
   83.165530  183.216916    0.202506    0.431276
   83.166787  183.209212    0.238891    0.738741
   83.168045  183.201497    0.161163    0.343227
   83.169302  183.193779    0.261090    0.947599
   83.170560  183.186061    0.247612    0.820822
   83.173074  183.170638    0.199692    0.425284
   83.175586  183.155231    0.184519    0.392968
   83.176841  183.147528    0.202040    0.430283
   83.178095  183.139821    0.122602    0.261104
   83.179349  183.132115    0.124378    0.264886
   83.180603  183.124412    0.075756    0.161337
   83.183109  183.109026    0.155978    0.332185
   83.184362  183.101340    0.217669    0.539269
   83.185614  183.093655    0.189685    0.403970
   83.186867  183.085968    0.034018    0.072448
   83.189370  183.070583    0.095450    0.203280
   83.190622  183.062880    0.092763    0.197557
   83.191875  183.055168    0.130067    0.277003
   83.194387  183.039702    0.221670    0.577029
   83.195644  183.031954    0.192748    0.410495
   83.196901  183.024194    0.176898    0.376739
   83.199413  183.008641    0.213458    0.499844
   83.201925  182.993073    0.147184    0.313456
   83.203181  182.985296    0.096073    0.204607
   83.204436  182.977518    0.025833    0.055017
   83.205691  182.969737    0.013589    0.028939
   83.206946  182.961949    0.083251    0.177299
   83.208201  182.954148    0.167430    0.356574
   83.209456  182.946345    0.178183    0.379476
   83.210709  182.938543    0.086671    0.184582
   83.213210  182.922970    0.095317    0.202996
   83.214457  182.915196    0.205825    0.438345
   83.215705  182.907422    0.127793    0.272160
   83.219452  182.884057    0.134488    0.286418
   83.220703  182.876262    0.124879    0.265954
   83.221952  182.868470    0.203591    0.433587
   83.223201  182.860689    0.323811    1.538267
   83.224449  182.852907    0.025335    0.053957
   83.225698  182.845122    0.043515    0.092674
   83.226947  182.837329    0.058112    0.123762
   83.229451  182.821706    0.110686    0.235727
   83.230703  182.813886    0.096879    0.206322
   83.234463  182.790408    0.196954    0.419451
   83.236969  182.774744    0.000000    0.000000
   83.239473  182.759076    0.206221    0.439187
   83.240724  182.751236    0.160644    0.342123
   83.243222  182.735532    0.211673    0.483605
   83.245717  182.719804    0.182906    0.389534
   83.246964  182.711935    0.214323    0.508587
   83.248213  182.704065    0.129995    0.276850
   83.249463  182.696195    0.117195    0.249589
   83.250712  182.688325    0.205974    0.438661
   83.251961  182.680459    0.160519    0.341856
   83.253208  182.672605    0.254135    0.883186
   83.254456  182.664749    0.115134    0.245200
   83.255704  182.656886    0.132806    0.282836
   83.256952  182.649008    0.177634    0.378307
   83.258202  182.641102    0.090709    0.193183
   83.259453  182.633187    0.131512    0.280079
   83.260703  182.625268    0.163409    0.348010
   83.263199  182.609447    0.124292    0.264704
   83.264445  182.601547    0.283194    1.156697
   83.265691  182.593650    0.176580    0.376061
   83.266936  182.585759    0.137162    0.292113
   83.268179  182.577878    0.146651    0.312322
   83.270666  182.562117    0.091650    0.195186
   83.271911  182.554231    0.279052    1.117829
   83.273158  182.546335    0.130911    0.278801
   83.274407  182.538433    0.130479    0.277881
   83.275655  182.530527    0.065496    0.139487
   83.276903  182.522617    0.154208    0.328415
   83.279392  182.506787    0.303036    1.343546
   83.280636  182.498863    0.280972    1.136003
   83.281880  182.490934    0.099702    0.212335
   83.284369  182.475054    0.138855    0.295719
   83.286860  182.459139    0.139695    0.297507
   83.288107  182.451161    0.136775    0.291289
   83.289354  182.443177    0.127021    0.270515
   83.293095  182.419215    0.140021    0.298202
   83.294342  182.411229    0.063479    0.135192
   83.295588  182.403239    0.070128    0.149352
   83.299316  182.379209    0.175087    0.372882
   83.300556  182.371190    0.115841    0.246705
   83.301796  182.363176    0.192035    0.408976
   83.305516  182.339179    0.164659    0.350672
   83.310474  182.307297    0.224963    0.609489
   83.311714  182.299321    0.216902    0.533675
   83.314198  182.283323    0.160731    0.342307
   83.315441  182.275315    0.150285    0.320061
   83.317922  182.259298    0.167142    0.355960
   83.320402  182.243274    0.199833    0.425583
   83.321644  182.235258    0.256889    0.909970
   83.324135  182.219215    0.105702    0.225112
   83.325381  182.211184    0.203424    0.433231
   83.327872  182.195088    0.215039    0.516352
   83.329117  182.187026    0.204523    0.435571
   83.330361  182.178958    0.210710    0.475658
   83.331604  182.170885    0.246625    0.813536
   83.332845  182.162809    0.262698    0.964757
   83.334085  182.154730    0.153356    0.326600
   83.335325  182.146649    0.249571    0.841294
   83.336564  182.138566    0.145884    0.310687
   83.337804  182.130483    0.161712    0.344397
   83.339044  182.122399    0.150956    0.321491
   83.340284  182.114313    0.194567    0.414369
   83.342761  182.098141    0.305639    1.368840
   83.346474  182.073862    0.287855    1.201593
   83.347710  182.065753    0.348486    1.771982
   83.348946  182.057642    0.241231    0.763010
   83.350181  182.049532    0.300751    1.322954
   83.351415  182.041430    0.252710    0.871037
   83.352649  182.033344    0.313238    1.440453
   83.355116  182.017184    0.221046    0.573209
   83.356351  182.009104    0.286779    1.191593
   83.357587  182.001021    0.347741    1.765101
   83.358824  181.992934    0.192655    0.410295
   83.360062  181.984842    0.147383    0.313881
   83.361300  181.976742    0.484128    3.048180
   83.362538  181.968632    0.118371    0.252094
   83.363778  181.960513    0.133648    0.284630
   83.365017  181.952385    0.403325    2.288093
   83.366257  181.944247    0.352257    1.807693
   83.367496  181.936093    0.356344    1.846152
   83.369976  181.919770    0.211160    0.480389
   83.372456  181.903464    0.259366    0.933915
   83.373697  181.895316    0.270730    1.040844
   83.374937  181.887163    0.271352    1.046713
   83.376178  181.879000    0.258222    0.923213
   83.377418  181.870817    0.233300    0.688781
   83.378658  181.862627    0.392956    2.190744
   83.379896  181.854430    0.292353    1.244355
   83.381132  181.846228    0.215469    0.521097
   83.382362  181.838022    0.201630    0.429411
   83.384819  181.821610    0.201572    0.429286
   83.386048  181.813410    0.108664    0.231422
   83.387279  181.805223    0.261305    0.952391
   83.388510  181.797039    0.145874    0.310667
   83.389741  181.788855    0.192659    0.410304
   83.390973  181.780669    0.143291    0.305167
   83.392205  181.772475    0.216370    0.529757
   83.397130  181.739658    0.169803    0.361628
   83.398360  181.731443    0.131873    0.280848
   83.399592  181.723225    0.111362    0.237167
   83.400825  181.715005    0.123694    0.263429
   83.403296  181.698566    0.171217    0.364639
   83.404533  181.690340    0.248953    0.836469
   83.408236  181.665610    0.262569    0.964617
   83.410702  181.649099    0.175109    0.372929
   83.411936  181.640844    0.133529    0.284375
   83.413170  181.632587    0.212361    0.492379
   83.414403  181.624326    0.204387    0.435281
   83.415636  181.616063    0.190892    0.406541
   83.418101  181.599522    0.229640    0.655004
   83.420565  181.582966    0.188709    0.401893
   83.423025  181.566397    0.152948    0.325732
   83.424255  181.558106    0.160787    0.342426
   83.425484  181.549812    0.190709    0.406152
   83.426714  181.541514    0.192176    0.409277
   83.427943  181.533211    0.123439    0.262888
   83.429172  181.524902    0.131010    0.279010
   83.434084  181.491582    0.134118    0.285629
   83.436539  181.474943    0.062295    0.132670
   83.437767  181.466635    0.115740    0.246490
   83.438995  181.458330    0.135944    0.289519
   83.440223  181.450026    0.124602    0.265365
   83.442679  181.433409    0.121633    0.259040
   83.443907  181.425097    0.102524    0.218344
   83.445135  181.416779    0.145398    0.309654
   83.446360  181.408454    0.206281    0.439314
   83.447586  181.400126    0.257025    0.913096
   83.451268  181.375126    0.219175    0.557085
   83.454959  181.350093    0.207944    0.451495
   83.456191  181.341727    0.216167    0.528867
   83.457422  181.333353    0.277624    1.107038
   83.458652  181.324974    0.289601    1.219728
   83.461107  181.308204    0.213604    0.504838
   83.462333  181.299813    0.153972    0.327912
   83.463557  181.291418    0.177136    0.377244
   83.464782  181.283015    0.367132    1.949186
   83.466007  181.274603    0.253321    0.878544
   83.467231  181.266187    0.223487    0.597906
   83.470902  181.240951    0.223267    0.595897
   83.472124  181.232548    0.209271    0.464253
   83.473346  181.224144    0.295015    1.270899
   83.475785  181.207331    0.192153    0.409226
   83.477004  181.198920    0.149208    0.317768
   83.479444  181.182077    0.239810    0.751657
   83.480666  181.173637    0.226317    0.624744
   83.485564  181.139862    0.137003    0.291774
   83.486790  181.131426    0.186259    0.396675
   83.489242  181.114551    0.124991    0.266192
   83.490469  181.106112    0.147635    0.314417
   83.491695  181.097669    0.172575    0.367532
   83.492922  181.089221    0.385456    2.122016
   83.494149  181.080763    0.192721    0.410436
   83.495376  181.072289    0.110634    0.235616
   83.496604  181.063811    0.114610    0.244083
   83.497830  181.055332    0.108379    0.230815
   83.499055  181.046862    0.095299    0.202958
   83.500278  181.038410    0.165821    0.353148
   83.501500  181.029960    0.131054    0.279104
   83.502721  181.021508    0.137415    0.292652
   83.503941  181.013047    0.135344    0.288241
   83.505163  181.004569    0.203538    0.433473
   83.506384  180.996082    0.300663    1.324554
   83.507605  180.987586    0.262626    0.966750
   83.508825  180.979079    0.208993    0.462225
   83.510045  180.970559    0.154760    0.329591
   83.511264  180.962034    0.252079    0.867590
   83.512482  180.953503    0.064436    0.137229
   83.513700  180.944974    0.184744    0.393447
   83.514915  180.936453    0.219817    0.564147
   83.516131  180.927928    0.249121    0.839839
   83.517348  180.919400    0.151704    0.323083
   83.519787  180.902314    0.157973    0.336435
   83.521009  180.893759    0.203901    0.434246
   83.522231  180.885202    0.199732    0.425368
   83.523452  180.876647    0.216168    0.529961
   83.524670  180.868100    0.200052    0.426050
   83.525888  180.859554    0.159913    0.340565
   83.528322  180.842456    0.160592    0.342011
   83.530760  180.825344    0.111016    0.236430
   83.531979  180.816781    0.131571    0.280205
   83.533198  180.808209    0.107051    0.227987
   83.535638  180.791033    0.203778    0.433985
   83.539297  180.765309    0.106054    0.225862
   83.540516  180.756755    0.111181    0.236781
   83.542955  180.739632    0.159744    0.340207
   83.544175  180.731043    0.113667    0.242076
   83.545394  180.722448    0.146503    0.312007
   83.546613  180.713850    0.224324    0.607056
   83.547830  180.705256    0.236695    0.723446
   83.550260  180.688091    0.251016    0.858208
   83.551473  180.679506    0.220119    0.567568
   83.552686  180.670916    0.232530    0.684348
   83.553898  180.662316    0.281554    1.145548
   83.555110  180.653709    0.426994    2.513774
   83.556322  180.645094    0.302336    1.341106
   83.557535  180.636467    0.177498    0.378015
   83.558749  180.627824    0.189716    0.404036
   83.559965  180.619175    0.195539    0.416437
   83.561180  180.610519    0.307083    1.385852
   83.563612  180.593211    0.274216    1.076713
   83.564827  180.584556    0.160395    0.341591
   83.566043  180.575894    0.201421    0.428964
   83.567258  180.567222    0.288783    1.213813
   83.568473  180.558531    0.360300    1.886629
   83.570904  180.541135    0.316893    1.478333
   83.572118  180.532438    0.299507    1.314793
   83.573333  180.523749    0.675263    4.849681
   83.574547  180.515065    0.659244    4.699010
   83.575761  180.506388    0.260669    0.949509
   83.576975  180.497723    0.327523    1.578446
   83.578187  180.489077    0.348603    1.776774
   83.579400  180.480435    0.295743    1.279524
   83.581824  180.463142    0.350800    1.797512
   83.583037  180.454472    0.364410    1.925570
   83.584249  180.445795    0.302106    1.339481
   83.585461  180.437115    0.375519    2.030128
   83.586672  180.428434    0.403258    2.291096
   83.587883  180.419759    0.318248    1.491401
   83.589094  180.411080    0.303033    1.348297
   83.590305  180.402395    0.263636    0.977696
   83.595147  180.367533    0.258990    0.934087
   83.596357  180.358802    0.182723    0.389143
   83.597567  180.350074    0.381588    2.087453
   83.599987  180.332603    0.213857    0.509592
   83.601196  180.323855    0.260057    0.944243
   83.603609  180.306328    0.416934    2.420080
   83.604815  180.297555    0.469738    2.916850
   83.606023  180.288777    0.381474    2.086547
   83.607235  180.279994    0.340887    1.704749
   83.608448  180.271209    0.330593    1.607933
   83.612083  180.244849    0.184252    0.392401
   83.615711  180.218498    0.167341    0.356386
   83.616916  180.209722    0.163125    0.347405
   83.621745  180.174534    0.198791    0.423364
   83.625379  180.148045    0.215345    0.524087
   83.626589  180.139233    0.284348    1.173246
   83.627798  180.130425    0.129582    0.275971
   83.629006  180.121622    0.157153    0.334688
   83.630213  180.112825    0.221936    0.586184
   83.632626  180.095243    0.286126    1.190084
   83.633831  180.086448    0.437460    2.613766
   83.635035  180.077646    0.313058    1.443496
   83.636237  180.068827    0.182867    0.389450
   83.638639  180.051171    0.175210    0.373144
   83.641040  180.033512    0.103011    0.219383
   83.643442  180.015839    0.206038    0.438798
   83.644644  180.006989    0.168645    0.359163
   83.645849  179.998123    0.301527    1.335231
   83.647055  179.989247    0.206944    0.445476
   83.648261  179.980362    0.225385    0.618978
   83.649467  179.971466    0.431173    2.554920
   83.651879  179.953644    0.252960    0.878459
   83.653085  179.944726    0.191831    0.408541
   83.654290  179.935806    0.216501    0.535524
   83.655495  179.926888    0.164111    0.349505
   83.656701  179.917970    0.183112    0.389972
   83.660319  179.891194    0.123393    0.262790
   83.661525  179.882265    0.079773    0.169893
   83.662732  179.873341    0.145667    0.310226
   83.663937  179.864430    0.118891    0.253202
   83.665141  179.855544    0.223990    0.606183
   83.666344  179.846664    0.130801    0.278566
   83.669948  179.819982    0.239538    0.752543
   83.671149  179.811065    0.124075    0.264242
   83.672349  179.802143    0.037692    0.080272
   83.673550  179.793219    0.109231    0.232628
   83.675953  179.775375    0.126416    0.269228
   83.678355  179.757529    0.170758    0.363662
   83.683150  179.721806    0.040564    0.086389
   83.684349  179.712829    0.113437    0.241586
   83.685549  179.703841    0.126960    0.270386
   83.686748  179.694845    0.150520    0.320560
   83.687947  179.685845    0.115267    0.245484
   83.690345  179.667850    0.114204    0.243220
   83.691544  179.658850    0.104978    0.223570
   83.692744  179.649852    0.079472    0.169252
   83.693944  179.640860    0.117436    0.250102
   83.695144  179.631865    0.093563    0.199261
   83.696345  179.622865    0.138223    0.294373
   83.697545  179.613853    0.091623    0.195128
   83.698744  179.604820    0.069782    0.148615
   83.699944  179.595781    0.076666    0.163275
   83.701143  179.586740    0.085699    0.182513
   83.702342  179.577702    0.060581    0.129019
   83.704739  179.559649    0.088764    0.189040
   83.707135  179.541590    0.256989    0.917431
   83.708335  179.532549    0.078794    0.167807
   83.709534  179.523504    0.167343    0.356389
   83.710733  179.514457    0.182675    0.389043
   83.711931  179.505409    0.070758    0.150692
   83.714326  179.487317    0.056351    0.120011
   83.716717  179.469228    0.042756    0.091057
   83.717910  179.460187    0.058518    0.124625
   83.721484  179.433066    0.024077    0.051278
   83.722675  179.424029    0.012295    0.026185
   83.723865  179.414988    0.124548    0.265248
   83.725055  179.405939    0.000000    0.000000
   83.727437  179.387791    0.090763    0.193297
   83.728628  179.378696    0.051538    0.109760
   83.729820  179.369592    0.086374    0.183950
   83.732207  179.351374    0.129740    0.276306
   83.733402  179.342259    0.067760    0.144308
   83.734597  179.333137    0.089858    0.191369
   83.735794  179.324005    0.077494    0.165037
   83.736992  179.314860    0.127825    0.272227
   83.740587  179.287395    0.057523    0.122505
   83.741783  179.278238    0.106951    0.227773
   83.742977  179.269079    0.130885    0.278745
   83.745365  179.250755    0.006104    0.013000
   83.747753  179.232419    0.100989    0.215076
   83.748947  179.223254    0.096090    0.204643
   83.750140  179.214095    0.091113    0.194043
   83.751334  179.204948    0.053841    0.114665
   83.752528  179.195804    0.110195    0.234682
   83.756103  179.168358    0.056750    0.120860
   83.757293  179.159199    0.030808    0.065612
   83.758481  179.150035    0.201380    0.428878
   83.760857  179.131676    0.101552    0.216276
   83.762044  179.122486    0.060971    0.129849
   83.763231  179.113296    0.005416    0.011535
   83.765603  179.094937    0.045607    0.097130
   83.766789  179.085765    0.064930    0.138281
   83.767975  179.076591    0.192339    0.409623
   83.769160  179.067412    0.094887    0.202079
   83.770346  179.058224    0.051322    0.109300
   83.771532  179.049028    0.038509    0.082013
   83.772718  179.039821    0.277138    1.108392
   83.773905  179.030601    0.123501    0.263019
   83.775094  179.021359    0.165262    0.351957
   83.776283  179.012107    0.137296    0.292397
   83.778662  178.993579    0.119942    0.255440
   83.779850  178.984310    0.110375    0.235065
   83.781037  178.975037    0.106610    0.227048
   83.782225  178.965760    0.175456    0.373666
   83.785799  178.937918    0.000000    0.000000
   83.786991  178.928634    0.057244    0.121912
   83.789376  178.910069    0.109966    0.234194
   83.790567  178.900788    0.202115    0.430442
   83.791757  178.891508    0.147110    0.313299
   83.792946  178.882228    0.171637    0.365534
   83.794133  178.872951    0.073410    0.156340
   83.795319  178.863674    0.081963    0.174556
   83.797689  178.845127    0.286157    1.193808
   83.798874  178.835857    0.210422    0.481370
   83.800059  178.826590    0.232195    0.686219
   83.801243  178.817324    0.312582    1.442471
   83.802425  178.808062    0.094126    0.200459
   83.803606  178.798809    0.141909    0.302222
   83.804786  178.789552    0.145383    0.309622
   83.805966  178.780287    0.213960    0.514811
   83.807146  178.771008    0.137786    0.293442
   83.808325  178.761705    0.104172    0.221855
   83.809505  178.752388    0.116448    0.247997
   83.810685  178.743058    0.131119    0.279244
   83.811865  178.733714    0.224690    0.615890
   83.813047  178.724354    0.204640    0.435821
   83.815413  178.705618    0.110626    0.235599
   83.816597  178.696253    0.173286    0.369046
   83.817781  178.686907    0.135898    0.289421
   83.818966  178.677559    0.119544    0.254593
   83.821336  178.658838    0.124527    0.265205
   83.822523  178.649442    0.105182    0.224005
   83.824896  178.630628    0.065662    0.139839
   83.826081  178.621218    0.195924    0.417258
   83.827265  178.611812    0.151783    0.323251
   83.829632  178.593009    0.095617    0.203635
   83.830814  178.583615    0.124357    0.264842
   83.831996  178.574232    0.088445    0.188361
   83.835539  178.546098    0.182914    0.389550
   83.836718  178.536720    0.198715    0.423203
   83.837896  178.527338    0.143479    0.305567
   83.842601  178.489729    0.326494    1.574294
   83.843776  178.480304    0.296253    1.289839
   83.844952  178.470872    0.363503    1.922508
   83.846130  178.461430    0.391323    2.184242
   83.847308  178.451984    0.214346    0.519394
   83.849662  178.433086    0.201720    0.429602
   83.850835  178.423644    0.143536    0.305687
   83.852008  178.414201    0.182963    0.389656
   83.853181  178.404752    0.207791    0.457856
   83.854354  178.395295    0.165928    0.353376
   83.855529  178.385824    0.190844    0.406438
   83.856705  178.376345    0.122993    0.261936
   83.859058  178.357353    0.129297    0.275362
   83.860235  178.347833    0.185469    0.394991
   83.862590  178.328780    0.084184    0.179286
   83.863769  178.319260    0.169075    0.360079
   83.864947  178.309760    0.159039    0.338704
   83.867305  178.290760    0.261034    0.959061
   83.868485  178.281252    0.162245    0.345533
   83.870850  178.262197    0.191025    0.406825
   83.875574  178.224060    0.242101    0.781137
   83.876752  178.214524    0.215252    0.528593
   83.879101  178.195431    0.163407    0.348006
   83.880273  178.185880    0.187560    0.399446
   83.881445  178.176330    0.297591    1.303287
   83.882616  178.166787    0.297262    1.300220
   85.142091  163.590382    0.116322    0.247731
   85.142974  163.575346    0.149872    0.319182
   85.143854  163.560305    0.139970    0.298094
   85.144732  163.545256    0.129874    0.276592
   85.145610  163.530198    0.070903    0.151002
   85.146488  163.515126    0.091200    0.194229
   85.147368  163.500036    0.135568    0.288719
   85.148249  163.484938    0.155743    0.331685
   85.149130  163.469831    0.123850    0.263762
   85.150013  163.454721    0.179190    0.381621
   85.150898  163.439616    0.181542    0.386628
   85.151784  163.424501    0.070707    0.150584
   85.152671  163.409374    0.120639    0.256924
   85.153558  163.394227    0.114381    0.243596
   85.154444  163.379050    0.085437    0.181954
   85.155330  163.363861    0.183381    0.390545
   85.156216  163.348663    0.182084    0.387784
   85.157101  163.333463    0.067375    0.143489
   85.157985  163.318269    0.185716    0.395518
   85.158869  163.303076    0.099294    0.211465
   85.159752  163.287884    0.086065    0.183292
   85.160635  163.272696    0.189004    0.402521
   85.161519  163.257514    0.090339    0.192394
   85.162402  163.242336    0.128852    0.274416
   85.163284  163.227160    0.152855    0.325534
   85.164165  163.211989    0.090317    0.192348
   85.165045  163.196825    0.254348    0.950097
   85.165924  163.181660    0.094796    0.201886
   85.166802  163.166486    0.115910    0.246854
   85.167679  163.151301    0.207607    0.510571
   85.168554  163.136091    0.191276    0.407360
   85.169429  163.120870    0.143853    0.306363
   85.170302  163.105643    0.147137    0.313356
   85.171175  163.090413    0.131017    0.279026
   85.172046  163.075188    0.145166    0.309159
   85.172916  163.059959    0.191425    0.407677
   85.173787  163.044723    0.130013    0.276889
   85.174658  163.029483    0.103653    0.220748
   85.175532  163.014238    0.146742    0.312514
   85.176406  162.998982    0.138863    0.295736
   85.177279  162.983714    0.141872    0.302144
   85.178152  162.968424    0.084147    0.179207
   85.179023  162.953105    0.157264    0.334925
   85.179894  162.937774    0.068388    0.145646
   85.180764  162.922438    0.153574    0.327066
   85.181635  162.907107    0.142510    0.303502
   85.182507  162.891793    0.167509    0.356743
   85.183379  162.876480    0.154169    0.328333
   85.184251  162.861164    0.141214    0.300742
   85.185124  162.845842    0.154147    0.328286
   85.185997  162.830506    0.248296    0.894612
   85.186870  162.815164    0.128237    0.273105
   85.188617  162.784462    0.052010    0.110765
   85.189492  162.769104    0.061415    0.130794
   85.191239  162.738365    0.037231    0.079291
   85.192112  162.722982    0.235115    0.771032
   85.192982  162.707585    0.253300    0.942172
   85.193850  162.692182    0.003669    0.007815
   85.194718  162.676774    0.082862    0.176470
   85.195585  162.661364    0.187240    0.398764
   85.196451  162.645957    0.164084    0.349448
   85.197316  162.630547    0.180847    0.385149
   85.198181  162.615138    0.221129    0.639892
   85.199045  162.599728    0.299618    1.378318
   85.199910  162.584318    0.228463    0.709003
   85.200774  162.568907    0.124276    0.264669
   85.202498  162.538081    0.124481    0.265105
   85.203357  162.522667    0.156784    0.333902
   85.204214  162.507248    0.145407    0.309673
   85.205070  162.491826    0.164449    0.350226
   85.205925  162.476397    0.066203    0.140993
   85.206779  162.460963    0.140613    0.299463
   85.207633  162.445520    0.108776    0.231659
   85.208488  162.430066    0.130759    0.278477
   85.209345  162.414601    0.180562    0.384541
   85.210206  162.399120    0.163704    0.348639
   85.211068  162.383625    0.066873    0.142419
   85.211931  162.368118    0.208111    0.518386
   85.212794  162.352594    0.055204    0.117568
   85.213655  162.337053    0.074388    0.158423
   85.214517  162.321500    0.097695    0.208061
   85.215379  162.305938    0.158894    0.338395
   85.216239  162.290366    0.132975    0.283196
   85.217958  162.259202    0.165328    0.352098
   85.218818  162.243618    0.165240    0.351910
   85.219677  162.228040    0.191336    0.407487
   85.220539  162.212478    0.203089    0.471752
   85.221400  162.196917    0.143162    0.304890
   85.222261  162.181355    0.222192    0.651576
   85.223121  162.165788    0.189851    0.404325
   85.223979  162.150209    0.186864    0.397962
   85.224837  162.134627    0.305668    1.437047
   85.225694  162.119040    0.181553    0.386652
   85.226550  162.103454    0.170478    0.363065
   85.227404  162.087869    0.136226    0.290119
   85.228257  162.072282    0.128843    0.274397
   85.229109  162.056691    0.239325    0.813236
   85.229959  162.041090    0.079438    0.169178
   85.230807  162.025474    0.193274    0.411614
   85.231654  162.009856    0.210699    0.544122
   85.232500  161.994240    0.090865    0.193514
   85.233347  161.978635    0.085778    0.182681
   85.234195  161.963054    0.075845    0.161526
   85.235043  161.947476    0.182780    0.389264
   85.235891  161.931894    0.231080    0.736151
   85.236738  161.916300    0.056320    0.119944
   85.237584  161.900684    0.216500    0.599113
   85.238430  161.885053    0.083304    0.177412
   85.239276  161.869408    0.070825    0.150836
   85.240122  161.853747    0.069147    0.147262
   85.240968  161.838070    0.028147    0.059944
   85.241815  161.822377    0.048039    0.102309
   85.242663  161.806667    0.071580    0.152443
   85.243511  161.790938    0.035362    0.075310
   85.244362  161.775186    0.090902    0.193593
   85.245213  161.759421    0.019382    0.041278
   85.246065  161.743645    0.001279    0.002725
   85.246918  161.727863    0.000000    0.000000
   85.247771  161.712081    0.004413    0.009399
   85.248625  161.696294    0.029513    0.062855
   85.249477  161.680506    0.060877    0.129649
   85.250328  161.664718    0.037107    0.079026
   85.251176  161.648931    0.034837    0.074193
   85.252022  161.633145    0.125049    0.266315
   85.252867  161.617359    0.090608    0.192966
   85.253711  161.601575    0.165955    0.353433
   85.254556  161.585790    0.192627    0.410237
   85.255401  161.570009    0.245381    0.872070
   85.256244  161.554235    0.150649    0.320835
   85.257084  161.538475    0.144455    0.307645
   85.258758  161.507009    0.125693    0.267687
   85.259593  161.491277    0.068073    0.144974
   85.260427  161.475539    0.085718    0.182553
   85.261261  161.459781    0.228528    0.713950
   85.262095  161.444014    0.143118    0.304796
   85.263760  161.412451    0.171463    0.365163
   85.265424  161.380850    0.184005    0.391875
   85.266257  161.365028    0.247181    0.889787
   85.267090  161.349187    0.247560    0.893411
   85.267925  161.333320    0.200765    0.453258
   85.268760  161.317435    0.223021    0.662690
   85.269597  161.301533    0.179288    0.381829
   85.270434  161.285614    0.227532    0.705240
   85.272111  161.253727    0.250501    0.921444
   85.272950  161.237766    0.176159    0.375165
   85.273789  161.221797    0.141415    0.301169
   85.274628  161.205824    0.116927    0.249018
   85.275466  161.189846    0.140210    0.298604
   85.276304  161.173864    0.222395    0.657340
   85.277142  161.157882    0.402812    2.354646
   85.277980  161.141899    0.266526    1.072613
   85.278817  161.125920    0.232751    0.754944
   85.279653  161.109945    0.232230    0.750107
   85.280487  161.093980    0.263000    1.039631
   85.281321  161.078034    0.282860    1.226521
   85.282153  161.062092    0.244587    0.866534
   85.282984  161.046150    0.197549    0.424096
   85.283813  161.030201    0.215068    0.588967
   85.284640  161.014234    0.253581    0.951341
   85.285466  160.998263    0.320735    1.583143
   85.286291  160.982289    0.314434    1.523933
   85.287115  160.966318    0.277794    1.179313
   85.287939  160.950353    0.247917    0.898309
   85.288763  160.934388    0.384689    2.185036
   85.289587  160.918423    0.157109    0.334594
   85.290412  160.902459    0.282089    1.219971
   85.291237  160.886501    0.190704    0.406140
   85.292063  160.870536    0.280967    1.209546
   85.292888  160.854558    0.354983    1.905899
   85.293712  160.838561    0.286463    1.261377
   85.294535  160.822532    0.344118    1.803820
   85.295358  160.806485    0.418203    2.500831
   85.296180  160.790422    0.253452    0.951024
   85.297001  160.774343    0.270592    1.112331
   85.298641  160.742146    0.217533    0.613311
   85.300284  160.709923    0.284695    1.245258
   85.301109  160.693818    0.226573    0.698551
   85.301936  160.677708    0.216915    0.607754
   85.302763  160.661587    0.135495    0.288563
   85.303591  160.645450    0.128255    0.273145
   85.305247  160.613112    0.279209    1.194036
   85.306075  160.596930    0.241060    0.835223
   85.306901  160.580744    0.303691    1.424471
   85.307724  160.564559    0.294977    1.342560
   85.309366  160.532187    0.315569    1.536408
   85.310187  160.516004    0.381570    2.157368
   85.311007  160.499822    0.313026    1.512618
   85.311827  160.483645    0.148609    0.316491
   85.312646  160.467472    0.298189    1.373165
   85.314281  160.435144    0.161818    0.344622
   85.315097  160.418988    0.162353    0.345762
   85.315911  160.402834    0.256558    0.981786
   85.316724  160.386683    0.225025    0.685204
   85.317534  160.370533    0.447653    2.779610
   85.318343  160.354382    0.314502    1.527077
   85.319152  160.338226    0.454359    2.842818
   85.319960  160.322064    0.226028    0.694894
   85.320768  160.305891    0.261943    1.032828
   85.321576  160.289709    0.227270    0.706713
   85.322384  160.273518    0.136028    0.289697
   85.324001  160.241101    0.251020    0.930323
   85.324810  160.224874    0.211491    0.558526
   85.325620  160.208630    0.344363    1.808561
   85.326432  160.192368    0.316937    1.550624
   85.328876  160.143462    0.219236    0.631712
   85.330502  160.110772    0.228800    0.721804
   85.331313  160.094407    0.220652    0.645226
   85.332124  160.078039    0.292007    1.316544
   85.332936  160.061672    0.344284    1.808400
   85.333748  160.045315    0.186719    0.397654
   85.334560  160.028960    0.274576    1.152764
   85.335372  160.012606    0.363103    1.985629
   85.336184  159.996252    0.144521    0.307784
   85.336998  159.979897    0.127758    0.272086
   85.338622  159.947183    0.135983    0.289601
   85.339431  159.930823    0.106729    0.227300
   85.340235  159.914459    0.128036    0.272676
   85.341038  159.898095    0.151286    0.322192
   85.341839  159.881731    0.116467    0.248039
   85.342638  159.865371    0.138945    0.295910
   85.344238  159.832669    0.068971    0.146886
   85.345037  159.816322    0.141178    0.300665
   85.345835  159.799977    0.066761    0.142180
   85.346633  159.783638    0.072019    0.153378
   85.348228  159.750949    0.070365    0.149855
   85.349025  159.734593    0.113663    0.242067
   85.349821  159.718224    0.092583    0.197173
   85.350617  159.701844    0.079959    0.170287
   85.351413  159.685448    0.117205    0.249611
   85.352208  159.669036    0.101307    0.215752
   85.353002  159.652603    0.110180    0.234649
   85.353797  159.636151    0.193357    0.411790
   85.354592  159.619682    0.129773    0.276376
   85.355389  159.603192    0.034335    0.073123
   85.356190  159.586679    0.093247    0.198587
   85.357793  159.553611    0.111567    0.237603
   85.358596  159.537064    0.140390    0.298987
   85.359400  159.520518    0.051917    0.110567
   85.360203  159.503964    0.062303    0.132686
   85.361006  159.487401    0.015553    0.033123
   85.361808  159.470822    0.102651    0.218616
   85.362609  159.454220    0.167476    0.356673
   85.363409  159.437613    0.213403    0.579586
   85.364207  159.421007    0.263878    1.054483
   85.365004  159.404411    0.068318    0.145496
   85.365800  159.387836    0.176853    0.376642
   85.366594  159.371271    0.088805    0.189127
   85.368179  159.338167    0.405227    2.384522
   85.368971  159.321629    0.249652    0.921043
   85.369761  159.305096    0.184189    0.392266
   85.370550  159.288566    0.204761    0.498865
   85.371336  159.272036    0.182051    0.387712
   85.372119  159.255504    0.365902    2.014900
   85.373680  159.222433    0.189930    0.404493
   85.375239  159.189360    0.304941    1.441673
   85.376020  159.172817    0.245564    0.883160
   85.376800  159.156264    0.249215    0.917570
   85.377582  159.139695    0.160411    0.341626
   85.378365  159.123104    0.265913    1.074778
   85.379149  159.106495    0.119549    0.254603
   85.379933  159.089868    0.197865    0.434761
   85.380719  159.073223    0.391194    2.253529
   85.381506  159.056556    0.220286    0.645809
   85.382293  159.039870    0.145035    0.308880
   85.383081  159.023167    0.096162    0.204796
   85.384655  158.989700    0.113216    0.241115
   85.385441  158.972943    0.107978    0.229961
   85.386228  158.956179    0.109376    0.232937
   85.387015  158.939414    0.188085    0.400564
   85.387803  158.922657    0.165083    0.351575
   85.388590  158.905901    0.104586    0.222735
   85.389378  158.889145    0.145866    0.310650
   85.390164  158.872391    0.124937    0.266078
   85.390949  158.855637    0.116059    0.247169
   85.391732  158.838887    0.116284    0.247649
   85.392515  158.822141    0.186437    0.397053
   85.393295  158.805400    0.163442    0.348080
   85.394851  158.771941    0.233932    0.775271
   85.395627  158.755215    0.148572    0.316412
   85.396401  158.738488    0.157796    0.336056
   85.397174  158.721756    0.200803    0.463803
   85.397946  158.705023    0.175250    0.373228
   85.398718  158.688289    0.110505    0.235342
   85.399489  158.671558    0.208060    0.532268
   85.400261  158.654831    0.188089    0.400572
   85.401033  158.638100    0.102732    0.218787
   85.401805  158.621363    0.167676    0.357098
   85.402575  158.604614    0.235702    0.792570
   85.403343  158.587846    0.160677    0.342192
   85.404111  158.571067    0.250167    0.928783
   85.404879  158.554276    0.345861    1.829077
   85.405647  158.537474    0.163899    0.349054
   85.406417  158.520662    0.172215    0.366764
   85.407187  158.503839    0.105858    0.225445
   85.407957  158.487004    0.082000    0.174634
   85.408729  158.470155    0.159445    0.339569
   85.409502  158.453295    0.082612    0.175938
   85.410277  158.436420    0.049653    0.105747
   85.412600  158.385681    0.074656    0.158995
   85.413375  158.368730    0.112886    0.240412
   85.414923  158.334793    0.085025    0.181077
   85.415697  158.317813    0.135027    0.287567
   85.416471  158.300828    0.148726    0.316740
   85.417243  158.283844    0.105055    0.223735
   85.418784  158.249884    0.162749    0.346605
   85.419552  158.232915    0.270524    1.121644
   85.420318  158.215958    0.189624    0.403842
   85.421084  158.199020    0.274540    1.159561
   85.422612  158.165220    0.176064    0.374963
   85.423373  158.148332    0.264707    1.067259
   85.424132  158.131441    0.202800    0.484949
   85.424889  158.114539    0.392401    2.268659
   85.425644  158.097633    0.254972    0.975884
   85.426398  158.080723    0.265780    1.077629
   85.427151  158.063809    0.183223    0.390208
   85.427904  158.046891    0.288703    1.293405
   85.428658  158.029966    0.206351    0.518757
   85.429411  158.013032    0.336616    1.744280
   85.430167  157.996090    0.286207    1.270130
   85.430924  157.979139    0.295583    1.358400
   85.431682  157.962173    0.250850    0.937652
   85.432441  157.945188    0.270513    1.122698
   85.433200  157.928176    0.336557    1.744057
   85.433959  157.911127    0.264761    1.068715
   85.434717  157.894059    0.467340    2.974512
   85.435477  157.876974    0.281450    1.225849
   85.436236  157.859882    0.332990    1.710774
   85.436995  157.842791    0.251804    0.947097
   85.437755  157.825692    0.317971    1.569618
   85.439275  157.791456    0.228754    0.730463
   85.440036  157.774311    0.210176    0.555762
   85.440798  157.757156    0.227471    0.718532
   85.443085  157.705691    0.231464    0.756298
   85.443846  157.688544    0.233303    0.773662
   85.444606  157.671397    0.264458    1.066821
   85.445363  157.654252    0.337662    1.755540
   85.446117  157.637105    0.463862    2.942812
   85.446869  157.619959    0.239902    0.836017
   85.447618  157.602818    0.219506    0.644209
   85.448366  157.585676    0.233775    0.778511
   85.449854  157.551406    0.361200    1.977378
   85.450596  157.534281    0.284803    1.258749
   85.451339  157.517172    0.189705    0.404014
   85.452084  157.500087    0.324375    1.631157
   85.452828  157.483007    0.333888    1.720713
   85.453571  157.465928    0.290804    1.315480
   85.454315  157.448842    0.241258    0.849452
   85.455056  157.431744    0.253256    0.962383
   85.455797  157.414632    0.418392    2.515937
   85.457279  157.380351    0.317689    1.568732
   85.458020  157.363164    0.305977    1.458618
   85.458760  157.345957    0.280745    1.221324
   85.459502  157.328734    0.303251    1.433110
   85.460245  157.311500    0.442659    2.744632
   85.460989  157.294266    0.339532    1.774551
   85.461735  157.277016    0.244673    0.882250
   85.462481  157.259748    0.268841    1.109678
   85.463229  157.242454    0.202018    0.481115
   85.463977  157.225126    0.221739    0.666703
   85.464726  157.207780    0.252840    0.959351
   85.465474  157.190418    0.198158    0.445004
   85.466223  157.173045    0.214227    0.596238
   85.466971  157.155665    0.232098    0.764429
   85.467718  157.138282    0.232236    0.765794
   85.468464  157.120898    0.276152    1.178993
   85.469210  157.103518    0.232802    0.771258
   85.469954  157.086146    0.197429    0.438559
   85.470696  157.068783    0.262478    1.050565
   85.471438  157.051434    0.179967    0.383274
   85.472178  157.034105    0.264233    1.067204
   85.472916  157.016810    0.178122    0.379346
   85.474388  156.982256    0.199457    0.458039
   85.475121  156.964989    0.280177    1.217466
   85.475851  156.947722    0.136041    0.289727
   85.476580  156.930454    0.329873    1.685110
   85.477307  156.913184    0.263800    1.063603
   85.478033  156.895908    0.220019    0.651810
   85.478758  156.878622    0.335920    1.742197
   85.479482  156.861327    0.297435    1.380225
   85.480933  156.826700    0.194972    0.416454
   85.481661  156.809367    0.252188    0.954772
   85.482390  156.792017    0.239334    0.833919
   85.483120  156.774648    0.275713    1.176215
   85.483852  156.757258    0.227438    0.722141
   85.484585  156.739838    0.205920    0.519786
   85.486053  156.704939    0.163099    0.347350
   85.486787  156.687460    0.197150    0.437488
   85.487520  156.669962    0.117268    0.249745
   85.488253  156.652451    0.176664    0.376240
   85.488985  156.634930    0.138834    0.295673
   85.489718  156.617405    0.100629    0.214309
   85.490451  156.599882    0.156043    0.332324
   85.491183  156.582355    0.139835    0.297806
   85.492647  156.547297    0.147436    0.313993
   85.493379  156.529766    0.216219    0.617482
   85.495568  156.477177    0.313265    1.530628
   85.496295  156.459651    0.220411    0.657189
   85.497020  156.442130    0.139590    0.297283
   85.497743  156.424614    0.260200    1.031635
   85.498465  156.407108    0.403059    2.375622
   85.499185  156.389616    0.194776    0.416306
   85.499904  156.372130    0.393532    2.286134
   85.501339  156.337179    0.255779    0.990378
   85.502054  156.319719    0.318069    1.576434
   85.502769  156.302258    0.321634    1.610039
   85.503484  156.284790    0.324508    1.637143
   85.504199  156.267310    0.249665    0.933135
   85.505630  156.232289    0.320497    1.599610
   85.507061  156.197220    0.215287    0.609996
   85.507776  156.179676    0.346507    1.844492
   85.508490  156.162117    0.373124    2.094958
   85.509204  156.144539    0.431904    2.647985
   85.509919  156.126935    0.394818    2.299178
   85.510634  156.109295    0.355660    1.930875
   85.511350  156.091637    0.401488    2.362063
   85.512067  156.073964    0.502073    3.308370
   85.512785  156.056283    0.311156    1.512421
   85.513505  156.038605    0.450492    2.823269
   85.514226  156.020917    0.607736    4.302586
   85.514947  156.003217    0.446061    2.781729
   85.515668  155.985499    0.377619    2.137940
   85.516389  155.967756    0.381500    2.174524
   85.517108  155.950003    0.328765    1.678497
   85.518543  155.914491    0.508516    3.369622
   85.519971  155.879005    0.466218    2.971857
   85.520682  155.861275    0.411528    2.457440
   85.521394  155.843556    0.474556    3.050434
   85.522105  155.825856    0.530477    3.576576
   85.522815  155.808167    0.292969    1.342331
   85.523523  155.790491    0.521475    3.492030
   85.524229  155.772829    0.574538    3.991290
   85.524932  155.755187    0.323757    1.632179
   85.525634  155.737550    0.304802    1.453932
   85.526334  155.719912    0.434779    2.676740
   85.527033  155.702266    0.348949    1.869376
   85.527732  155.684600    0.463169    2.943959
   85.529129  155.649235    0.480640    3.108454
   85.529826  155.631536    0.270273    1.129534
   85.530524  155.613828    0.276184    1.185215
   85.531221  155.596107    0.267621    1.104733
   85.531920  155.578372    0.284758    1.266012
   85.532620  155.560623    0.239159    0.837124
   85.533324  155.542858    0.265253    1.082669
   85.534028  155.525077    0.451548    2.835276
   85.534733  155.507279    0.338173    1.768792
   85.535439  155.489461    0.314477    1.545942
   85.536143  155.471625    0.361279    1.986305
   85.536848  155.453771    0.511453    3.399111
   85.537552  155.435901    0.377236    2.136554
   85.538257  155.418013    0.399030    2.341654
   85.538962  155.400103    0.302910    1.437487
   85.539667  155.382182    0.415267    2.494546
   85.540372  155.364253    0.310454    1.508606
   85.541077  155.346323    0.224966    0.704462
   85.541782  155.328399    0.279855    1.220886
   85.542486  155.310474    0.421157    2.550237
   85.543189  155.292549    0.447735    2.800339
   85.543890  155.274620    0.317059    1.571091
   85.544589  155.256687    0.415217    2.494575
   85.545287  155.238759    0.263820    1.070400
   85.545983  155.220841    0.326753    1.662504
   85.546678  155.202946    0.376400    2.129625
   85.547371  155.185086    0.342357    1.809435
   85.548063  155.167240    0.433625    2.668096
   85.548753  155.149401    0.377376    2.139020
   85.549441  155.131561    0.322521    1.623046
   85.550127  155.113711    0.304449    1.453111
   85.550811  155.095860    0.354579    1.924773
   85.551495  155.078008    0.427267    2.608644
   85.552178  155.060158    0.400811    2.359835
   85.552862  155.042315    0.295723    1.371308
   85.553546  155.024466    0.421615    2.555692
   85.554230  155.006606    0.428747    2.622856
   85.554915  154.988728    0.508947    3.377388
   85.555599  154.970823    0.322470    1.623214
   85.556284  154.952897    0.458673    2.904594
   85.556970  154.934951    0.354934    1.928753
   85.557657  154.916981    0.339327    1.782001
   85.558345  154.898984    0.339679    1.785390
   85.559034  154.880966    0.370718    2.077451
   85.559725  154.862928    0.248835    0.930929
   85.560416  154.844876    0.382676    2.190092
   85.561109  154.826812    0.461090    2.927824
   85.561803  154.808729    0.436145    2.693228
   85.563189  154.772506    0.273908    1.167156
   85.563882  154.754351    0.311778    1.523484
   85.565264  154.718012    0.327653    1.672967
   85.565952  154.699845    0.388299    2.243562
   85.566638  154.681691    0.261793    1.053547
   85.567323  154.663549    0.333590    1.729039
   85.568006  154.645419    0.375995    2.128030
   85.568689  154.627308    0.375996    2.128106
   85.569372  154.609219    0.303638    1.447481
   85.570053  154.591150    0.298408    1.398357
   85.570733  154.573100    0.248733    0.931116
   85.571411  154.555076    0.311043    1.517357
   85.572086  154.537088    0.305637    1.466568
   85.572759  154.519111    0.353909    1.920758
   85.573431  154.501136    0.403260    2.385091
   85.574102  154.483150    0.377682    2.144538
   85.574770  154.465140    0.335938    1.751912
   85.576107  154.429072    0.312563    1.532153
   85.577446  154.392913    0.394730    2.305264
   85.578117  154.374802    0.523534    3.517038
   85.578789  154.356672    0.455699    2.878971
   85.579461  154.338535    0.327468    1.672723
   85.580134  154.320394    0.349679    1.881743
   85.580808  154.302238    0.401532    2.369614
   85.581482  154.284060    0.384730    2.211619
   85.582157  154.265857    0.354258    1.925037
   85.582833  154.247613    0.391617    2.276554
   85.583508  154.229347    0.249528    0.939944
   85.584184  154.211066    0.387224    2.235373
   85.584859  154.192770    0.287448    1.296817
   85.585534  154.174467    0.323478    1.635832
   85.586209  154.156158    0.387417    2.237398
   85.586883  154.137844    0.481981    3.127071
   85.587557  154.119534    0.329810    1.695616
   85.588231  154.101231    0.227583    0.734007
   85.588905  154.082932    0.254516    0.987443
   85.589577  154.064637    0.397232    2.330090
   85.590249  154.046341    0.287830    1.300980
   85.590920  154.028043    0.293780    1.357026
   85.591589  154.009751    0.348179    1.868847
   85.592257  153.991469    0.421748    2.561008
   85.592922  153.973205    0.365938    2.036049
   85.593585  153.954969    0.422437    2.567628
   85.594247  153.936743    0.386821    2.232648
   85.594907  153.918519    0.358258    1.964018
   85.595565  153.900290    0.458991    2.911716
   85.596223  153.882042    0.293646    1.356336
   85.596880  153.863791    0.327027    1.670432
   85.597537  153.845538    0.364741    2.025291
   85.598193  153.827289    0.221810    0.680760
   85.598849  153.809053    0.335244    1.747946
   85.599505  153.790814    0.290688    1.328867
   85.600161  153.772567    0.320272    1.607240
   85.600816  153.754310    0.267403    1.109952
   85.601472  153.736033    0.233236    0.788607
   85.602128  153.717741    0.185711    0.395507
   85.602784  153.699434    0.339915    1.792314
   85.604753  153.644393    0.304119    1.455786
   85.605411  153.626004    0.205484    0.527964
   85.606068  153.607586    0.449176    2.820522
   85.606727  153.589131    0.348872    1.877001
   85.607386  153.570655    0.267714    1.113590
   85.608046  153.552162    0.341219    1.805152
   85.608707  153.533657    0.301033    1.427180
   85.609370  153.515143    0.321933    1.623862
   85.610033  153.496623    0.565770    3.917794
   85.610695  153.478100    0.289147    1.315574
   85.611355  153.459578    0.100231    0.213460
   85.612012  153.441063    0.334487    1.742248
   85.613972  153.385569    0.285506    1.281687
   85.614623  153.367100    0.274169    1.175111
   85.615273  153.348646    0.234421    0.801259
   85.615922  153.330207    0.082649    0.176016
   85.616570  153.311787    0.161681    0.344331
   85.617217  153.293394    0.207640    0.549544
   85.620426  153.201415    0.155227    0.330585
   85.621064  153.182991    0.182828    0.389367
   85.122363   92.686957    0.249530    1.275347
   85.121466   92.672042    0.349025    2.211474
   85.120570   92.657141    0.415262    2.834737
   85.118778   92.627349    0.272454    1.491594
   85.116986   92.597539    0.286514    1.624155
   85.116090   92.582628    0.541488    4.022930
   85.115193   92.567720    0.209857    0.903311
   85.114297   92.552820    0.322609    1.964150
   85.113402   92.537932    0.246152    1.245041
   85.112507   92.523051    0.257438    1.351362
   85.111612   92.508176    0.222559    1.023385
   85.110716   92.493308    0.263705    1.410611
   85.109820   92.478446    0.320377    1.943888
   85.108922   92.463588    0.389344    2.592834
   85.108025   92.448733    0.345322    2.178852
   85.107128   92.433876    0.395148    2.647727
   85.106231   92.419012    0.389048    2.590487
   85.105334   92.404151    0.173775    0.565489
   85.104436   92.389296    0.298578    1.739699
   85.103538   92.374452    0.234380    1.135911
   85.102638   92.359625    0.284263    1.605327
   85.101737   92.344806    0.276643    1.533792
   85.100836   92.329997    0.471288    3.365033
   85.099934   92.315193    0.254889    1.329442
   85.099031   92.300397    0.289646    1.656559
   85.098127   92.285607    0.137534    0.292905
   85.097222   92.270821    0.201887    0.831272
   85.095408   92.241263    0.113430    0.241572
   85.094499   92.226491    0.157571    0.414816
   85.093590   92.211724    0.179685    0.623000
   85.092681   92.196963    0.066150    0.140879
   85.091774   92.182208    0.000000    0.000000
   85.090866   92.167460    0.097303    0.207226
   85.089959   92.152723    0.168398    0.517412
   85.089052   92.138000    0.043639    0.092938
   85.088144   92.123295    0.095408    0.203190
   85.087238   92.108601    0.089489    0.190584
   85.086331   92.093912    0.058239    0.124031
   85.085425   92.079228    0.040744    0.086771
   85.084520   92.064543    0.186352    0.687192
   85.083615   92.049859    0.194892    0.767680
   85.082709   92.035177    0.333544    2.072173
   85.081803   92.020496    0.330149    2.040382
   85.080895   92.005815    0.513039    3.761039
   85.079987   91.991133    0.345992    2.189710
   85.079078   91.976449    0.143560    0.305738
   85.078168   91.961761    0.040832    0.086960
   85.077258   91.947065    0.136770    0.291278
   85.076347   91.932368    0.406203    2.756729
   85.075436   91.917670    0.546174    4.073628
   85.074526   91.902973    0.193878    0.759612
   85.073616   91.888276    0.146187    0.311334
   85.072705   91.873585    0.239474    1.188841
   85.071795   91.858903    0.315780    1.906825
   85.070884   91.844235    0.380910    2.519670
   85.069972   91.829584    0.332039    2.060076
   85.069060   91.814948    0.500425    3.644287
   85.068147   91.800325    0.312162    1.873377
   85.067233   91.785720    0.305148    1.807538
   85.066316   91.771134    0.355937    2.285473
   85.065399   91.756559    0.401545    2.714675
   85.064481   91.741995    0.598611    4.568686
   85.063564   91.727437    0.357631    2.301856
   85.062649   91.712884    0.529057    3.914665
   85.061733   91.698336    0.651792    5.069419
   85.060817   91.683792    0.663934    5.183794
   85.059901   91.669253    0.225743    1.061726
   85.058982   91.654715    0.176527    0.598884
   85.058062   91.640182    0.315069    1.902342
   85.057142   91.625654    0.071157    0.151542
   85.056222   91.611135    0.118774    0.252952
   85.055302   91.596630    0.352239    2.252451
   85.054381   91.582127    0.356753    2.295064
   85.053461   91.567622    0.358274    2.309525
   85.052540   91.553106    0.349752    2.229501
   85.051620   91.538570    0.403311    2.733496
   85.050699   91.524029    0.392434    2.631317
   85.049778   91.509484    0.173342    0.570392
   85.048858   91.494940    0.300951    1.771001
   85.047017   91.465863    0.451127    3.184058
   85.045178   91.436816    0.354903    2.279132
   85.043343   91.407827    0.380865    2.523662
   85.042425   91.393348    0.408089    2.779911
   85.041507   91.378881    0.380155    2.517279
   85.040587   91.364427    0.368305    2.405947
   85.039667   91.349980    0.309376    1.851725
   85.038746   91.335541    0.394962    2.657010
   85.037826   91.321107    0.409365    2.792653
   85.036907   91.306676    0.376617    2.484729
   85.035988   91.292249    0.309871    1.856971
   85.035068   91.277824    0.337681    2.118735
   85.034146   91.263399    0.145386    0.309898
   85.033222   91.248970    0.317697    1.931027
   85.032297   91.234544    0.318322    1.937056
   85.031370   91.220122    0.410448    2.803860
   85.030441   91.205707    0.147070    0.326326
   85.029510   91.191302    0.164075    0.486447
   85.028579   91.176904    0.311780    1.876108
   85.027647   91.162516    0.425671    2.947666
   85.026715   91.148139    0.506438    3.707615
   85.025786   91.133774    0.434495    3.030971
   85.024856   91.119419    0.444999    3.129927
   85.023927   91.105071    0.471169    3.376267
   85.022998   91.090730    0.487596    3.530945
   85.022070   91.076395    0.262045    1.409261
   85.021141   91.062063    0.430494    2.994060
   85.020212   91.047735    0.421956    2.913890
   85.019283   91.033407    0.428348    2.974172
   85.017423   91.004750    0.316781    1.924914
   85.016493   90.990420    0.279157    1.571126
   85.015563   90.976088    0.303662    1.801803
   85.014633   90.961750    0.579044    4.392567
   85.013703   90.947412    0.377464    2.496386
   85.012773   90.933077    0.434664    3.034642
   85.011843   90.918746    0.459771    3.270978
   85.009982   90.890105    0.410796    2.810560
   85.009051   90.875795    0.477134    3.434773
   85.008120   90.861494    0.430722    2.998307
   85.007189   90.847201    0.671458    5.263147
   85.006258   90.832919    0.455070    3.227656
   85.005326   90.818649    0.538026    4.008208
   85.004393   90.804396    0.444969    3.132932
   85.003459   90.790164    0.452126    3.200416
   85.002524   90.775943    0.425764    2.952569
   85.001589   90.761733    0.436236    3.051237
   85.000653   90.747528    0.470402    3.372801
   84.999719   90.733323    0.419725    2.896212
   84.998784   90.719125    0.512693    3.770941
   84.997849   90.704936    0.555895    4.177508
   84.996913   90.690759    0.540497    4.032806
   84.995975   90.676597    0.429906    2.992593
   84.995037   90.662444    0.549365    4.116530
   84.994098   90.648298    0.488175    3.541053
   84.993158   90.634157    0.338521    2.133358
   84.992218   90.620024    0.266418    1.455205
   84.991277   90.605887    0.417137    2.873222
   84.990335   90.591746    0.480517    3.469614
   84.989392   90.577587    0.319815    1.957985
   84.988449   90.563400    0.316981    1.931478
   84.987505   90.549206    0.434811    3.040097
   84.986562   90.535009    0.495103    3.607438
   84.985619   90.520818    0.416539    2.868508
   84.984678   90.506641    0.476247    3.430351
   84.982796   90.478302    0.383971    2.562578
   84.980913   90.449964    0.456792    3.247938
   84.979972   90.435801    0.480225    3.468527
   84.979031   90.421652    0.497494    3.631136
   84.978089   90.407526    0.235168    1.163495
   84.977147   90.393432    0.503704    3.689853
   84.976204   90.379356    0.605717    4.649678
   84.975262   90.365292    0.466588    3.340990
   84.974319   90.351239    0.506190    3.713696
   84.973377   90.337192    0.355598    2.297176
   84.972434   90.323150    0.343915    2.187422
   84.971491   90.309113    0.422406    2.925959
   84.970548   90.295074    0.363174    2.368898
   84.968662   90.266983    0.376370    2.493339
   84.966773   90.238927    0.364702    2.383871
   84.965827   90.224932    0.524425    3.886590
   84.964880   90.210947    0.339117    2.143481
   84.963932   90.196968    0.316873    1.934381
   84.962984   90.182993    0.404840    2.762066
   84.962035   90.169016    0.350803    2.253875
   84.961086   90.155039    0.433673    3.033611
   84.960137   90.141062    0.484274    3.509781
   84.959187   90.127085    0.455524    3.239469
   84.958237   90.113105    0.550343    4.131613
   84.957287   90.099123    0.384474    2.571377
   84.956336   90.085135    0.339928    2.152475
   84.955384   90.071138    0.360851    2.349449
   84.953476   90.043112    0.286089    1.646441
   84.952521   90.029094    0.332007    2.078566
   84.951565   90.015075    0.370623    2.441985
   84.950609   90.001053    0.535694    3.995014
   84.949653   89.987037    0.304056    1.816068
   84.948698   89.973029    0.390967    2.633824
   84.947743   89.959038    0.324657    2.010177
   84.946790   89.945072    0.384721    2.575369
   84.945837   89.931119    0.420000    2.907401
   84.944885   89.917177    0.353357    2.280619
   84.943932   89.903241    0.383010    2.559727
   84.942979   89.889305    0.354728    2.293819
   84.942026   89.875381    0.358995    2.334106
   84.941073   89.861470    0.326280    2.026493
   84.940120   89.847579    0.324290    2.007923
   84.939168   89.833715    0.399694    2.717432
   84.938215   89.819866    0.246355    1.275066
   84.937263   89.806030    0.309634    1.870507
   84.936311   89.792206    0.198804    0.828039
   84.935359   89.778391    0.079550    0.169418
   84.933455   89.750777    0.222917    1.055331
   84.932502   89.736970    0.288940    1.676583
   84.931547   89.723158    0.322883    1.996041
   84.930591   89.709344    0.356149    2.309133
   84.929635   89.695524    0.131171    0.279354
   84.928677   89.681697    0.475034    3.427825
   84.927718   89.667858    0.427342    2.979326
   84.926758   89.654015    0.365674    2.399343
   84.925797   89.640171    0.402998    2.750613
   84.924835   89.626330    0.214557    0.978033
   84.923871   89.612498    0.313314    1.907227
   84.922907   89.598668    0.304893    1.828159
   84.921941   89.584841    0.434526    3.047815
   84.920008   89.557192    0.262767    1.432325
   84.919041   89.543372    0.328710    2.052820
   84.918075   89.529555    0.326639    2.033494
   84.917109   89.515743    0.373965    2.478851
   84.916145   89.501935    0.243959    1.255997
   84.915181   89.488135    0.344444    2.201439
   84.914219   89.474342    0.374339    2.482822
   84.912296   89.446780    0.331347    2.078685
   84.911335   89.433016    0.098822    0.210461
   84.910375   89.419266    0.069228    0.147434
   84.909414   89.405535    0.163521    0.500342
   84.908453   89.391829    0.204318    0.884279
   84.907491   89.378139    0.268486    1.488077
   84.906529   89.364464    0.260822    1.416138
   84.905567   89.350803    0.262291    1.430100
   84.904607   89.337159    0.298543    1.771287
   84.902685   89.309886    0.272407    1.525719
   84.901723   89.296246    0.316397    1.939694
   84.900760   89.282591    0.359793    2.348082
   84.899796   89.268934    0.388593    2.619171
   84.898830   89.255277    0.328394    2.053004
   84.896895   89.227973    0.000000    0.000000
   84.895926   89.214327    0.017649    0.037587
   84.894956   89.200684    0.051883    0.110496
   84.893986   89.187047    0.052006    0.110758
   84.893017   89.173416    0.161880    0.487460
   84.892047   89.159788    0.185896    0.713535
   84.891076   89.146159    0.282138    1.619061
   84.890105   89.132528    0.186122    0.715966
   84.889133   89.118889    0.315139    1.929815
   84.888160   89.105248    0.187569    0.729879
   84.887187   89.091607    0.346917    2.229067
   84.886212   89.077964    0.168394    0.549794
   84.885236   89.064322    0.379580    2.536641
   84.884260   89.050681    0.153277    0.407881
   84.882309   89.023407    0.228155    1.112589
   84.881334   89.009773    0.316060    1.939688
   84.880360   88.996147    0.251033    1.328114
   84.879387   88.982531    0.255287    1.368283
   84.878413   88.968930    0.264395    1.454109
   84.877440   88.955349    0.263075    1.441846
   84.876468   88.941782    0.281344    1.613856
   84.875495   88.928228    0.185766    0.714876
   84.873550   88.901159    0.252080    1.339018
   84.872577   88.887644    0.216451    1.004005
   84.871604   88.874140    0.250298    1.322563
   84.870631   88.860650    0.242846    1.252618
   84.869658   88.847174    0.304402    1.831849
   84.868685   88.833708    0.260693    1.420820
   84.867712   88.820254    0.336913    2.138003
   84.866740   88.806813    0.332534    2.096958
   84.865769   88.793391    0.213632    0.978558
   84.864798   88.779971    0.225034    1.085976
   84.863826   88.766551    0.159246    0.467241
   84.862853   88.753118    0.248525    1.307270
   84.861878   88.739658    0.131807    0.280708
   84.860902   88.726192    0.139452    0.296989
   84.858944   88.699255    0.363999    2.394194
   84.857963   88.685799    0.296136    1.755936
   84.856981   88.672341    0.291311    1.710707
   84.855997   88.658880    0.269666    1.507232
   84.855012   88.645407    0.393812    2.675277
   84.854026   88.631911    0.167068    0.542374
   84.853040   88.618414    0.305871    1.848296
   84.852053   88.604919    0.261632    1.432276
   84.851067   88.591438    0.320900    1.989992
   84.850082   88.577977    0.231754    1.151512
   84.849097   88.564530    0.256365    1.383192
   84.848112   88.551094    0.214296    0.987590
   84.847128   88.537669    0.352905    2.291686
   84.846145   88.524255    0.220501    1.046280
   84.845162   88.510853    0.283729    1.641240
   84.844179   88.497463    0.164223    0.517157
   84.843195   88.484085    0.245738    1.284150
   84.842211   88.470720    0.281674    1.622372
   84.841227   88.457367    0.252946    1.352265
   84.840243   88.444027    0.186782    0.729991
   84.839261   88.430699    0.136171    0.290003
   84.838282   88.417387    0.183150    0.696132
   84.837303   88.404084    0.311184    1.900745
   84.836324   88.390787    0.127784    0.272141
   84.835344   88.377494    0.285223    1.656829
   84.834362   88.364199    0.081814    0.174238
   84.833379   88.350906    0.256522    1.387140
   84.832395   88.337615    0.280979    1.617373
   84.831410   88.324325    0.390179    2.644804
   84.830423   88.311035    0.272524    1.538141
   84.829436   88.297746    0.284215    1.648277
   84.825481   88.244586    0.351176    2.278815
   84.824490   88.231291    0.277597    1.586790
   84.822505   88.204672    0.395182    2.693261
   84.821511   88.191355    0.320281    1.988794
   84.820516   88.178039    0.295630    1.757054
   84.819522   88.164730    0.438014    3.096662
   84.814550   88.098310    0.227910    1.120918
   84.809583   88.032088    0.393512    2.679563
   84.808591   88.018877    0.303841    1.836155
   84.807600   88.005669    0.246704    1.298801
   84.801664   87.926654    0.220069    1.049156
   84.800675   87.913537    0.121329    0.258393
   84.799685   87.900420    0.040945    0.087199
   84.798695   87.887297    0.008781    0.018700
   84.789740   87.769195    0.242556    1.262548
   84.785726   87.716718    0.251204    1.344521
   84.782721   87.677392    0.502634    3.710276
   84.781722   87.664285    0.000000    0.000000
   84.780722   87.651186    0.050109    0.106717
   84.770707   87.520729    0.426600    2.996849
   84.769709   87.507715    0.282516    1.641551
   84.768710   87.494711    0.507198    3.755363
   84.767711   87.481721    0.393268    2.683743
   84.766711   87.468751    0.341662    2.198422
   84.765709   87.455791    0.349656    2.273772
   84.764707   87.442841    0.526316    3.935825
   84.763704   87.429898    0.210755    0.967393
   84.762700   87.416959    0.465709    3.365984
   84.761695   87.404024    0.311687    1.917206
   84.760690   87.391089    0.427037    3.002495
   84.759685   87.378150    0.364353    2.412959
   84.758682   87.365203    0.456069    3.275920
   84.757679   87.352254    0.424045    2.974806
   84.756675   87.339307    0.310392    1.905786
   84.755670   87.326365    0.425289    2.986823
   84.753656   87.300503    0.485876    3.557088
   84.752647   87.287571    0.477419    3.477690
   84.751636   87.274633    0.422269    2.959031
   84.750623   87.261681    0.403863    2.786031
   84.749609   87.248727    0.391405    2.668989
   84.748595   87.235774    0.506445    3.751362
   84.732404   87.029585    0.357153    2.349390
   84.731395   87.016777    0.373764    2.505810
   84.730386   87.003977    0.331085    2.104471
   84.729376   86.991184    0.374747    2.515365
   84.728366   86.978395    0.187365    0.752748
   84.727356   86.965612    0.512469    3.811269
   84.726348   86.952833    0.327994    2.076008
   84.725339   86.940056    0.421117    2.952199
   84.724329   86.927283    0.374310    2.512030
   84.723317   86.914512    0.384511    2.608151
   84.722302   86.901745    0.299533    1.808898
   84.721285   86.888977    0.182864    0.711510
   84.720267   86.876205    0.445121    3.178805
   84.719248   86.863423    0.335258    2.145449
   84.718228   86.850623    0.379081    2.557868
   84.703935   86.672151    0.429134    3.030948
   84.691703   86.520360    0.384758    2.615381
   84.690681   86.507761    0.381562    2.585473
   84.689661   86.495150    0.398960    2.749295
